# lambda zeropoint
3900.000 14.12
3901.638 14.17
3903.277 15.21
3904.915 16.21
3906.554 16.78
3908.192 17.07
3909.831 17.34
3911.469 17.56
3913.108 17.73
3914.746 17.86
3916.385 17.97
3918.023 18.04
3919.661 18.09
3921.300 18.08
3922.938 18.05
3924.577 18.03
3926.215 18.02
3927.854 17.96
3929.492 17.88
3931.131 17.76
3932.769 17.51
3934.407 17.37
3936.046 17.57
3937.684 17.80
3939.323 17.96
3940.961 18.09
3942.600 18.19
3944.238 18.27
3945.877 18.31
3947.515 18.32
3949.154 18.32
3950.792 18.30
3952.430 18.23
3954.069 18.16
3955.707 18.06
3957.346 17.92
3958.984 17.73
3960.623 17.65
3962.261 17.84
3963.900 17.97
3965.538 18.07
3967.177 18.11
3968.815 18.09
3970.453 18.09
3972.092 18.25
3973.730 18.32
3975.369 18.34
3977.007 18.32
3978.646 18.27
3980.284 18.19
3981.923 18.05
3983.561 17.92
3985.200 17.73
3986.838 17.75
3988.476 17.94
3990.115 18.10
3991.753 18.22
3993.392 18.31
3995.030 18.38
3996.669 18.43
3998.307 18.45
3999.946 18.46
4001.584 18.44
4003.222 18.38
4004.861 18.30
4006.499 18.23
4008.138 18.12
4009.776 17.97
4011.415 17.79
4013.053 17.82
4014.692 18.00
4016.330 18.14
4017.969 18.27
4019.607 18.34
4021.245 18.40
4022.884 18.40
4024.522 18.36
4026.161 18.30
4027.799 18.39
4029.438 18.40
4031.076 18.37
4032.715 18.30
4034.353 18.21
4035.992 18.07
4037.630 17.91
4039.268 17.86
4040.907 18.05
4042.545 18.20
4044.184 18.33
4045.822 18.43
4047.461 18.50
4049.099 18.56
4050.738 18.59
4052.376 18.60
4054.015 18.60
4055.653 18.56
4057.291 18.46
4058.930 18.39
4060.568 18.33
4062.207 18.20
4063.845 18.04
4065.484 17.87
4067.122 18.04
4068.761 18.20
4070.399 18.34
4072.037 18.46
4073.676 18.52
4075.314 18.58
4076.953 18.63
4078.591 18.66
4080.230 18.66
4081.868 18.63
4083.507 18.60
4085.145 18.54
4086.784 18.45
4088.422 18.33
4090.060 18.20
4091.699 18.03
4093.337 17.95
4094.976 18.11
4096.614 18.19
4098.253 18.22
4099.891 18.27
4101.530 18.28
4103.168 18.40
4104.807 18.56
4106.445 18.67
4108.083 18.70
4109.722 18.71
4111.360 18.67
4112.999 18.60
4114.637 18.52
4116.276 18.41
4117.914 18.27
4119.553 18.09
4121.191 18.04
4122.830 18.22
4124.468 18.36
4126.106 18.47
4127.745 18.56
4129.383 18.63
4131.022 18.68
4132.660 18.70
4134.299 18.72
4135.937 18.71
4137.576 18.68
4139.214 18.64
4140.852 18.58
4142.491 18.48
4144.129 18.37
4145.768 18.25
4147.406 18.10
4149.045 18.01
4150.683 18.18
4152.322 18.32
4153.960 18.44
4155.599 18.53
4157.237 18.61
4158.875 18.66
4160.514 18.70
4162.152 18.72
4163.791 18.73
4165.429 18.71
4167.068 18.67
4168.706 18.61
4170.345 18.54
4171.983 18.45
4173.622 18.33
4175.260 18.18
4176.898 18.02
4178.537 18.13
4180.175 18.28
4181.814 18.40
4183.452 18.51
4185.091 18.58
4186.729 18.64
4188.368 18.69
4190.006 18.71
4191.644 18.71
4193.283 18.69
4194.921 18.64
4196.560 18.55
4198.198 18.42
4199.837 18.26
4201.475 18.22
4203.114 18.16
4204.752 18.06
4206.391 17.99
4208.029 18.17
4209.667 18.31
4211.306 18.42
4212.944 18.52
4214.583 18.62
4216.221 18.66
4217.860 18.71
4219.498 18.73
4221.137 18.73
4222.775 18.71
4224.414 18.68
4226.052 18.65
4227.690 18.57
4229.329 18.49
4230.967 18.39
4232.606 18.26
4234.244 18.11
4235.883 18.08
4237.521 18.23
4239.160 18.36
4240.798 18.48
4242.437 18.57
4244.075 18.64
4245.713 18.70
4247.352 18.73
4248.990 18.75
4250.629 18.76
4252.267 18.74
4253.906 18.70
4255.544 18.66
4257.183 18.59
4258.821 18.51
4260.459 18.42
4262.098 18.30
4263.736 18.15
4265.375 18.10
4267.013 18.25
4268.652 18.38
4270.290 18.49
4271.929 18.58
4273.567 18.65
4275.206 18.71
4276.844 18.75
4278.482 18.78
4280.121 18.79
4281.759 18.77
4283.398 18.75
4285.036 18.71
4286.675 18.64
4288.313 18.56
4289.952 18.45
4291.590 18.34
4293.229 18.22
4294.867 18.08
4296.505 18.24
4298.144 18.38
4299.782 18.49
4301.421 18.59
4303.059 18.67
4304.698 18.73
4306.336 18.77
4307.975 18.81
4309.613 18.82
4311.252 18.82
4312.890 18.79
4314.528 18.76
4316.167 18.72
4317.805 18.66
4319.444 18.57
4321.082 18.46
4322.721 18.35
4324.359 18.22
4325.998 18.23
4327.636 18.37
4329.274 18.49
4330.913 18.59
4332.551 18.66
4334.190 18.71
4335.828 18.72
4337.467 18.64
4339.105 18.56
4340.744 18.57
4342.382 18.68
4344.021 18.77
4345.659 18.76
4347.297 18.72
4348.936 18.66
4350.574 18.57
4352.213 18.47
4353.851 18.35
4355.490 18.20
4357.128 18.25
4358.767 18.39
4360.405 18.50
4362.044 18.61
4363.682 18.69
4365.320 18.76
4366.959 18.81
4368.597 18.85
4370.236 18.88
4371.874 18.88
4373.513 18.87
4375.151 18.84
4376.790 18.79
4378.428 18.72
4380.067 18.64
4381.705 18.57
4383.343 18.48
4384.982 18.35
4386.620 18.20
4388.259 18.21
4389.897 18.38
4391.536 18.50
4393.174 18.60
4394.813 18.69
4396.451 18.76
4398.089 18.82
4399.728 18.86
4401.366 18.88
4403.005 18.89
4404.643 18.89
4406.282 18.87
4407.920 18.83
4409.559 18.78
4411.197 18.71
4412.836 18.63
4414.474 18.53
4416.112 18.42
4417.751 18.30
4419.389 18.20
4421.028 18.36
4422.666 18.48
4424.305 18.58
4425.943 18.67
4427.582 18.75
4429.220 18.82
4430.859 18.87
4432.497 18.89
4434.135 18.91
4435.774 18.92
4437.412 18.90
4439.051 18.87
4440.689 18.82
4442.328 18.76
4443.966 18.70
4445.605 18.61
4447.243 18.51
4448.881 18.40
4450.520 18.26
4452.158 18.27
4453.797 18.40
4455.435 18.50
4457.074 18.60
4458.712 18.70
4460.351 18.78
4461.989 18.83
4463.628 18.88
4465.266 18.90
4466.904 18.91
4468.543 18.90
4470.181 18.83
4471.820 18.69
4473.458 18.76
4475.097 18.76
4476.735 18.69
4478.374 18.60
4480.012 18.49
4481.651 18.36
4483.289 18.24
4484.927 18.26
4486.566 18.39
4488.204 18.50
4489.843 18.61
4491.481 18.69
4493.120 18.77
4494.758 18.83
4496.397 18.86
4498.035 18.89
4499.674 18.91
4501.312 18.91
4502.950 18.89
4504.589 18.87
4506.227 18.83
4507.866 18.77
4509.504 18.69
4511.143 18.61
4512.781 18.51
4514.420 18.40
4516.058 18.27
4517.696 18.20
4519.335 18.35
4520.973 18.48
4522.612 18.57
4524.250 18.66
4525.889 18.74
4527.527 18.80
4529.166 18.84
4530.804 18.86
4532.443 18.88
4534.081 18.87
4535.719 18.86
4537.358 18.79
4538.996 18.68
4540.635 18.54
4542.273 18.44
4543.912 18.50
4545.550 18.48
4547.189 18.41
4548.827 18.31
4550.466 18.20
4552.104 18.27
4553.742 18.40
4555.381 18.51
4557.019 18.60
4558.658 18.69
4560.296 18.76
4561.935 18.83
4563.573 18.87
4565.212 18.89
4566.850 18.91
4568.489 18.91
4570.127 18.90
4571.765 18.88
4573.404 18.84
4575.042 18.78
4576.681 18.72
4578.319 18.65
4579.958 18.55
4581.596 18.45
4583.235 18.32
4584.873 18.18
4586.511 18.31
4588.150 18.44
4589.788 18.54
4591.427 18.63
4593.065 18.71
4594.704 18.78
4596.342 18.84
4597.981 18.89
4599.619 18.91
4601.258 18.92
4602.896 18.92
4604.534 18.91
4606.173 18.88
4607.811 18.85
4609.450 18.79
4611.088 18.74
4612.727 18.67
4614.365 18.59
4616.004 18.49
4617.642 18.37
4619.281 18.23
4620.919 18.31
4622.557 18.44
4624.196 18.56
4625.834 18.66
4627.473 18.73
4629.111 18.80
4630.750 18.85
4632.388 18.90
4634.027 18.97
4635.665 18.98
4637.304 18.97
4638.942 18.97
4640.580 18.95
4642.219 18.91
4643.857 18.88
4645.496 18.82
4647.134 18.75
4648.773 18.68
4650.411 18.58
4652.050 18.47
4653.688 18.33
4655.326 18.29
4656.965 18.43
4658.603 18.55
4660.242 18.65
4661.880 18.74
4663.519 18.82
4665.157 18.88
4666.796 18.92
4668.434 18.96
4670.073 18.99
4671.711 18.99
4673.349 18.99
4674.988 18.97
4676.626 18.95
4678.265 18.91
4679.903 18.84
4681.542 18.75
4683.180 18.59
4684.819 18.38
4686.457 18.23
4688.096 18.31
4689.734 18.25
4691.372 18.30
4693.011 18.45
4694.649 18.57
4696.288 18.67
4697.926 18.76
4699.565 18.84
4701.203 18.91
4702.842 18.95
4704.480 18.99
4706.119 19.01
4707.757 19.02
4709.395 19.02
4711.034 19.00
4712.672 18.97
4714.311 18.92
4715.949 18.91
4717.588 18.85
4719.226 18.78
4720.865 18.70
4722.503 18.60
4724.141 18.49
4725.780 18.36
4727.418 18.35
4729.057 18.48
4730.695 18.59
4732.334 18.69
4733.972 18.78
4735.611 18.85
4737.249 18.92
4738.888 18.97
4740.526 19.00
4742.164 19.03
4743.803 19.05
4745.441 19.05
4747.080 19.04
4748.718 19.02
4750.357 18.99
4751.995 18.96
4753.634 18.90
4755.272 18.83
4756.911 18.75
4758.549 18.66
4760.187 18.55
4761.826 18.43
4763.464 18.31
4765.103 18.44
4766.741 18.56
4768.380 18.67
4770.018 18.76
4771.657 18.84
4773.295 18.90
4774.933 18.96
4776.572 19.00
4778.210 19.04
4779.849 19.06
4781.487 19.07
4783.126 19.07
4784.764 19.06
4786.403 19.03
4788.041 19.02
4789.680 18.96
4791.318 18.90
4792.956 18.83
4794.595 18.76
4796.233 18.66
4797.872 18.56
4799.510 18.44
4801.149 18.34
4802.787 18.47
4804.426 18.60
4806.064 18.69
4807.703 18.79
4809.341 18.87
4810.979 18.93
4812.618 18.98
4814.256 19.02
4815.895 19.06
4817.533 19.07
4819.172 19.09
4820.810 19.09
4822.449 19.08
4824.087 19.07
4825.726 19.03
4827.364 18.99
4829.002 18.93
4830.641 18.87
4832.279 18.79
4833.918 18.69
4835.556 18.59
4837.195 18.47
4838.833 18.34
4840.472 18.47
4842.110 18.60
4843.748 18.70
4845.387 18.79
4847.025 18.87
4848.664 18.93
4850.302 18.99
4851.941 19.03
4853.579 19.04
4855.218 19.03
4856.856 18.97
4858.495 18.87
4860.133 18.76
4861.771 18.77
4863.410 18.90
4865.048 18.97
4866.687 18.96
4868.325 18.91
4869.964 18.85
4871.602 18.78
4873.241 18.68
4874.879 18.57
4876.518 18.45
4878.156 18.42
4879.794 18.53
4881.433 18.64
4883.071 18.73
4884.710 18.81
4886.348 18.88
4887.987 18.94
4889.625 18.99
4891.264 19.02
4892.902 19.06
4894.541 19.08
4896.179 19.10
4897.817 19.10
4899.456 19.10
4901.094 19.08
4902.733 19.05
4904.371 19.00
4906.010 18.96
4907.648 18.88
4909.287 18.82
4910.925 18.73
4912.563 18.63
4914.202 18.53
4915.840 18.41
4917.479 18.40
4919.117 18.50
4920.756 18.58
4922.394 18.66
4924.033 18.79
4925.671 18.86
4927.310 18.92
4928.948 18.98
4930.586 19.02
4932.225 19.05
4933.863 19.08
4935.502 19.09
4937.140 19.09
4938.779 19.09
4940.417 19.07
4942.056 19.05
4943.694 19.01
4945.333 18.95
4946.971 18.89
4948.609 18.82
4950.248 18.74
4951.886 18.65
4953.525 18.55
4955.163 18.44
4956.802 18.35
4958.440 18.47
4960.079 18.57
4961.717 18.67
4963.356 18.76
4964.994 18.83
4966.632 18.90
4968.271 18.95
4969.909 19.00
4971.548 19.04
4973.186 19.06
4974.825 19.08
4976.463 19.09
4978.102 19.09
4979.740 19.09
4981.378 19.06
4983.017 19.02
4984.655 18.97
4986.294 18.93
4987.932 18.86
4989.571 18.80
4991.209 18.71
4992.848 18.61
4994.486 18.51
4996.125 18.25
4997.763 18.39
4999.401 18.50
5001.040 18.60
5002.678 18.70
5004.317 18.78
5005.955 18.86
5007.594 18.91
5009.232 18.96
5010.871 19.01
5012.509 19.05
5014.148 19.07
5015.786 19.04
5017.424 19.09
5019.063 19.11
5020.701 19.09
5022.340 19.06
5023.978 19.03
5025.617 18.99
5027.255 18.93
5028.894 18.88
5030.532 18.81
5032.170 18.72
5033.809 18.64
5035.447 18.53
5037.086 18.41
5038.724 18.38
5040.363 18.50
5042.001 18.61
5043.640 18.70
5045.278 18.78
5046.917 18.85
5048.555 18.92
5050.193 18.98
5051.832 19.02
5053.470 19.06
5055.109 19.09
5056.747 19.10
5058.386 19.11
5060.024 19.13
5061.663 19.12
5063.301 19.10
5064.940 19.07
5066.578 19.03
5068.216 18.98
5069.855 18.92
5071.493 18.86
5073.132 18.78
5074.770 18.70
5076.409 18.60
5078.047 18.22
5079.686 18.35
5081.324 18.47
5082.963 18.58
5084.601 18.68
5086.239 18.77
5087.878 18.85
5089.516 18.93
5091.155 18.98
5092.793 19.03
5094.432 19.08
5096.070 19.11
5097.709 19.13
5099.347 19.15
5100.985 19.17
5102.624 19.17
5104.262 19.15
5105.901 19.13
5107.539 19.10
5109.178 19.06
5110.816 19.01
5112.455 18.96
5114.093 18.88
5115.732 18.80
5117.370 18.72
5119.008 18.62
5120.647 18.52
5122.285 18.41
5123.924 18.52
5125.562 18.63
5127.201 18.73
5128.839 18.82
5130.478 18.89
5132.116 18.96
5133.755 19.03
5135.393 19.07
5137.031 19.11
5138.670 19.14
5140.308 19.17
5141.947 19.20
5143.585 19.21
5145.224 19.20
5146.862 19.19
5148.501 19.17
5150.139 19.14
5151.778 19.10
5153.416 19.06
5155.054 19.00
5156.693 18.94
5158.331 18.87
5159.970 18.79
5161.608 18.69
5163.247 18.58
5164.885 18.40
5166.524 18.52
5168.162 18.63
5169.800 18.73
5171.439 18.82
5173.077 18.90
5174.716 18.98
5176.354 19.04
5177.993 19.08
5179.631 19.13
5181.270 19.16
5182.908 19.19
5184.547 19.22
5186.185 19.24
5187.823 19.24
5189.462 19.24
5191.100 19.22
5192.739 19.19
5194.377 19.16
5196.016 19.12
5197.654 19.07
5199.293 18.99
5200.931 18.93
5202.570 18.85
5204.208 18.75
5205.846 18.67
5207.485 18.59
5209.123 18.46
5210.762 18.57
5212.400 18.67
5214.039 18.78
5215.677 18.87
5217.316 18.94
5218.954 19.01
5220.593 19.07
5222.231 19.11
5223.869 19.16
5225.508 19.19
5227.146 19.22
5228.785 19.25
5230.423 19.27
5232.062 19.28
5233.700 19.26
5235.339 19.24
5236.977 19.22
5238.615 19.19
5240.254 19.15
5241.892 19.10
5243.531 19.04
5245.169 18.98
5246.808 18.90
5248.446 18.82
5250.085 18.73
5251.723 18.63
5253.362 18.46
5255.000 18.57
5256.638 18.68
5258.277 18.77
5259.915 18.86
5261.554 18.95
5263.192 19.02
5264.831 19.07
5266.469 19.12
5268.108 19.17
5269.746 19.20
5271.385 19.24
5273.023 19.27
5274.661 19.28
5276.300 19.28
5277.938 19.29
5279.577 19.27
5281.215 19.25
5282.854 19.23
5284.492 19.19
5286.131 19.14
5287.769 19.09
5289.407 19.04
5291.046 18.97
5292.684 18.89
5294.323 18.82
5295.961 18.71
5297.600 18.62
5299.238 18.48
5300.877 18.59
5302.515 18.69
5304.154 18.78
5305.792 18.87
5307.430 18.94
5309.069 19.01
5310.707 19.07
5312.346 19.12
5313.984 19.16
5315.623 19.20
5317.261 19.23
5318.900 19.27
5320.538 19.30
5322.177 19.29
5323.815 19.27
5325.453 19.27
5327.092 19.26
5328.730 19.23
5330.369 19.18
5332.007 19.14
5333.646 19.09
5335.284 19.04
5336.923 18.98
5338.561 18.90
5340.200 18.82
5341.838 18.74
5343.476 18.64
5345.115 18.42
5346.753 18.53
5348.392 18.63
5350.030 18.74
5351.669 18.82
5353.307 18.90
5354.946 18.97
5356.584 19.03
5358.222 19.07
5359.861 19.12
5361.499 19.17
5363.138 19.21
5364.776 19.24
5366.415 19.25
5368.053 19.26
5369.692 19.27
5371.330 19.25
5372.969 19.23
5374.607 19.21
5376.245 19.19
5377.884 19.16
5379.522 19.10
5381.161 19.05
5382.799 19.00
5384.438 18.93
5386.076 18.85
5387.715 18.77
5389.353 18.68
5390.992 18.58
5392.630 18.42
5394.268 18.52
5395.907 18.62
5397.545 18.71
5399.184 18.79
5400.822 18.86
5402.461 18.92
5404.099 18.96
5405.738 19.00
5407.376 19.00
5409.015 18.96
5410.653 18.90
5412.291 18.89
5413.930 19.05
5415.568 19.13
5417.207 19.17
5418.845 19.18
5420.484 19.19
5422.122 19.18
5423.761 19.15
5425.399 19.12
5427.037 19.08
5428.676 19.03
5430.314 18.98
5431.953 18.92
5433.591 18.85
5435.230 18.76
5436.868 18.67
5438.507 18.23
5440.145 18.35
5441.784 18.45
5443.422 18.56
5445.060 18.66
5446.699 18.74
5448.337 18.82
5449.976 18.89
5451.614 18.95
5453.253 19.01
5454.891 19.06
5456.530 19.10
5458.168 19.13
5459.807 19.17
5461.445 19.19
5463.083 19.20
5464.722 19.20
5466.360 19.20
5467.999 19.19
5469.637 19.18
5471.276 19.16
5472.914 19.13
5474.553 19.09
5476.191 19.05
5477.830 18.99
5479.468 18.94
5481.106 18.87
5482.745 18.80
5484.383 18.72
5486.022 18.63
5487.660 18.54
5489.299 18.35
5490.937 18.46
5492.576 18.56
5494.214 18.65
5495.852 18.74
5497.491 18.82
5499.129 18.88
5500.768 18.94
5502.406 19.00
5504.045 19.05
5505.683 19.09
5507.322 19.13
5508.960 19.16
5510.599 19.18
5512.237 19.19
5513.875 19.20
5515.514 19.19
5517.152 19.18
5518.791 19.16
5520.429 19.15
5522.068 19.13
5523.706 19.09
5525.345 19.04
5526.983 18.99
5528.622 18.94
5530.260 18.89
5531.898 18.81
5533.537 18.74
5535.175 18.65
5536.814 18.56
5538.452 18.30
5540.091 18.41
5541.729 18.52
5543.368 18.61
5545.006 18.70
5546.644 18.78
5548.283 18.85
5549.921 18.91
5551.560 18.96
5553.198 19.02
5554.837 19.07
5556.475 19.12
5558.114 19.15
5559.752 19.17
5561.391 19.18
5563.029 19.19
5564.667 19.19
5566.306 19.19
5567.944 19.19
5569.583 19.16
5571.221 19.15
5572.860 19.12
5574.498 19.08
5576.137 19.03
5577.775 18.99
5579.414 18.93
5581.052 18.87
5582.690 18.80
5584.329 18.72
5585.967 18.65
5587.606 18.56
5589.244 18.32
5590.883 18.43
5592.521 18.53
5594.160 18.63
5595.798 18.71
5597.437 18.79
5599.075 18.86
5600.713 18.92
5602.352 18.98
5603.990 19.04
5605.629 19.08
5607.267 19.12
5608.906 19.15
5610.544 19.17
5612.183 19.19
5613.821 19.20
5615.459 19.21
5617.098 19.20
5618.736 19.19
5620.375 19.18
5622.013 19.16
5623.652 19.13
5625.290 19.10
5626.929 19.06
5628.567 19.02
5630.206 18.96
5631.844 18.90
5633.482 18.84
5635.121 18.76
5636.759 18.68
5638.398 18.18
5640.036 18.29
5641.675 18.41
5643.313 18.50
5644.952 18.59
5646.590 18.68
5648.229 18.77
5649.867 18.83
5651.505 18.90
5653.144 18.96
5654.782 19.02
5656.421 19.07
5658.059 19.12
5659.698 19.15
5661.336 19.18
5662.975 19.20
5664.613 19.21
5666.252 19.22
5667.890 19.23
5669.528 19.21
5671.167 19.21
5672.805 19.20
5674.444 19.17
5676.082 19.14
5677.721 19.10
5679.359 19.06
5680.998 19.02
5682.636 18.97
5684.274 18.91
5685.913 18.84
5687.551 18.77
5689.190 18.69
5690.828 18.61
5692.467 18.29
5694.105 18.39
5695.744 18.50
5697.382 18.59
5699.021 18.67
5700.659 18.75
5702.297 18.82
5703.936 18.89
5705.574 18.94
5707.213 19.01
5708.851 19.07
5710.490 19.11
5712.128 19.14
5713.767 19.17
5715.405 19.19
5717.044 19.20
5718.682 19.21
5720.320 19.21
5721.959 19.21
5723.597 19.20
5725.236 19.19
5726.874 19.17
5728.513 19.15
5730.151 19.11
5731.790 19.08
5733.428 19.04
5735.067 18.99
5736.705 18.94
5738.343 18.87
5739.982 18.80
5741.620 18.73
5743.259 18.66
5744.897 18.22
5746.536 18.33
5748.174 18.44
5749.813 18.53
5751.451 18.61
5753.089 18.69
5754.728 18.77
5756.366 18.83
5758.005 18.89
5759.643 18.96
5761.282 19.02
5762.920 19.07
5764.559 19.11
5766.197 19.15
5767.836 19.17
5769.474 19.18
5771.112 19.19
5772.751 19.20
5774.389 19.20
5776.028 19.20
5777.666 19.19
5779.305 19.18
5780.943 19.16
5782.582 19.14
5784.220 19.10
5785.859 19.08
5787.497 19.03
5789.135 18.98
5790.774 18.93
5792.412 18.87
5794.051 18.81
5795.689 18.74
5797.328 18.66
5798.966 18.18
5800.605 18.28
5802.243 18.38
5803.881 18.48
5805.520 18.58
5807.158 18.66
5808.797 18.73
5810.435 18.79
5812.074 18.85
5813.712 18.93
5815.351 18.99
5816.989 19.04
5818.628 19.08
5820.266 19.10
5821.904 19.14
5823.543 19.16
5825.181 19.17
5826.820 19.18
5828.458 19.19
5830.097 19.20
5831.735 19.19
5833.374 19.17
5835.012 19.16
5836.651 19.14
5838.289 19.11
5839.927 19.09
5841.566 19.05
5843.204 19.00
5844.843 18.95
5846.481 18.89
5848.120 18.83
5849.758 18.78
5851.397 18.71
5853.035 18.63
5854.674 18.16
5856.312 18.27
5857.950 18.38
5859.589 18.46
5861.227 18.55
5862.866 18.63
5864.504 18.71
5866.143 18.76
5867.781 18.83
5869.420 18.89
5871.058 18.95
5872.696 18.97
5874.335 18.93
5875.973 18.77
5877.612 19.02
5879.250 19.11
5880.889 19.13
5882.527 19.13
5884.166 19.13
5885.804 19.13
5887.443 19.12
5889.081 19.11
5890.719 19.05
5892.358 18.97
5893.996 19.05
5895.635 19.03
5897.273 18.95
5898.912 18.91
5900.550 18.90
5902.189 18.84
5903.827 18.78
5905.466 18.73
5907.104 18.67
5908.742 18.59
5910.381 18.02
5912.019 18.13
5913.658 18.24
5915.296 18.34
5916.935 18.42
5918.573 18.50
5920.212 18.56
5921.850 18.64
5923.489 18.70
5925.127 18.76
5926.765 18.84
5928.404 18.91
5930.042 18.94
5931.681 18.96
5933.319 18.99
5934.958 19.02
5936.596 19.04
5938.235 19.05
5939.873 19.06
5941.511 19.05
5943.150 19.04
5944.788 19.04
5946.427 19.04
5948.065 19.01
5949.704 19.01
5951.342 18.98
5952.981 18.96
5954.619 18.93
5956.258 18.88
5957.896 18.84
5959.534 18.78
5961.173 18.73
5962.811 18.67
5964.450 18.60
5966.088 18.53
5967.727 18.45
5969.365 18.02
5971.004 18.13
5972.642 18.23
5974.281 18.31
5975.919 18.40
5977.557 18.48
5979.196 18.55
5980.834 18.61
5982.473 18.68
5984.111 18.76
5985.750 18.80
5987.388 18.84
5989.027 18.86
5990.665 18.89
5992.304 18.93
5993.942 18.94
5995.580 18.96
5997.219 18.97
5998.857 18.98
6000.496 18.99
6002.134 18.99
6003.773 18.97
6005.411 18.96
6007.050 18.95
6008.688 18.93
6010.326 18.90
6011.965 18.87
6013.603 18.84
6015.242 18.79
6016.880 18.75
6018.519 18.70
6020.157 18.64
6021.796 18.58
6023.434 18.52
6025.073 18.44
6026.711 17.86
6028.349 17.95
6029.988 18.06
6031.626 18.16
6033.265 18.23
6034.903 18.31
6036.542 18.39
6038.180 18.47
6039.819 18.53
6041.457 18.60
6043.096 18.67
6044.734 18.72
6046.372 18.75
6048.011 18.78
6049.649 18.81
6051.288 18.83
6052.926 18.86
6054.565 18.88
6056.203 18.89
6057.842 18.90
6059.480 18.90
6061.119 18.90
6062.757 18.89
6064.395 18.88
6066.034 18.87
6067.672 18.85
6069.311 18.82
6070.949 18.79
6072.588 18.76
6074.226 18.71
6075.865 18.68
6077.503 18.63
6079.141 18.57
6080.780 18.52
6082.418 18.46
6084.057 18.40
6085.695 18.32
6087.334 17.79
6088.972 17.90
6090.611 18.01
6092.249 18.10
6093.888 18.18
6095.526 18.26
6097.164 18.34
6098.803 18.41
6100.441 18.47
6102.080 18.54
6103.718 18.59
6105.357 18.63
6106.995 18.66
6108.634 18.69
6110.272 18.72
6111.911 18.75
6113.549 18.76
6115.187 18.78
6116.826 18.79
6118.464 18.79
6120.103 18.81
6121.741 18.80
6123.380 18.80
6125.018 18.79
6126.657 18.78
6128.295 18.76
6129.933 18.74
6131.572 18.71
6133.210 18.68
6134.849 18.65
6136.487 18.61
6138.126 18.56
6139.764 18.52
6141.403 18.45
6143.041 18.39
6144.680 18.33
6146.318 17.59
6147.956 17.70
6149.595 17.79
6151.233 17.89
6152.872 17.99
6154.510 18.08
6156.149 18.15
6157.787 18.23
6159.426 18.29
6161.064 18.37
6162.703 18.43
6164.341 18.48
6165.979 18.52
6167.618 18.56
6169.256 18.59
6170.895 18.62
6172.533 18.65
6174.172 18.67
6175.810 18.70
6177.449 18.71
6179.087 18.72
6180.726 18.74
6182.364 18.75
6184.002 18.74
6185.641 18.74
6187.279 18.73
6188.918 18.71
6190.556 18.69
6192.195 18.68
6193.833 18.65
6195.472 18.61
6197.110 18.58
6198.748 18.54
6200.387 18.50
6202.025 18.45
6203.664 18.39
6205.302 18.33
6206.941 18.27
6208.579 0.20
6210.218 17.62
6211.856 17.72
6213.495 17.82
6215.133 17.92
6216.771 18.00
6218.410 18.07
6220.048 18.17
6221.687 18.22
6223.325 18.29
6224.964 18.35
6226.602 18.39
6228.241 18.43
6229.879 18.47
6231.518 18.49
6233.156 18.53
6234.794 18.56
6236.433 18.58
6238.071 18.61
6239.710 18.63
6241.348 18.65
6242.987 18.65
6244.625 18.65
6246.264 18.66
6247.902 18.66
6249.541 18.64
6251.179 18.63
6252.817 18.62
6254.456 18.59
6256.094 18.58
6257.733 18.54
6259.371 18.51
6261.010 18.47
6262.648 18.43
6264.287 18.40
6265.925 18.35
6267.563 18.30
6269.202 18.25
6270.840 18.18
6272.479 0.20
6274.117 17.56
6275.756 17.66
6277.394 17.74
6279.033 17.78
6280.671 17.85
6282.310 17.98
6283.948 18.08
6285.586 18.15
6287.225 18.22
6288.863 18.28
6290.502 18.32
6292.140 18.36
6293.779 18.38
6295.417 18.41
6297.056 18.43
6298.694 18.45
6300.333 18.47
6301.971 18.50
6303.609 18.49
6305.248 18.51
6306.886 18.50
6308.525 18.49
6310.163 18.50
6311.802 18.48
6313.440 18.48
6315.079 18.48
6316.717 18.47
6318.356 18.45
6319.994 18.43
6321.632 18.41
6323.271 18.38
6324.909 18.35
6326.548 18.31
6328.186 18.30
6329.825 18.29
6331.463 18.25
6333.102 18.20
6334.740 18.15
6336.378 0.20
6338.017 17.42
6339.655 17.53
6341.294 17.63
6342.932 17.72
6344.571 17.81
6346.209 17.90
6347.848 17.97
6349.486 18.04
6351.125 18.10
6352.763 18.15
6354.401 18.18
6356.040 18.21
6357.678 18.25
6359.317 18.28
6360.955 18.31
6362.594 18.33
6364.232 18.35
6365.871 18.37
6367.509 18.38
6369.148 18.39
6370.786 18.39
6372.424 18.40
6374.063 18.40
6375.701 18.40
6377.340 18.39
6378.978 18.34
6380.617 18.30
6382.255 18.31
6383.894 18.33
6385.532 18.30
6387.170 18.28
6388.809 18.25
6390.447 18.22
6392.086 18.18
6393.724 18.17
6395.363 18.17
6397.001 18.16
6398.640 18.13
6400.278 18.08
6401.917 18.00
6403.555 0.20
6405.193 0.20
6406.832 17.44
6408.470 17.54
6410.109 17.63
6411.747 17.72
6413.386 17.80
6415.024 17.87
6416.663 17.93
6418.301 17.99
6419.940 18.03
6421.578 18.04
6423.216 18.07
6424.855 18.10
6426.493 18.13
6428.132 18.15
6429.770 18.18
6431.409 18.19
6433.047 18.20
6434.686 18.21
6436.324 18.21
6437.963 18.22
6439.601 18.23
6441.239 18.23
6442.878 18.23
6444.516 18.22
6446.155 18.21
6447.793 18.19
6449.432 18.17
6451.070 18.16
6452.709 18.14
6454.347 18.12
6455.985 18.09
6457.624 18.06
6459.262 18.02
6460.901 18.01
6462.539 18.04
6464.178 18.06
6465.816 18.06
6467.455 18.01
6469.093 17.95
6470.732 0.20
6472.370 0.20
6474.008 17.31
6475.647 17.40
6477.285 17.47
6478.924 17.55
6480.562 17.64
6482.201 17.70
6483.839 17.78
6485.478 17.80
6487.116 17.82
6488.755 17.85
6490.393 17.87
6492.031 17.89
6493.670 17.90
6495.308 17.93
6496.947 17.95
6498.585 17.95
6500.224 17.97
6501.862 17.98
6503.501 17.97
6505.139 17.97
6506.778 17.97
6508.416 17.97
6510.054 17.96
6511.693 17.96
6513.331 17.94
6514.970 17.92
6516.608 17.89
6518.247 17.87
6519.885 17.88
6521.524 17.86
6523.162 17.83
6524.800 17.79
6526.439 17.75
6528.077 17.73
6529.716 17.75
6531.354 17.83
6532.993 17.87
6534.631 17.89
6536.270 17.88
6537.908 17.83
6539.547 17.77
6541.185 0.20
6542.823 17.06
6544.462 17.10
6546.100 17.13
6547.739 17.18
6549.377 17.19
6551.016 17.23
6552.654 17.25
6554.293 17.22
6555.931 17.18
6557.570 17.08
6559.208 16.97
6560.846 16.90
6562.485 16.91
6564.123 16.96
6565.762 17.07
6567.400 17.14
6569.039 17.17
6570.677 17.18
6572.316 17.19
6573.954 17.18
6575.593 17.18
6577.231 17.18
6578.869 17.19
6580.508 17.19
6582.146 17.18
6583.785 17.18
6585.423 17.19
6587.062 17.19
6588.700 17.19
6590.339 17.19
6591.977 17.21
6593.615 17.20
6595.254 17.20
6596.892 17.20
6598.531 17.20
6600.169 17.26
6601.808 17.38
6603.446 17.48
6605.085 17.55
6606.723 17.58
6608.362 17.57
6610.000 17.55
