# lambda zeropoint
4774.000 16.93
4775.000 16.94
4776.000 16.94
4777.000 16.95
4778.000 16.95
4779.000 16.96
4780.000 16.96
4781.000 16.96
4782.000 16.97
4783.000 16.97
4784.000 16.98
4785.000 16.98
4786.000 16.99
4787.000 16.99
4788.000 17.00
4789.000 17.00
4790.000 17.01
4791.000 17.01
4792.000 17.01
4793.000 17.02
4794.000 17.02
4795.000 17.03
4796.000 17.03
4797.000 17.04
4798.000 17.04
4799.000 17.05
4800.000 17.05
4801.000 17.05
4802.000 17.06
4803.000 17.06
4804.000 17.07
4805.000 17.07
4806.000 17.08
4807.000 17.08
4808.000 17.09
4809.000 17.09
4810.000 17.09
4811.000 17.10
4812.000 17.10
4813.000 17.11
4814.000 17.11
4815.000 17.12
4816.000 17.12
4817.000 17.13
4818.000 17.13
4819.000 17.13
4820.000 17.14
4821.000 17.14
4822.000 17.15
4823.000 17.15
4824.000 17.16
4825.000 17.16
4826.000 17.16
4827.000 17.17
4828.000 17.17
4829.000 17.18
4830.000 17.18
4831.000 17.19
4832.000 17.19
4833.000 17.19
4834.000 17.20
4835.000 17.20
4836.000 17.21
4837.000 17.21
4838.000 17.22
4839.000 17.22
4840.000 17.22
4841.000 17.23
4842.000 17.23
4843.000 17.24
4844.000 17.24
4845.000 17.25
4846.000 17.25
4847.000 17.25
4848.000 17.26
4849.000 17.26
4850.000 17.27
4851.000 17.27
4852.000 17.28
4853.000 17.28
4854.000 17.28
4855.000 17.29
4856.000 17.29
4857.000 17.30
4858.000 17.30
4859.000 17.30
4860.000 17.31
4861.000 17.31
4862.000 17.32
4863.000 17.32
4864.000 17.33
4865.000 17.33
4866.000 17.33
4867.000 17.34
4868.000 17.34
4869.000 17.35
4870.000 17.35
4871.000 17.35
4872.000 17.36
4873.000 17.36
4874.000 17.37
4875.000 17.37
4876.000 17.37
4877.000 17.38
4878.000 17.38
4879.000 17.39
4880.000 17.39
4881.000 17.39
4882.000 17.40
4883.000 17.40
4884.000 17.41
4885.000 17.41
4886.000 17.41
4887.000 17.42
4888.000 17.42
4889.000 17.43
4890.000 17.43
4891.000 17.43
4892.000 17.44
4893.000 17.44
4894.000 17.45
4895.000 17.45
4896.000 17.45
4897.000 17.46
4898.000 17.46
4899.000 17.46
4900.000 17.47
4901.000 17.47
4902.000 17.48
4903.000 17.48
4904.000 17.48
4905.000 17.49
4906.000 17.49
4907.000 17.50
4908.000 17.50
4909.000 17.50
4910.000 17.51
4911.000 17.51
4912.000 17.51
4913.000 17.52
4914.000 17.52
4915.000 17.53
4916.000 17.53
4917.000 17.53
4918.000 17.54
4919.000 17.54
4920.000 17.55
4921.000 17.55
4922.000 17.55
4923.000 17.56
4924.000 17.56
4925.000 17.56
4926.000 17.57
4927.000 17.57
4928.000 17.58
4929.000 17.58
4930.000 17.58
4931.000 17.59
4932.000 17.59
4933.000 17.59
4934.000 17.60
4935.000 17.60
4936.000 17.60
4937.000 17.61
4938.000 17.61
4939.000 17.62
4940.000 17.62
4941.000 17.62
4942.000 17.63
4943.000 17.63
4944.000 17.63
4945.000 17.64
4946.000 17.64
4947.000 17.65
4948.000 17.65
4949.000 17.65
4950.000 17.66
4951.000 17.66
4952.000 17.66
4953.000 17.67
4954.000 17.67
4955.000 17.67
4956.000 17.68
4957.000 17.68
4958.000 17.68
4959.000 17.69
4960.000 17.69
4961.000 17.69
4962.000 17.70
4963.000 17.70
4964.000 17.71
4965.000 17.71
4966.000 17.71
4967.000 17.72
4968.000 17.72
4969.000 17.72
4970.000 17.73
4971.000 17.73
4972.000 17.73
4973.000 17.74
4974.000 17.74
4975.000 17.74
4976.000 17.75
4977.000 17.75
4978.000 17.75
4979.000 17.76
4980.000 17.76
4981.000 17.76
4982.000 17.77
4983.000 17.77
4984.000 17.77
4985.000 17.78
4986.000 17.78
4987.000 17.78
4988.000 17.79
4989.000 17.79
4990.000 17.79
4991.000 17.80
4992.000 17.80
4993.000 17.80
4994.000 17.81
4995.000 17.81
4996.000 17.81
4997.000 17.82
4998.000 17.82
4999.000 17.82
5000.000 17.83
5001.000 17.83
5002.000 17.83
5003.000 17.84
5004.000 17.84
5005.000 17.84
5006.000 17.85
5007.000 17.85
5008.000 17.85
5009.000 17.86
5010.000 17.86
5011.000 17.86
5012.000 17.86
5013.000 17.87
5014.000 17.87
5015.000 17.87
5016.000 17.88
5017.000 17.88
5018.000 17.88
5019.000 17.89
5020.000 17.89
5021.000 17.89
5022.000 17.90
5023.000 17.90
5024.000 17.90
5025.000 17.91
5026.000 17.91
5027.000 17.91
5028.000 17.91
5029.000 17.92
5030.000 17.92
5031.000 17.92
5032.000 17.93
5033.000 17.93
5034.000 17.93
5035.000 17.94
5036.000 17.94
5037.000 17.94
5038.000 17.94
5039.000 17.95
5040.000 17.95
5041.000 17.95
5042.000 17.96
5043.000 17.96
5044.000 17.96
5045.000 17.97
5046.000 17.97
5047.000 17.97
5048.000 17.98
5049.000 17.98
5050.000 17.98
5051.000 17.98
5052.000 17.99
5053.000 17.99
5054.000 17.99
5055.000 18.00
5056.000 18.00
5057.000 18.00
5058.000 18.00
5059.000 18.00
5060.000 18.01
5061.000 18.01
5062.000 18.02
5063.000 18.02
5064.000 18.02
5065.000 18.03
5066.000 18.03
5067.000 18.03
5068.000 18.03
5069.000 18.04
5070.000 18.04
5071.000 18.04
5072.000 18.05
5073.000 18.05
5074.000 18.05
5075.000 18.05
5076.000 18.06
5077.000 18.06
5078.000 18.06
5079.000 18.07
5080.000 18.07
5081.000 18.07
5082.000 18.07
5083.000 18.08
5084.000 18.08
5085.000 18.08
5086.000 18.09
5087.000 18.09
5088.000 18.09
5089.000 18.09
5090.000 18.10
5091.000 18.10
5092.000 18.10
5093.000 18.11
5094.000 18.11
5095.000 18.11
5096.000 18.11
5097.000 18.12
5098.000 18.12
5099.000 18.12
5100.000 18.12
5101.000 18.13
5102.000 18.13
5103.000 18.13
5104.000 18.13
5105.000 18.14
5106.000 18.14
5107.000 18.14
5108.000 18.15
5109.000 18.15
5110.000 18.15
5111.000 18.15
5112.000 18.16
5113.000 18.16
5114.000 18.16
5115.000 18.16
5116.000 18.17
5117.000 18.17
5118.000 18.17
5119.000 18.17
5120.000 18.18
5121.000 18.18
5122.000 18.18
5123.000 18.18
5124.000 18.19
5125.000 18.19
5126.000 18.19
5127.000 18.20
5128.000 18.20
5129.000 18.20
5130.000 18.20
5131.000 18.21
5132.000 18.21
5133.000 18.21
5134.000 18.21
5135.000 18.22
5136.000 18.22
5137.000 18.22
5138.000 18.22
5139.000 18.23
5140.000 18.23
5141.000 18.23
5142.000 18.23
5143.000 18.23
5144.000 18.24
5145.000 18.24
5146.000 18.24
5147.000 18.24
5148.000 18.25
5149.000 18.25
5150.000 18.25
5151.000 18.25
5152.000 18.26
5153.000 18.26
5154.000 18.26
5155.000 18.26
5156.000 18.27
5157.000 18.27
5158.000 18.27
5159.000 18.27
5160.000 18.28
5161.000 18.28
5162.000 18.28
5163.000 18.28
5164.000 18.29
5165.000 18.29
5166.000 18.29
5167.000 18.29
5168.000 18.29
5169.000 18.30
5170.000 18.30
5171.000 18.30
5172.000 18.30
5173.000 18.31
5174.000 18.31
5175.000 18.31
5176.000 18.31
5177.000 18.32
5178.000 18.32
5179.000 18.32
5180.000 18.32
5181.000 18.32
5182.000 18.33
5183.000 18.33
5184.000 18.33
5185.000 18.33
5186.000 18.34
5187.000 18.34
5188.000 18.34
5189.000 18.34
5190.000 18.34
5191.000 18.35
5192.000 18.35
5193.000 18.35
5194.000 18.35
5195.000 18.36
5196.000 18.36
5197.000 18.36
5198.000 18.36
5199.000 18.36
5200.000 18.37
5201.000 18.37
5202.000 18.37
5203.000 18.37
5204.000 18.37
5205.000 18.38
5206.000 18.38
5207.000 18.38
5208.000 18.38
5209.000 18.39
5210.000 18.39
5211.000 18.39
5212.000 18.39
5213.000 18.39
5214.000 18.40
5215.000 18.40
5216.000 18.40
5217.000 18.40
5218.000 18.40
5219.000 18.41
5220.000 18.41
5221.000 18.41
5222.000 18.41
5223.000 18.41
5224.000 18.42
5225.000 18.42
5226.000 18.42
5227.000 18.42
5228.000 18.42
5229.000 18.43
5230.000 18.43
5231.000 18.43
5232.000 18.43
5233.000 18.43
5234.000 18.44
5235.000 18.44
5236.000 18.44
5237.000 18.44
5238.000 18.44
5239.000 18.45
5240.000 18.45
5241.000 18.45
5242.000 18.45
5243.000 18.45
5244.000 18.45
5245.000 18.46
5246.000 18.46
5247.000 18.46
5248.000 18.46
5249.000 18.46
5250.000 18.47
5251.000 18.47
5252.000 18.47
5253.000 18.47
5254.000 18.47
5255.000 18.48
5256.000 18.48
5257.000 18.48
5258.000 18.48
5259.000 18.48
5260.000 18.48
5261.000 18.49
5262.000 18.49
5263.000 18.49
5264.000 18.49
5265.000 18.49
5266.000 18.50
5267.000 18.50
5268.000 18.50
5269.000 18.50
5270.000 18.50
5271.000 18.50
5272.000 18.51
5273.000 18.51
5274.000 18.51
5275.000 18.51
5276.000 18.51
5277.000 18.51
5278.000 18.52
5279.000 18.52
5280.000 18.52
5281.000 18.52
5282.000 18.52
5283.000 18.52
5284.000 18.53
5285.000 18.53
5286.000 18.53
5287.000 18.53
5288.000 18.53
5289.000 18.54
5290.000 18.54
5291.000 18.54
5292.000 18.54
5293.000 18.54
5294.000 18.54
5295.000 18.55
5296.000 18.55
5297.000 18.55
5298.000 18.55
5299.000 18.55
5300.000 18.55
5301.000 18.56
5302.000 18.56
5303.000 18.56
5304.000 18.56
5305.000 18.56
5306.000 18.56
5307.000 18.57
5308.000 18.57
5309.000 18.57
5310.000 18.57
5311.000 18.57
5312.000 18.57
5313.000 18.58
5314.000 18.58
5315.000 18.58
5316.000 18.58
5317.000 18.58
5318.000 18.58
5319.000 18.58
5320.000 18.59
5321.000 18.59
5322.000 18.59
5323.000 18.59
5324.000 18.59
5325.000 18.59
5326.000 18.60
5327.000 18.60
5328.000 18.60
5329.000 18.60
5330.000 18.60
5331.000 18.60
5332.000 18.61
5333.000 18.61
5334.000 18.61
5335.000 18.61
5336.000 18.61
5337.000 18.61
5338.000 18.62
5339.000 18.62
5340.000 18.62
5341.000 18.62
5342.000 18.62
5343.000 18.62
5344.000 18.62
5345.000 18.63
5346.000 18.63
5347.000 18.63
5348.000 18.63
5349.000 18.63
5350.000 18.63
5351.000 18.64
5352.000 18.64
5353.000 18.64
5354.000 18.64
5355.000 18.64
5356.000 18.64
5357.000 18.64
5358.000 18.65
5359.000 18.65
5360.000 18.65
5361.000 18.65
5362.000 18.65
5363.000 18.65
5364.000 18.66
5365.000 18.66
5366.000 18.66
5367.000 18.66
5368.000 18.66
5369.000 18.66
5370.000 18.66
5371.000 18.67
5372.000 18.67
5373.000 18.67
5374.000 18.67
5375.000 18.67
5376.000 18.67
5377.000 18.67
5378.000 18.68
5379.000 18.68
5380.000 18.68
5381.000 18.68
5382.000 18.68
5383.000 18.68
5384.000 18.68
5385.000 18.69
5386.000 18.69
5387.000 18.69
5388.000 18.69
5389.000 18.69
5390.000 18.69
5391.000 18.69
5392.000 18.69
5393.000 18.70
5394.000 18.70
5395.000 18.70
5396.000 18.70
5397.000 18.70
5398.000 18.70
5399.000 18.70
5400.000 18.71
5401.000 18.71
5402.000 18.71
5403.000 18.71
5404.000 18.71
5405.000 18.71
5406.000 18.71
5407.000 18.71
5408.000 18.72
5409.000 18.72
5410.000 18.72
5411.000 18.72
5412.000 18.72
5413.000 18.72
5414.000 18.72
5415.000 18.72
5416.000 18.73
5417.000 18.73
5418.000 18.73
5419.000 18.73
5420.000 18.73
5421.000 18.73
5422.000 18.73
5423.000 18.73
5424.000 18.74
5425.000 18.74
5426.000 18.74
5427.000 18.74
5428.000 18.74
5429.000 18.74
5430.000 18.74
5431.000 18.74
5432.000 18.75
5433.000 18.75
5434.000 18.75
5435.000 18.75
5436.000 18.75
5437.000 18.75
5438.000 18.75
5439.000 18.75
5440.000 18.75
5441.000 18.76
5442.000 18.76
5443.000 18.76
5444.000 18.76
5445.000 18.76
5446.000 18.76
5447.000 18.76
5448.000 18.76
5449.000 18.77
5450.000 18.77
5451.000 18.77
5452.000 18.77
5453.000 18.77
5454.000 18.77
5455.000 18.77
5456.000 18.77
5457.000 18.77
5458.000 18.78
5459.000 18.78
5460.000 18.78
5461.000 18.78
5462.000 18.78
5463.000 18.78
5464.000 18.78
5465.000 18.78
5466.000 18.78
5467.000 18.79
5468.000 18.79
5469.000 18.79
5470.000 18.79
5471.000 18.79
5472.000 18.79
5473.000 18.79
5474.000 18.79
5475.000 18.79
5476.000 18.80
5477.000 18.80
5478.000 18.80
5479.000 18.80
5480.000 18.80
5481.000 18.80
5482.000 18.80
5483.000 18.80
5484.000 18.80
5485.000 18.81
5486.000 18.81
5487.000 18.81
5488.000 18.81
5489.000 18.81
5490.000 18.81
5491.000 18.81
5492.000 18.81
5493.000 18.81
5494.000 18.81
5495.000 18.82
5496.000 18.82
5497.000 18.82
5499.000 18.82
5500.000 18.82
5501.000 18.82
5502.000 18.82
5503.000 18.82
5504.000 18.82
5505.000 18.83
5506.000 18.83
5507.000 18.83
5508.000 18.83
5509.000 18.83
5510.000 18.83
5511.000 18.83
5512.000 18.83
5513.000 18.83
5514.000 18.83
5515.000 18.84
5516.000 18.84
5517.000 18.84
5518.000 18.84
5519.000 18.84
5520.000 18.84
5521.000 18.84
5522.000 18.84
5523.000 18.84
5524.000 18.84
5525.000 18.84
5526.000 18.85
5527.000 18.85
5528.000 18.85
5529.000 18.85
5530.000 18.85
5531.000 18.85
5532.000 18.85
5533.000 18.85
5534.000 18.85
5535.000 18.85
5536.000 18.85
5537.000 18.86
5538.000 18.86
5539.000 18.86
5540.000 18.86
5541.000 18.86
5542.000 18.86
5543.000 18.86
5544.000 18.86
5545.000 18.86
5546.000 18.86
5547.000 18.86
5548.000 18.87
5549.000 18.87
5550.000 18.87
5551.000 18.87
5552.000 18.87
5553.000 18.87
5554.000 18.87
5555.000 18.87
5556.000 18.87
5557.000 18.87
5558.000 18.87
5559.000 18.87
5560.000 18.88
5561.000 18.88
5562.000 18.88
5563.000 18.88
5564.000 18.88
5565.000 18.88
5566.000 18.88
5567.000 18.88
5568.000 18.88
5569.000 18.88
5570.000 18.88
5571.000 18.88
5572.000 18.89
5573.000 18.89
5574.000 18.89
5575.000 18.89
5576.000 18.89
5577.000 18.89
5578.000 18.89
5579.000 18.89
5580.000 18.89
5581.000 18.89
5582.000 18.89
5583.000 18.89
5584.000 18.89
5585.000 18.90
5586.000 18.90
5587.000 18.90
5588.000 18.90
5589.000 18.90
5590.000 18.90
5591.000 18.90
5592.000 18.90
5593.000 18.90
5594.000 18.90
5595.000 18.90
5596.000 18.90
5597.000 18.90
5598.000 18.90
5599.000 18.91
5600.000 18.91
5601.000 18.91
5602.000 18.91
5603.000 18.91
5604.000 18.91
5605.000 18.91
5606.000 18.91
5607.000 18.91
5608.000 18.91
5609.000 18.91
5610.000 18.91
5611.000 18.91
5612.000 18.91
5613.000 18.91
5614.000 18.92
5615.000 18.92
5616.000 18.92
5617.000 18.92
5618.000 18.92
5619.000 18.92
5620.000 18.92
5621.000 18.92
5622.000 18.92
5623.000 18.92
5624.000 18.92
5625.000 18.92
5626.000 18.92
5627.000 18.92
5628.000 18.92
5629.000 18.93
5630.000 18.93
5631.000 18.93
5632.000 18.93
5633.000 18.93
5634.000 18.93
5635.000 18.93
5636.000 18.93
5637.000 18.93
5638.000 18.93
5639.000 18.93
5640.000 18.93
5641.000 18.93
5642.000 18.93
5643.000 18.93
5644.000 18.94
5645.000 18.94
5646.000 18.94
5647.000 18.94
5648.000 18.94
5649.000 18.94
5650.000 18.94
5651.000 18.94
5652.000 18.94
5653.000 18.94
5654.000 18.94
5655.000 18.94
5656.000 18.94
5657.000 18.94
5658.000 18.94
5659.000 18.94
5660.000 18.94
5661.000 18.95
5662.000 18.95
5663.000 18.95
5664.000 18.95
5665.000 18.95
5666.000 18.95
5667.000 18.95
5668.000 18.95
5669.000 18.95
5670.000 18.95
5671.000 18.95
5672.000 18.95
5673.000 18.95
5674.000 18.95
5675.000 18.95
5676.000 18.95
5677.000 18.95
5678.000 18.96
5679.000 18.96
5680.000 18.96
5681.000 18.96
5682.000 18.96
5683.000 18.96
5684.000 18.96
5685.000 18.96
5686.000 18.96
5687.000 18.96
5688.000 18.96
5689.000 18.96
5690.000 18.96
5691.000 18.96
5692.000 18.95
5693.000 18.96
5694.000 18.95
5695.000 18.96
5696.000 18.96
5697.000 18.97
5698.000 18.97
5699.000 18.97
5700.000 18.97
5701.000 18.97
5702.000 18.97
5703.000 18.97
5704.000 18.97
5705.000 18.97
5706.000 18.97
5707.000 18.97
5708.000 18.97
5709.000 18.97
5710.000 18.97
5711.000 18.97
5712.000 18.97
5713.000 18.97
5714.000 18.97
5715.000 18.97
5716.000 18.97
5717.000 18.97
5718.000 18.98
5719.000 18.97
5720.000 18.98
5721.000 18.98
5722.000 18.98
5723.000 18.98
5724.000 18.98
5725.000 18.98
5726.000 18.98
5727.000 18.98
5728.000 18.98
5729.000 18.98
5730.000 18.98
5731.000 18.98
5732.000 18.98
5733.000 18.98
5734.000 18.98
5735.000 18.98
5736.000 18.98
5737.000 18.98
5738.000 18.99
5739.000 18.99
5740.000 18.99
5741.000 18.99
5742.000 18.99
5743.000 18.99
5744.000 18.99
5745.000 18.99
5746.000 18.99
5747.000 18.99
5748.000 18.99
5749.000 18.99
5750.000 18.99
5751.000 18.99
5752.000 18.99
5753.000 18.99
5754.000 18.99
5755.000 18.99
5756.000 18.99
5757.000 18.99
5758.000 19.00
5759.000 19.00
5760.000 19.00
5761.000 19.00
5762.000 19.00
5763.000 19.00
5764.000 19.00
5765.000 19.00
5766.000 19.00
5767.000 19.00
5768.000 19.00
5769.000 19.00
5770.000 19.00
5771.000 19.00
5772.000 19.00
5773.000 19.00
5774.000 19.00
5775.000 19.01
5776.000 19.01
5777.000 19.01
5778.000 19.01
5779.000 19.01
5780.000 19.01
5781.000 19.01
5782.000 19.01
5783.000 19.01
5784.000 19.01
5785.000 19.01
5786.000 19.01
5787.000 19.01
5788.000 19.01
5789.000 19.01
5790.000 19.01
5791.000 19.02
5792.000 19.02
5793.000 19.02
5794.000 19.02
5795.000 19.02
5796.000 19.02
5797.000 19.02
5798.000 19.02
5799.000 19.02
5800.000 19.02
5801.000 19.02
5802.000 19.02
5803.000 19.02
5804.000 19.02
5805.000 19.02
5806.000 19.03
5807.000 19.03
5808.000 19.03
5809.000 19.03
5810.000 19.03
5811.000 19.03
5812.000 19.03
5813.000 19.03
5814.000 19.03
5815.000 19.03
5816.000 19.03
5817.000 19.03
5818.000 19.03
5819.000 19.03
5820.000 19.04
5821.000 19.04
5822.000 19.04
5823.000 19.04
5824.000 19.04
5825.000 19.04
5826.000 19.04
5827.000 19.04
5828.000 19.04
5829.000 19.04
5830.000 19.04
5831.000 19.04
5832.000 19.04
5833.000 19.04
5834.000 19.04
5835.000 19.04
5836.000 19.04
5837.000 19.05
5838.000 19.05
5839.000 19.05
5840.000 19.05
5841.000 19.05
5842.000 19.05
5843.000 19.05
5844.000 19.05
5845.000 19.05
5846.000 19.05
5847.000 19.05
5848.000 19.05
5849.000 19.05
5850.000 19.05
5851.000 19.05
5852.000 19.05
5853.000 19.05
5854.000 19.06
5855.000 19.06
5856.000 19.06
5857.000 19.06
5858.000 19.06
5859.000 19.06
5860.000 19.06
5861.000 19.06
5862.000 19.06
5863.000 19.06
5864.000 19.06
5865.000 19.06
5866.000 19.06
5867.000 19.06
5868.000 19.06
5869.000 19.06
5870.000 19.06
5871.000 19.06
5872.000 19.06
5873.000 19.06
5874.000 19.07
5875.000 19.07
5876.000 19.07
5877.000 19.07
5878.000 19.06
5879.000 19.07
5880.000 19.07
5881.000 19.07
5882.000 19.07
5883.000 19.07
5884.000 19.07
5885.000 19.07
5886.000 19.07
5887.000 19.07
5888.000 19.06
5889.000 19.07
5890.000 19.07
5891.000 19.07
5892.000 19.07
5893.000 19.07
5894.000 19.06
5895.000 19.08
5896.000 19.07
5897.000 19.08
5898.000 19.07
5899.000 19.08
5900.000 19.08
5901.000 19.08
5902.000 19.08
5903.000 19.07
5904.000 19.08
5905.000 19.08
5906.000 19.08
5907.000 19.08
5908.000 19.08
5909.000 19.08
5910.000 19.08
5911.000 19.08
5912.000 19.08
5913.000 19.08
5914.000 19.09
5915.000 19.09
5916.000 19.09
5917.000 19.08
5918.000 19.09
5919.000 19.08
5920.000 19.07
5921.000 19.09
5922.000 19.09
5923.000 19.09
5924.000 19.08
5925.000 19.09
5926.000 19.08
5927.000 19.09
5928.000 19.09
5929.000 19.09
5930.000 19.09
5931.000 19.09
5932.000 19.09
5933.000 19.09
5934.000 19.09
5935.000 19.09
5936.000 19.10
5937.000 19.10
5938.000 19.10
5939.000 19.10
5940.000 19.10
5941.000 19.10
5942.000 19.09
5943.000 19.10
5944.000 19.09
5945.000 19.10
5946.000 19.09
5947.000 19.09
5948.000 19.10
5949.000 19.10
5950.000 19.10
5951.000 19.10
5952.000 19.09
5953.000 19.10
5954.000 19.10
5955.000 19.10
5956.000 19.10
5957.000 19.10
5958.000 19.10
5959.000 19.10
5960.000 19.10
5961.000 19.10
5962.000 19.11
5963.000 19.11
5964.000 19.11
5965.000 19.11
5966.000 19.11
5967.000 19.11
5968.000 19.10
5969.000 19.11
5970.000 19.10
5971.000 19.11
5972.000 19.11
5973.000 19.10
5974.000 19.11
5975.000 19.11
5976.000 19.11
5977.000 19.11
5978.000 19.11
5979.000 19.11
5980.000 19.11
5981.000 19.12
5982.000 19.12
5983.000 19.12
5984.000 19.12
5985.000 19.12
5986.000 19.12
5987.000 19.12
5988.000 19.12
5989.000 19.12
5990.000 19.12
5991.000 19.12
5992.000 19.12
5993.000 19.12
5994.000 19.12
5995.000 19.12
5996.000 19.12
5997.000 19.12
5998.000 19.12
5999.000 19.12
6000.000 19.13
6001.000 19.13
6002.000 19.13
6003.000 19.13
6004.000 19.13
6005.000 19.13
6006.000 19.13
6007.000 19.13
6008.000 19.13
6009.000 19.13
6010.000 19.13
6011.000 19.13
6012.000 19.13
6013.000 19.14
6014.000 19.14
6015.000 19.14
6016.000 19.14
6017.000 19.14
6018.000 19.14
6019.000 19.14
6020.000 19.14
6021.000 19.14
6022.000 19.14
6023.000 19.14
6024.000 19.14
6025.000 19.14
6026.000 19.14
6027.000 19.14
6028.000 19.14
6029.000 19.15
6030.000 19.15
6031.000 19.15
6032.000 19.15
6033.000 19.15
6034.000 19.15
6035.000 19.15
6036.000 19.15
6037.000 19.15
6038.000 19.15
6039.000 19.15
6040.000 19.15
6041.000 19.15
6042.000 19.15
6043.000 19.15
6044.000 19.16
6045.000 19.16
6046.000 19.16
6047.000 19.16
6048.000 19.16
6049.000 19.16
6050.000 19.16
6051.000 19.16
6052.000 19.16
6053.000 19.16
6054.000 19.16
6055.000 19.16
6056.000 19.16
6057.000 19.16
6058.000 19.16
6059.000 19.17
6060.000 19.17
6061.000 19.17
6062.000 19.17
6063.000 19.17
6064.000 19.17
6065.000 19.17
6066.000 19.17
6067.000 19.17
6068.000 19.17
6069.000 19.17
6070.000 19.17
6071.000 19.17
6072.000 19.17
6073.000 19.17
6074.000 19.18
6075.000 19.18
6076.000 19.18
6077.000 19.18
6078.000 19.18
6079.000 19.18
6080.000 19.18
6081.000 19.18
6082.000 19.18
6083.000 19.18
6084.000 19.18
6085.000 19.18
6086.000 19.18
6087.000 19.18
6088.000 19.18
6089.000 19.18
6090.000 19.19
6091.000 19.19
6092.000 19.19
6093.000 19.19
6094.000 19.19
6095.000 19.19
6096.000 19.19
6097.000 19.19
6098.000 19.19
6099.000 19.19
6100.000 19.19
6101.000 19.19
6102.000 19.19
6103.000 19.19
6104.000 19.19
6105.000 19.20
6106.000 19.20
6107.000 19.20
6108.000 19.20
6109.000 19.20
6110.000 19.20
6111.000 19.20
6112.000 19.20
6113.000 19.20
6114.000 19.20
6115.000 19.20
6116.000 19.20
6117.000 19.20
6118.000 19.20
6119.000 19.20
6120.000 19.20
6121.000 19.21
6122.000 19.21
6123.000 19.21
6124.000 19.21
6125.000 19.21
6126.000 19.21
6127.000 19.21
6128.000 19.21
6129.000 19.21
6130.000 19.21
6131.000 19.21
6132.000 19.21
6133.000 19.21
6134.000 19.21
6135.000 19.21
6136.000 19.21
6137.000 19.22
6138.000 19.22
6139.000 19.22
6140.000 19.22
6141.000 19.22
6142.000 19.22
6143.000 19.22
6144.000 19.22
6145.000 19.22
6146.000 19.22
6147.000 19.22
6148.000 19.22
6149.000 19.22
6150.000 19.22
6151.000 19.22
6152.000 19.22
6153.000 19.22
6154.000 19.23
6155.000 19.23
6156.000 19.23
6157.000 19.23
6158.000 19.23
6159.000 19.23
6160.000 19.23
6161.000 19.23
6162.000 19.23
6163.000 19.23
6164.000 19.23
6165.000 19.23
6166.000 19.23
6167.000 19.23
6168.000 19.23
6169.000 19.23
6170.000 19.23
6171.000 19.23
6172.000 19.24
6173.000 19.24
6174.000 19.24
6175.000 19.24
6176.000 19.24
6177.000 19.24
6178.000 19.24
6179.000 19.24
6180.000 19.24
6181.000 19.24
6182.000 19.24
6183.000 19.24
6184.000 19.24
6185.000 19.24
6186.000 19.24
6187.000 19.24
6188.000 19.24
6189.000 19.24
6190.000 19.25
6191.000 19.25
6192.000 19.25
6193.000 19.25
6194.000 19.25
6195.000 19.25
6196.000 19.25
6197.000 19.25
6198.000 19.25
6199.000 19.25
6200.000 19.25
6201.000 19.25
6202.000 19.25
6203.000 19.25
6204.000 19.25
6205.000 19.25
6206.000 19.25
6207.000 19.25
6208.000 19.25
6209.000 19.25
6210.000 19.26
6211.000 19.26
6212.000 19.26
6213.000 19.26
6214.000 19.26
6215.000 19.26
6216.000 19.26
6217.000 19.26
6218.000 19.26
6219.000 19.26
6220.000 19.26
6221.000 19.26
6222.000 19.26
6223.000 19.26
6224.000 19.26
6225.000 19.26
6226.000 19.26
6227.000 19.26
6228.000 19.26
6229.000 19.26
6230.000 19.27
6231.000 19.27
6232.000 19.27
6233.000 19.27
6234.000 19.27
6235.000 19.27
6236.000 19.27
6237.000 19.27
6238.000 19.27
6239.000 19.27
6240.000 19.27
6241.000 19.27
6242.000 19.27
6243.000 19.27
6244.000 19.27
6245.000 19.27
6246.000 19.27
6247.000 19.27
6248.000 19.27
6249.000 19.27
6250.000 19.27
6251.000 19.27
6252.000 19.28
6253.000 19.28
6254.000 19.28
6255.000 19.28
6256.000 19.28
6257.000 19.28
6258.000 19.28
6259.000 19.28
6260.000 19.28
6261.000 19.28
6262.000 19.28
6263.000 19.28
6264.000 19.28
6265.000 19.28
6266.000 19.28
6267.000 19.28
6268.000 19.28
6269.000 19.28
6270.000 19.28
6271.000 19.28
6272.000 19.28
6273.000 19.28
6274.000 19.28
6275.000 19.29
6276.000 19.29
6277.000 19.28
6278.000 19.29
6279.000 19.21
6280.000 19.28
6281.000 19.28
6282.000 19.28
6283.000 19.27
6284.000 19.29
6285.000 19.29
6286.000 19.29
6287.000 19.29
6288.000 19.29
6289.000 19.29
6290.000 19.29
6291.000 19.29
6292.000 19.20
6293.000 19.29
6294.000 19.28
6295.000 19.29
6296.000 19.30
6297.000 19.28
6298.000 19.30
6299.000 19.29
6300.000 19.30
6301.000 19.15
6302.000 19.30
6303.000 19.30
6304.000 19.30
6305.000 19.30
6306.000 19.30
6307.000 19.30
6308.000 19.30
6309.000 19.30
6310.000 19.30
6311.000 19.30
6312.000 19.30
6313.000 19.30
6314.000 19.30
6315.000 19.30
6316.000 19.24
6317.000 19.31
6318.000 19.30
6319.000 19.30
6320.000 19.31
6321.000 19.31
6322.000 19.31
6323.000 19.31
6324.000 19.31
6325.000 19.31
6326.000 19.31
6327.000 19.31
6328.000 19.31
6329.000 19.31
6330.000 19.31
6331.000 19.31
6332.000 19.31
6333.000 19.31
6334.000 19.31
6335.000 19.31
6336.000 19.31
6337.000 19.32
6338.000 19.32
6339.000 19.32
6340.000 19.32
6341.000 19.32
6342.000 19.32
6343.000 19.32
6344.000 19.32
6345.000 19.32
6346.000 19.32
6347.000 19.32
6348.000 19.32
6349.000 19.32
6350.000 19.32
6351.000 19.32
6352.000 19.32
6353.000 19.32
6354.000 19.32
6355.000 19.32
6356.000 19.32
6357.000 19.32
6358.000 19.33
6359.000 19.33
6360.000 19.33
6361.000 19.33
6362.000 19.33
6363.000 19.32
6364.000 19.33
6365.000 19.33
6366.000 19.33
6367.000 19.33
6368.000 19.33
6369.000 19.33
6370.000 19.33
6371.000 19.33
6372.000 19.33
6373.000 19.33
6374.000 19.33
6375.000 19.33
6376.000 19.33
6377.000 19.33
6378.000 19.34
6379.000 19.34
6380.000 19.34
6381.000 19.34
6382.000 19.34
6383.000 19.34
6384.000 19.34
6385.000 19.34
6386.000 19.34
6387.000 19.34
6388.000 19.34
6389.000 19.34
6390.000 19.34
6391.000 19.34
6392.000 19.34
6393.000 19.34
6394.000 19.34
6395.000 19.34
6396.000 19.34
6397.000 19.34
6398.000 19.34
6399.000 19.34
6400.000 19.35
6401.000 19.35
6402.000 19.35
6403.000 19.35
6404.000 19.35
6405.000 19.35
6406.000 19.35
6407.000 19.35
6408.000 19.35
6409.000 19.35
6410.000 19.35
6411.000 19.35
6412.000 19.35
6413.000 19.35
6414.000 19.35
6415.000 19.35
6416.000 19.35
6417.000 19.35
6418.000 19.35
6419.000 19.35
6420.000 19.35
6421.000 19.35
6422.000 19.35
6423.000 19.36
6424.000 19.36
6425.000 19.36
6426.000 19.36
6427.000 19.36
6428.000 19.36
6429.000 19.36
6430.000 19.36
6431.000 19.36
6432.000 19.36
6433.000 19.36
6434.000 19.36
6435.000 19.36
6436.000 19.36
6437.000 19.36
6438.000 19.36
6439.000 19.36
6440.000 19.36
6441.000 19.36
6442.000 19.36
6443.000 19.36
6444.000 19.36
6445.000 19.36
6446.000 19.36
6447.000 19.36
6448.000 19.37
6449.000 19.37
6450.000 19.37
6451.000 19.37
6452.000 19.37
6453.000 19.37
6454.000 19.37
6455.000 19.37
6456.000 19.37
6457.000 19.37
6458.000 19.37
6459.000 19.37
6460.000 19.37
6461.000 19.37
6462.000 19.37
6463.000 19.37
6464.000 19.37
6465.000 19.37
6466.000 19.37
6467.000 19.37
6468.000 19.37
6469.000 19.37
6470.000 19.37
6471.000 19.37
6472.000 19.37
6473.000 19.37
6474.000 19.37
6475.000 19.36
6476.000 19.37
6477.000 19.35
6478.000 19.38
6479.000 19.38
6480.000 19.38
6481.000 19.36
6482.000 19.37
6483.000 19.38
6484.000 19.38
6485.000 19.34
6486.000 19.38
6487.000 19.38
6488.000 19.38
6489.000 19.38
6490.000 19.38
6491.000 19.37
6492.000 19.38
6493.000 19.38
6494.000 19.38
6495.000 19.37
6496.000 19.38
6497.000 19.38
6498.000 19.38
6499.000 19.38
6500.000 19.38
6501.000 19.38
6502.000 19.38
6503.000 19.38
6504.000 19.38
6505.000 19.38
6506.000 19.38
6507.000 19.39
6508.000 19.39
6509.000 19.39
6510.000 19.39
6511.000 19.39
6512.000 19.39
6513.000 19.39
6514.000 19.38
6515.000 19.39
6516.000 19.39
6517.000 19.39
6518.000 19.39
6519.000 19.39
6520.000 19.39
6521.000 19.39
6522.000 19.39
6523.000 19.39
6524.000 19.39
6525.000 19.39
6526.000 19.39
6527.000 19.39
6528.000 19.39
6529.000 19.39
6530.000 19.39
6531.000 19.39
6532.000 19.39
6533.000 19.39
6534.000 19.39
6535.000 19.39
6536.000 19.39
6537.000 19.39
6538.000 19.39
6539.000 19.40
6540.000 19.40
6541.000 19.40
6542.000 19.40
6543.000 19.40
6544.000 19.39
6545.000 19.40
6546.000 19.40
6547.000 19.40
6548.000 19.40
6549.000 19.40
6550.000 19.40
6551.000 19.40
6552.000 19.40
6553.000 19.40
6554.000 19.40
6555.000 19.40
6556.000 19.40
6557.000 19.40
6558.000 19.40
6559.000 19.38
6560.000 19.40
6561.000 19.40
6562.000 19.40
6563.000 19.40
6564.000 19.40
6565.000 19.40
6566.000 19.38
6567.000 19.40
6568.000 19.40
6569.000 19.40
6570.000 19.40
6571.000 19.40
6572.000 19.40
6573.000 19.41
6574.000 19.40
6575.000 19.41
6576.000 19.41
6577.000 19.41
6578.000 19.41
6579.000 19.41
6580.000 19.41
6581.000 19.41
6582.000 19.41
6583.000 19.41
6584.000 19.41
6585.000 19.41
6586.000 19.41
6587.000 19.41
6588.000 19.41
6589.000 19.41
6590.000 19.41
6591.000 19.41
6592.000 19.41
6593.000 19.41
6594.000 19.41
6595.000 19.41
6596.000 19.41
6597.000 19.41
6598.000 19.41
6599.000 19.41
6600.000 19.41
6601.000 19.41
6602.000 19.41
6603.000 19.41
6604.000 19.41
6605.000 19.41
6606.000 19.41
6607.000 19.41
6608.000 19.41
6609.000 19.41
6610.000 19.41
6611.000 19.41
6612.000 19.42
6613.000 19.42
6614.000 19.42
6615.000 19.42
6616.000 19.42
6617.000 19.42
6618.000 19.42
6619.000 19.42
6620.000 19.42
6621.000 19.42
6622.000 19.42
6623.000 19.42
6624.000 19.42
6625.000 19.42
6626.000 19.42
6627.000 19.42
6628.000 19.42
6629.000 19.42
6630.000 19.42
6631.000 19.42
6632.000 19.42
6633.000 19.42
6634.000 19.42
6635.000 19.42
6636.000 19.42
6637.000 19.42
6638.000 19.42
6639.000 19.42
6640.000 19.42
6641.000 19.42
6642.000 19.42
6643.000 19.42
6644.000 19.42
6645.000 19.42
6646.000 19.42
6647.000 19.42
6648.000 19.42
6649.000 19.42
6650.000 19.42
6651.000 19.42
6652.000 19.42
6653.000 19.42
6654.000 19.42
6655.000 19.43
6656.000 19.43
6657.000 19.43
6658.000 19.43
6659.000 19.43
6660.000 19.43
6661.000 19.43
6662.000 19.43
6663.000 19.43
6664.000 19.43
6665.000 19.43
6666.000 19.43
6667.000 19.43
6668.000 19.43
6669.000 19.43
6670.000 19.43
6671.000 19.43
6672.000 19.43
6673.000 19.43
6674.000 19.43
6675.000 19.43
6676.000 19.43
6677.000 19.43
6678.000 19.43
6679.000 19.43
6680.000 19.43
6681.000 19.43
6682.000 19.43
6683.000 19.43
6684.000 19.43
6685.000 19.43
6686.000 19.43
6687.000 19.43
6688.000 19.43
6689.000 19.43
6690.000 19.43
6691.000 19.43
6692.000 19.43
6693.000 19.43
6694.000 19.43
6695.000 19.43
6696.000 19.43
6697.000 19.43
6698.000 19.43
6699.000 19.43
6700.000 19.43
6701.000 19.43
6702.000 19.43
6703.000 19.43
6704.000 19.44
6705.000 19.44
6706.000 19.44
6707.000 19.44
6708.000 19.44
6709.000 19.44
6710.000 19.44
6711.000 19.44
6712.000 19.44
6713.000 19.44
6714.000 19.44
6715.000 19.44
6716.000 19.44
6717.000 19.44
6718.000 19.44
6719.000 19.44
6720.000 19.44
6721.000 19.44
6722.000 19.44
6723.000 19.44
6724.000 19.44
6725.000 19.44
6726.000 19.44
6727.000 19.44
6728.000 19.44
6729.000 19.44
6730.000 19.44
6731.000 19.44
6732.000 19.44
6733.000 19.44
6734.000 19.44
6735.000 19.44
6736.000 19.44
6737.000 19.44
6738.000 19.44
6739.000 19.44
6740.000 19.44
6741.000 19.44
6742.000 19.44
6743.000 19.44
6744.000 19.44
6745.000 19.44
6746.000 19.44
6747.000 19.44
6748.000 19.44
6749.000 19.44
6750.000 19.44
6751.000 19.44
6752.000 19.44
6753.000 19.44
6754.000 19.44
6755.000 19.44
6756.000 19.44
6757.000 19.44
6758.000 19.44
6759.000 19.44
6760.000 19.44
6761.000 19.44
6762.000 19.44
6763.000 19.44
6764.000 19.45
6765.000 19.45
6766.000 19.45
6767.000 19.45
6768.000 19.45
6769.000 19.45
6770.000 19.45
6771.000 19.45
6772.000 19.45
6773.000 19.45
6774.000 19.45
6775.000 19.45
6776.000 19.45
6777.000 19.45
6778.000 19.45
6779.000 19.45
6780.000 19.45
6781.000 19.45
6782.000 19.45
6783.000 19.45
6784.000 19.45
6785.000 19.45
6786.000 19.45
6787.000 19.45
6788.000 19.45
6789.000 19.45
6790.000 19.45
6791.000 19.45
6792.000 19.45
6793.000 19.45
6794.000 19.45
6795.000 19.45
6796.000 19.45
6797.000 19.45
6798.000 19.45
6799.000 19.45
6800.000 19.45
6801.000 19.45
6802.000 19.45
6803.000 19.45
6804.000 19.45
6805.000 19.45
6806.000 19.45
6807.000 19.45
6808.000 19.45
6809.000 19.45
6810.000 19.45
6811.000 19.45
6812.000 19.45
6813.000 19.45
6814.000 19.45
6815.000 19.45
6816.000 19.45
6817.000 19.45
6818.000 19.45
6819.000 19.45
6820.000 19.45
6821.000 19.45
6822.000 19.45
6823.000 19.45
6824.000 19.45
6825.000 19.45
6826.000 19.45
6827.000 19.45
6828.000 19.45
6829.000 19.45
6830.000 19.45
6831.000 19.45
6832.000 19.45
6833.000 19.45
6834.000 19.45
6835.000 19.45
6836.000 19.45
6837.000 19.45
6838.000 19.45
6839.000 19.45
6840.000 19.45
6841.000 19.45
6842.000 19.45
6843.000 19.45
6844.000 19.45
6845.000 19.45
6846.000 19.45
6847.000 19.45
6848.000 19.45
6849.000 19.45
6850.000 19.45
6851.000 19.45
6852.000 19.45
6853.000 19.45
6854.000 19.45
6855.000 19.45
6856.000 19.46
6857.000 19.46
6858.000 19.46
6859.000 19.46
6860.000 19.46
6861.000 19.46
6862.000 19.46
6863.000 19.46
6864.000 19.46
6865.000 19.46
6866.000 19.46
6867.000 19.46
6868.000 19.45
6869.000 19.31
6870.000 17.57
6871.000 18.28
6872.000 19.24
6873.000 19.24
6874.000 19.26
6875.000 19.39
6876.000 19.41
6877.000 19.43
6878.000 19.44
6879.000 19.43
6880.000 19.45
6881.000 18.79
6882.000 19.43
6883.000 19.45
6884.000 19.46
6885.000 19.46
6886.000 19.43
6887.000 19.45
6888.000 19.43
6889.000 19.42
6890.000 19.45
6891.000 19.32
6892.000 19.36
6893.000 19.45
6894.000 19.42
6895.000 19.37
6896.000 19.45
6897.000 19.45
6898.000 18.54
6899.000 19.23
6900.000 19.45
6901.000 19.45
6902.000 19.32
6903.000 19.40
6904.000 19.46
6905.000 19.45
6906.000 17.48
6907.000 18.82
6908.000 19.45
6909.000 19.46
6910.000 19.45
6911.000 19.45
6912.000 19.46
6913.000 19.46
6914.000 19.46
6915.000 19.34
6916.000 18.60
6917.000 19.46
6918.000 19.46
6919.000 19.46
6920.000 18.91
6921.000 19.29
6922.000 19.46
6923.000 19.46
6924.000 19.46
6925.000 19.45
6926.000 19.39
6927.000 19.46
6928.000 19.46
6929.000 19.46
6930.000 19.46
6931.000 19.44
6932.000 19.46
6933.000 19.46
6934.000 19.45
6935.000 19.46
6936.000 19.46
6937.000 19.45
6938.000 19.46
6939.000 19.46
6940.000 19.46
6941.000 19.46
6942.000 19.44
6943.000 19.45
6944.000 19.43
6945.000 19.46
6946.000 19.46
6947.000 19.46
6948.000 19.46
6949.000 19.46
6950.000 19.46
6951.000 19.41
6952.000 19.46
6953.000 19.46
6954.000 19.46
6955.000 19.44
6956.000 19.46
6957.000 19.46
6958.000 19.46
6959.000 19.46
6960.000 19.46
6961.000 19.46
6962.000 19.46
6963.000 19.45
6964.000 19.46
6965.000 19.46
6966.000 19.46
6967.000 19.45
6968.000 19.46
6969.000 19.46
6970.000 19.46
6971.000 19.46
6972.000 19.46
6973.000 19.46
6974.000 19.46
6975.000 19.46
6976.000 19.46
6977.000 19.46
6978.000 19.46
6979.000 19.46
6980.000 19.46
6981.000 19.46
6982.000 19.46
6983.000 19.46
6984.000 19.46
6985.000 19.46
6986.000 19.46
6987.000 19.46
6988.000 19.46
6989.000 19.46
6990.000 19.46
6991.000 19.43
6992.000 19.46
6993.000 19.45
6994.000 19.46
6995.000 19.46
6996.000 19.42
6997.000 19.46
6998.000 19.46
6999.000 19.46
7000.000 19.45
7001.000 19.45
7002.000 19.46
7003.000 19.46
7004.000 19.46
7005.000 19.46
7006.000 19.46
7007.000 19.44
7008.000 19.46
7009.000 19.46
7010.000 19.46
7011.000 19.46
7012.000 19.46
7013.000 19.46
7014.000 19.46
7015.000 19.46
7016.000 19.46
7017.000 19.46
7018.000 19.45
7019.000 19.46
7020.000 19.46
7021.000 19.46
7022.000 19.46
7023.000 19.46
7024.000 19.46
7025.000 19.46
7026.000 19.46
7027.000 19.46
7028.000 19.46
7029.000 19.45
7030.000 19.46
7031.000 19.45
7032.000 19.46
7033.000 19.46
7034.000 19.46
7035.000 19.46
7036.000 19.46
7037.000 19.46
7038.000 19.46
7039.000 19.46
7040.000 19.46
7041.000 19.46
7042.000 19.46
7043.000 19.46
7044.000 19.46
7045.000 19.46
7046.000 19.46
7047.000 19.46
7048.000 19.46
7049.000 19.46
7050.000 19.46
7051.000 19.46
7052.000 19.46
7053.000 19.46
7054.000 19.46
7055.000 19.46
7056.000 19.46
7057.000 19.46
7058.000 19.46
7059.000 19.44
7060.000 19.46
7061.000 19.46
7062.000 19.46
7063.000 19.46
7064.000 19.46
7065.000 19.46
7066.000 19.46
7067.000 19.46
7068.000 19.46
7069.000 19.46
7070.000 19.46
7071.000 19.46
7072.000 19.46
7073.000 19.46
7074.000 19.45
7075.000 19.46
7076.000 19.46
7077.000 19.46
7078.000 19.46
7079.000 19.46
7080.000 19.46
7081.000 19.46
7082.000 19.46
7083.000 19.45
7084.000 19.46
7085.000 19.46
7086.000 19.46
7087.000 19.46
7088.000 19.46
7089.000 19.46
7090.000 19.45
7091.000 19.46
7092.000 19.46
7093.000 19.46
7094.000 19.46
7095.000 19.45
7096.000 19.45
7097.000 19.45
7098.000 19.46
7099.000 19.46
7100.000 19.46
7101.000 19.46
7102.000 19.45
7103.000 19.46
7104.000 19.46
7105.000 19.46
7106.000 19.46
7107.000 19.46
7108.000 19.45
7109.000 19.45
7110.000 19.46
7111.000 19.45
7112.000 19.46
7113.000 19.45
7114.000 19.45
7115.000 19.46
7116.000 19.45
7117.000 19.46
7118.000 19.46
7119.000 19.46
7120.000 19.45
7121.000 19.45
7122.000 19.45
7123.000 19.45
7124.000 19.45
7125.000 19.45
7126.000 19.45
7127.000 19.45
7128.000 19.45
7129.000 19.45
7130.000 19.45
7131.000 19.45
7132.000 19.45
7133.000 19.45
7134.000 19.45
7135.000 19.45
7136.000 19.45
7137.000 19.45
7138.000 19.45
7139.000 19.45
7140.000 19.45
7141.000 19.45
7142.000 19.45
7143.000 19.45
7144.000 19.45
7145.000 19.44
7146.000 19.45
7147.000 19.45
7148.000 19.45
7149.000 19.45
7150.000 19.45
7151.000 19.45
7152.000 19.45
7153.000 19.45
7154.000 19.45
7155.000 19.45
7156.000 19.45
7157.000 19.45
7158.000 19.45
7159.000 19.45
7160.000 19.45
7161.000 19.45
7162.000 19.45
7163.000 19.45
7164.000 19.43
7165.000 19.45
7166.000 19.45
7167.000 19.45
7168.000 19.44
7169.000 19.44
7170.000 19.41
7171.000 19.43
7172.000 19.42
7173.000 19.44
7174.000 19.43
7175.000 19.44
7176.000 19.44
7177.000 19.45
7178.000 19.40
7179.000 19.40
7180.000 19.45
7181.000 19.44
7182.000 19.45
7183.000 19.45
7184.000 19.44
7185.000 19.45
7186.000 19.44
7187.000 19.44
7188.000 19.42
7189.000 19.25
7190.000 19.44
7191.000 19.43
7192.000 19.45
7193.000 19.44
7194.000 19.43
7195.000 19.44
7196.000 19.44
7197.000 19.33
7198.000 19.44
7199.000 19.44
7200.000 19.43
7201.000 19.44
7202.000 19.43
7203.000 19.41
7204.000 19.44
7205.000 19.44
7206.000 19.43
7207.000 19.44
7208.000 19.44
7209.000 19.44
7210.000 19.44
7211.000 19.44
7212.000 19.44
7213.000 19.44
7214.000 19.43
7215.000 19.44
7216.000 19.44
7217.000 19.44
7218.000 19.44
7219.000 19.44
7220.000 19.41
7221.000 19.44
7222.000 19.44
7223.000 19.44
7224.000 19.44
7225.000 19.43
7226.000 19.44
7227.000 19.44
7228.000 19.44
7229.000 19.44
7230.000 19.44
7231.000 19.44
7232.000 19.44
7233.000 19.43
7234.000 19.44
7235.000 19.31
7236.000 19.44
7237.000 19.42
7238.000 19.41
7239.000 19.44
7240.000 19.43
7241.000 19.43
7242.000 19.43
7243.000 19.41
7244.000 19.44
7245.000 19.44
7246.000 19.43
7247.000 19.44
7248.000 19.43
7249.000 19.42
7250.000 19.44
7251.000 19.40
7252.000 19.43
7253.000 19.44
7254.000 19.43
7255.000 19.42
7256.000 19.43
7257.000 19.44
7258.000 19.43
7259.000 19.42
7260.000 19.35
7261.000 19.44
7262.000 19.43
7263.000 19.43
7264.000 19.36
7265.000 19.38
7266.000 19.43
7267.000 19.43
7268.000 19.43
7269.000 19.44
7270.000 19.43
7271.000 19.44
7272.000 19.43
7273.000 19.44
7274.000 19.43
7275.000 18.98
7276.000 19.43
7277.000 19.43
7278.000 19.43
7279.000 19.42
7280.000 19.40
7281.000 19.43
7282.000 19.43
7283.000 19.41
7284.000 19.43
7285.000 19.43
7286.000 19.43
7287.000 19.43
7288.000 19.43
7289.000 19.43
7290.000 19.42
7291.000 19.43
7292.000 19.43
7293.000 19.41
7294.000 19.43
7295.000 19.43
7296.000 19.43
7297.000 19.37
7298.000 19.43
7299.000 19.43
7300.000 19.43
7301.000 19.43
7302.000 19.38
7303.000 19.43
7304.000 19.42
7305.000 19.42
7306.000 19.40
7307.000 19.42
7308.000 19.42
7309.000 19.43
7310.000 19.43
7311.000 19.42
7312.000 19.43
7313.000 19.42
7314.000 19.43
7315.000 19.41
7316.000 19.43
7317.000 19.43
7318.000 19.42
7319.000 19.42
7320.000 19.41
7321.000 19.42
7322.000 19.43
7323.000 19.42
7324.000 19.43
7325.000 19.43
7326.000 19.37
7327.000 19.43
7328.000 19.43
7329.000 19.42
7330.000 19.42
7331.000 19.43
7332.000 19.43
7333.000 19.41
7334.000 19.42
7335.000 19.40
7336.000 19.42
7337.000 19.42
7338.000 19.42
7339.000 19.42
7340.000 19.42
7341.000 19.42
7342.000 19.42
7343.000 19.42
7344.000 19.42
7345.000 19.42
7346.000 19.38
7347.000 19.42
7348.000 19.42
7349.000 19.42
7350.000 19.41
7351.000 19.42
7352.000 19.42
7353.000 19.42
7354.000 19.42
7355.000 19.42
7356.000 19.41
7357.000 19.42
7358.000 19.42
7359.000 19.41
7360.000 19.42
7361.000 19.42
7362.000 19.42
7363.000 19.41
7364.000 19.41
7365.000 19.42
7366.000 19.42
7367.000 19.42
7368.000 19.42
7369.000 19.42
7370.000 19.42
7371.000 19.42
7372.000 19.41
7373.000 19.42
7374.000 19.42
7375.000 19.42
7376.000 19.42
7377.000 19.42
7378.000 19.42
7379.000 19.42
7380.000 19.41
7381.000 19.42
7382.000 19.41
7383.000 19.41
7384.000 19.41
7385.000 19.41
7386.000 19.41
7387.000 19.41
7388.000 19.41
7389.000 19.41
7390.000 19.41
7391.000 19.41
7392.000 19.41
7393.000 19.41
7394.000 19.41
7395.000 19.41
7396.000 19.41
7397.000 19.41
7398.000 19.40
7399.000 19.41
7400.000 19.41
7401.000 19.41
7402.000 19.41
7403.000 19.41
7404.000 19.41
7405.000 19.41
7406.000 19.41
7407.000 19.41
7408.000 19.41
7409.000 19.41
7410.000 19.41
7411.000 19.41
7412.000 19.41
7413.000 19.41
7414.000 19.41
7415.000 19.41
7416.000 19.41
7417.000 19.41
7418.000 19.41
7419.000 19.41
7420.000 19.41
7421.000 19.41
7422.000 19.41
7423.000 19.40
7424.000 19.41
7425.000 19.40
7426.000 19.40
7427.000 19.40
7428.000 19.40
7429.000 19.40
7430.000 19.40
7431.000 19.40
7432.000 19.40
7433.000 19.40
7434.000 19.40
7435.000 19.40
7436.000 19.40
7437.000 19.40
7438.000 19.40
7439.000 19.40
7440.000 19.40
7441.000 19.40
7442.000 19.40
7443.000 19.40
7444.000 19.40
7445.000 19.40
7446.000 19.40
7447.000 19.40
7448.000 19.40
7449.000 19.40
7450.000 19.40
7451.000 19.40
7452.000 19.40
7453.000 19.40
7454.000 19.40
7455.000 19.40
7456.000 19.40
7457.000 19.40
7458.000 19.40
7459.000 19.40
7460.000 19.40
7461.000 19.40
7462.000 19.40
7463.000 19.39
7464.000 19.39
7465.000 19.39
7466.000 19.39
7467.000 19.39
7468.000 19.39
7469.000 19.39
7470.000 19.39
7471.000 19.39
7472.000 19.39
7473.000 19.39
7474.000 19.39
7475.000 19.39
7476.000 19.39
7477.000 19.39
7478.000 19.39
7479.000 19.39
7480.000 19.39
7481.000 19.39
7482.000 19.39
7483.000 19.39
7484.000 19.39
7485.000 19.39
7486.000 19.39
7487.000 19.39
7488.000 19.39
7489.000 19.39
7490.000 19.39
7491.000 19.39
7492.000 19.39
7493.000 19.39
7494.000 19.39
7495.000 19.39
7496.000 19.39
7497.000 19.39
7498.000 19.39
7499.000 19.39
7500.000 19.38
7501.000 19.38
7502.000 19.38
7503.000 19.38
7504.000 19.38
7505.000 19.38
7506.000 19.38
7507.000 19.38
7508.000 19.38
7509.000 19.38
7510.000 19.38
7511.000 19.38
7512.000 19.38
7513.000 19.38
7514.000 19.38
7515.000 19.38
7516.000 19.38
7517.000 19.38
7518.000 19.38
7519.000 19.38
7520.000 19.38
7521.000 19.38
7522.000 19.38
7523.000 19.38
7524.000 19.38
7525.000 19.38
7526.000 19.38
7527.000 19.38
7528.000 19.38
7529.000 19.38
7530.000 19.38
7531.000 19.38
7532.000 19.38
7533.000 19.38
7534.000 19.38
7535.000 19.38
7536.000 19.37
7537.000 19.37
7538.000 19.37
7539.000 19.37
7540.000 19.37
7541.000 19.37
7542.000 19.37
7543.000 19.37
7544.000 19.37
7545.000 19.37
7546.000 19.37
7547.000 19.37
7548.000 19.37
7549.000 19.37
7550.000 19.37
7551.000 19.37
7552.000 19.37
7553.000 19.37
7554.000 19.37
7555.000 19.37
7556.000 19.37
7557.000 19.37
7558.000 19.37
7559.000 19.37
7560.000 19.37
7561.000 19.37
7562.000 19.37
7563.000 19.37
7564.000 19.37
7565.000 19.37
7566.000 19.37
7567.000 19.37
7568.000 19.37
7569.000 19.37
7570.000 19.36
7571.000 19.36
7572.000 19.36
7573.000 19.36
7574.000 19.36
7575.000 19.36
7576.000 19.36
7577.000 19.36
7578.000 19.36
7579.000 19.36
7580.000 19.36
7581.000 19.36
7582.000 19.36
7583.000 19.36
7584.000 19.36
7585.000 19.36
7586.000 19.36
7587.000 19.36
7588.000 19.36
7589.000 19.36
7590.000 19.36
7591.000 19.36
7592.000 19.36
7593.000 19.35
7594.000 19.35
7595.000 19.35
7596.000 18.92
7597.000 18.69
7598.000 18.96
7599.000 19.13
7600.000 19.10
7601.000 13.53
7602.000 17.74
7603.000 18.95
7604.000 18.10
7605.000 18.89
7606.000 18.61
7607.000 18.83
7608.000 18.38
7609.000 15.89
7610.000 6.30
7611.000 18.69
7612.000 18.70
7613.000 18.96
7614.000 16.66
7615.000 18.71
7616.000 19.20
7617.000 17.74
7618.000 19.00
7619.000 19.30
7620.000 19.33
7621.000 19.33
7622.000 19.30
7623.000 15.64
7624.000 19.24
7625.000 19.03
7626.000 19.06
7627.000 18.95
7628.000 19.25
7629.000 16.54
7630.000 18.52
7631.000 19.14
7632.000 19.24
7633.000 14.98
7634.000 18.15
7635.000 19.16
7636.000 19.26
7637.000 18.53
7638.000 18.82
7639.000 19.10
7640.000 19.28
7641.000 19.19
7642.000 18.70
7643.000 17.66
7644.000 19.28
7645.000 19.29
7646.000 18.79
7647.000 18.80
7648.000 19.19
7649.000 19.30
7650.000 19.30
7651.000 17.46
7652.000 18.66
7653.000 19.21
7654.000 19.27
7655.000 19.31
7656.000 18.75
7657.000 19.03
7658.000 19.26
7659.000 19.28
7660.000 19.32
7661.000 19.28
7662.000 19.25
7663.000 19.26
7664.000 19.32
7665.000 19.32
7666.000 19.32
7667.000 15.64
7668.000 16.91
7669.000 19.32
7670.000 19.33
7671.000 19.33
7672.000 19.32
7673.000 19.28
7674.000 19.24
7675.000 19.33
7676.000 19.33
7677.000 19.33
7678.000 19.32
7679.000 19.31
7680.000 19.30
7681.000 19.32
7682.000 19.33
7683.000 19.32
7684.000 19.32
7685.000 19.24
7686.000 19.03
7687.000 19.32
7688.000 19.32
7689.000 19.32
7690.000 19.32
7691.000 19.32
7692.000 19.32
7693.000 19.32
7694.000 19.32
7695.000 19.32
7696.000 19.32
7697.000 19.32
7698.000 19.17
7699.000 19.05
7700.000 19.32
7701.000 19.32
7702.000 19.32
7703.000 19.32
7704.000 19.32
7705.000 19.31
7706.000 19.31
7707.000 19.32
7708.000 19.32
7709.000 19.32
7710.000 19.32
7711.000 19.32
7712.000 19.28
7713.000 19.28
7714.000 19.31
7715.000 19.31
7716.000 19.31
7717.000 19.31
7718.000 19.31
7719.000 19.31
7720.000 19.31
7721.000 19.31
7722.000 19.31
7723.000 19.31
7724.000 19.31
7725.000 19.31
7726.000 19.31
7727.000 19.30
7728.000 19.30
7729.000 19.31
7730.000 19.31
7731.000 19.31
7732.000 19.31
7733.000 19.31
7734.000 19.31
7735.000 19.31
7736.000 19.29
7737.000 19.30
7738.000 19.30
7739.000 19.30
7740.000 19.30
7741.000 19.30
7742.000 19.30
7743.000 19.30
7744.000 19.30
7745.000 19.30
7746.000 19.30
7747.000 19.30
7748.000 19.30
7749.000 19.30
7750.000 19.30
7751.000 19.30
7752.000 19.30
7753.000 19.30
7754.000 19.30
7755.000 19.30
7756.000 19.30
7757.000 19.30
7758.000 19.30
7759.000 19.30
7760.000 19.30
7761.000 19.30
7762.000 19.29
7763.000 19.29
7764.000 19.29
7765.000 19.29
7766.000 19.29
7767.000 19.29
7768.000 19.29
7769.000 19.29
7770.000 19.29
7771.000 19.29
7772.000 19.29
7773.000 19.29
7774.000 19.29
7775.000 19.29
7776.000 19.29
7777.000 19.29
7778.000 19.29
7779.000 19.29
7780.000 19.29
7781.000 19.29
7782.000 19.29
7783.000 19.29
7784.000 19.29
7785.000 19.29
7786.000 19.28
7787.000 19.28
7788.000 19.28
7789.000 19.28
7790.000 19.28
7791.000 19.28
7792.000 19.28
7793.000 19.28
7794.000 19.28
7795.000 19.28
7796.000 19.28
7797.000 19.28
7798.000 19.28
7799.000 19.28
7800.000 19.28
7801.000 19.28
7802.000 19.28
7803.000 19.28
7804.000 19.28
7805.000 19.28
7806.000 19.28
7807.000 19.28
7808.000 19.28
7809.000 19.28
7810.000 19.27
7811.000 19.27
7812.000 19.27
7813.000 19.27
7814.000 19.27
7815.000 19.27
7816.000 19.27
7817.000 19.27
7818.000 19.27
7819.000 19.27
7820.000 19.27
7821.000 19.27
7822.000 19.27
7823.000 19.27
7824.000 19.27
7825.000 19.27
7826.000 19.27
7827.000 19.27
7828.000 19.27
7829.000 19.27
7830.000 19.27
7831.000 19.27
7832.000 19.27
7833.000 19.27
7834.000 19.26
7835.000 19.26
7836.000 19.26
7837.000 19.26
7838.000 19.26
7839.000 19.26
7840.000 19.26
7841.000 19.26
7842.000 19.26
7843.000 19.26
7844.000 19.26
7845.000 19.26
7846.000 19.26
7847.000 19.26
7848.000 19.26
7849.000 19.26
7850.000 19.26
7851.000 19.26
7852.000 19.26
7853.000 19.26
7854.000 19.26
7855.000 19.26
7856.000 19.25
7857.000 19.25
7858.000 19.25
7859.000 19.25
7860.000 19.25
7861.000 19.25
7862.000 19.25
7863.000 19.25
7864.000 19.25
7865.000 19.25
7866.000 19.25
7867.000 19.25
7868.000 19.25
7869.000 19.25
7870.000 19.25
7871.000 19.25
7872.000 19.24
7873.000 19.25
7874.000 19.25
7875.000 19.23
7876.000 19.25
7877.000 19.25
7878.000 19.24
7879.000 19.24
7880.000 19.24
7881.000 19.24
7882.000 19.24
7883.000 19.24
7884.000 19.24
7885.000 19.24
7886.000 19.24
7887.000 19.24
7888.000 19.24
7889.000 19.23
7890.000 19.24
7891.000 19.24
7892.000 19.24
7893.000 19.24
7894.000 19.22
7895.000 19.24
7896.000 19.24
7897.000 19.23
7898.000 19.23
7899.000 19.23
7900.000 19.23
7901.000 19.23
7902.000 19.23
7903.000 19.21
7904.000 19.18
7905.000 19.23
7906.000 19.23
7907.000 19.23
7908.000 19.23
7909.000 19.23
7910.000 19.23
7911.000 19.19
7912.000 19.23
7913.000 19.22
7914.000 19.23
7915.000 19.23
7916.000 19.23
7917.000 19.23
7918.000 19.22
7919.000 19.22
7920.000 19.22
7921.000 19.22
7922.000 19.22
7923.000 19.21
7924.000 19.22
7925.000 19.22
7926.000 19.22
7927.000 19.22
7928.000 19.22
7929.000 19.22
7930.000 19.22
7931.000 19.21
7932.000 19.22
7933.000 19.22
7934.000 19.21
7935.000 19.22
7936.000 19.22
7937.000 19.22
7938.000 19.22
7939.000 19.22
7940.000 19.22
7941.000 19.21
7942.000 19.21
7943.000 19.21
7944.000 19.20
7945.000 19.21
7946.000 19.21
7947.000 19.21
7948.000 19.21
7949.000 19.21
7950.000 19.20
7951.000 19.21
7952.000 19.21
7953.000 19.20
7954.000 19.21
7955.000 19.21
7956.000 19.19
7957.000 19.21
7958.000 19.21
7959.000 19.21
7960.000 19.20
7961.000 19.20
7962.000 19.20
7963.000 19.18
7964.000 19.20
7965.000 19.19
7966.000 19.20
7967.000 19.20
7968.000 19.20
7969.000 19.20
7970.000 19.20
7971.000 19.20
7972.000 19.20
7973.000 19.20
7974.000 19.20
7975.000 19.20
7976.000 19.20
7977.000 19.19
7978.000 19.20
7979.000 19.20
7980.000 19.20
7981.000 19.19
7982.000 19.19
7983.000 19.19
7984.000 19.19
7985.000 19.19
7986.000 19.19
7987.000 19.19
7988.000 19.19
7989.000 19.19
7990.000 19.19
7991.000 19.19
7992.000 19.19
7993.000 19.18
7994.000 19.19
7995.000 19.19
7996.000 19.18
7997.000 19.19
7998.000 19.18
7999.000 19.19
8000.000 19.18
8001.000 19.18
8002.000 19.18
8003.000 19.18
8004.000 19.18
8005.000 19.18
8006.000 19.18
8007.000 19.18
8008.000 19.18
8009.000 19.18
8010.000 19.17
8011.000 19.18
8012.000 19.18
8013.000 19.17
8014.000 19.18
8015.000 19.17
8016.000 19.17
8017.000 19.17
8018.000 19.18
8019.000 19.17
8020.000 19.17
8021.000 19.17
8022.000 19.17
8023.000 19.16
8024.000 19.17
8025.000 19.17
8026.000 19.16
8027.000 19.17
8028.000 19.17
8029.000 19.17
8030.000 19.15
8031.000 19.17
8032.000 19.17
8033.000 19.17
8034.000 19.17
8035.000 19.17
8036.000 19.16
8037.000 19.16
8038.000 19.16
8039.000 19.16
8040.000 19.16
8041.000 19.16
8042.000 19.16
8043.000 19.16
8044.000 19.16
8045.000 19.16
8046.000 19.16
8047.000 19.16
8048.000 19.16
8049.000 19.16
8050.000 19.16
8051.000 19.16
8052.000 19.16
8053.000 19.16
8054.000 19.16
8055.000 19.15
8056.000 19.15
8057.000 19.15
8058.000 19.15
8059.000 19.15
8060.000 19.15
8061.000 19.15
8062.000 19.15
8063.000 19.15
8064.000 19.15
8065.000 19.15
8066.000 19.15
8067.000 19.15
8068.000 19.15
8069.000 19.15
8070.000 19.15
8071.000 19.15
8072.000 19.14
8073.000 19.14
8074.000 19.14
8075.000 19.14
8076.000 19.14
8077.000 19.14
8078.000 19.14
8079.000 19.14
8080.000 19.14
8081.000 19.14
8082.000 19.14
8083.000 19.14
8084.000 19.14
8085.000 19.14
8086.000 19.14
8087.000 19.13
8088.000 19.13
8089.000 19.14
8090.000 19.14
8091.000 19.13
8092.000 19.13
8093.000 19.13
8094.000 19.13
8095.000 19.13
8096.000 19.13
8097.000 19.13
8098.000 19.13
8099.000 19.13
8100.000 19.13
8101.000 19.12
8102.000 19.13
8103.000 19.13
8104.000 19.13
8105.000 19.13
8106.000 19.13
8107.000 19.12
8108.000 19.12
8109.000 19.12
8110.000 19.10
8111.000 19.12
8112.000 19.12
8113.000 19.12
8114.000 19.12
8115.000 19.12
8116.000 19.10
8117.000 19.12
8118.000 19.12
8119.000 19.12
8120.000 19.12
8121.000 19.11
8122.000 19.12
8123.000 19.11
8124.000 19.11
8125.000 19.10
8126.000 19.11
8127.000 19.11
8128.000 19.11
8129.000 19.09
8130.000 19.11
8131.000 19.11
8132.000 19.11
8133.000 19.11
8134.000 19.11
8135.000 19.11
8136.000 18.87
8137.000 19.10
8138.000 19.11
8139.000 19.10
8140.000 19.11
8141.000 19.08
8142.000 19.05
8143.000 19.00
8144.000 19.08
8145.000 19.10
8146.000 19.01
8147.000 19.10
8148.000 19.10
8149.000 19.10
8150.000 19.10
8151.000 19.09
8152.000 18.99
8153.000 19.10
8154.000 19.10
8155.000 19.09
8156.000 18.98
8157.000 18.91
8158.000 19.09
8159.000 19.09
8160.000 19.08
8161.000 19.09
8162.000 19.09
8163.000 19.09
8164.000 19.07
8165.000 19.07
8166.000 19.07
8167.000 19.03
8168.000 19.09
8169.000 19.08
8170.000 19.08
8171.000 18.93
8172.000 19.05
8173.000 19.08
8174.000 19.08
8175.000 19.08
8176.000 19.07
8177.000 19.06
8178.000 19.08
8179.000 19.02
8180.000 19.05
8181.000 19.06
8182.000 19.07
8183.000 19.08
8184.000 18.94
8185.000 19.08
8186.000 19.08
8187.000 19.08
8188.000 19.07
8189.000 19.07
8190.000 19.07
8191.000 19.06
8192.000 19.06
8193.000 19.07
8194.000 19.07
8195.000 19.06
8196.000 19.06
8197.000 19.07
8198.000 19.07
8199.000 19.07
8200.000 18.35
8201.000 19.06
8202.000 19.06
8203.000 18.92
8204.000 19.07
8205.000 19.07
8206.000 19.06
8207.000 19.04
8208.000 19.06
8209.000 19.06
8210.000 19.06
8211.000 19.06
8212.000 19.05
8213.000 19.06
8214.000 19.06
8215.000 19.06
8216.000 19.05
8217.000 19.06
8218.000 19.06
8219.000 19.06
8220.000 19.05
8221.000 19.05
8222.000 19.05
8223.000 19.05
8224.000 19.04
8225.000 19.05
8226.000 19.04
8227.000 19.05
8228.000 18.94
8229.000 19.00
8230.000 19.02
8231.000 18.78
8232.000 18.76
8233.000 19.04
8234.000 18.80
8235.000 19.05
8236.000 19.00
8237.000 19.03
8238.000 19.04
8239.000 19.04
8240.000 19.04
8241.000 19.04
8242.000 19.03
8243.000 19.04
8244.000 19.04
8245.000 19.04
8246.000 19.01
8247.000 19.04
8248.000 19.04
8249.000 19.03
8250.000 19.04
8251.000 19.03
8252.000 19.03
8253.000 19.03
8254.000 19.03
8255.000 18.91
8256.000 19.03
8257.000 19.03
8258.000 19.03
8259.000 18.99
8260.000 19.02
8261.000 19.03
8262.000 18.83
8263.000 19.03
8264.000 19.03
8265.000 19.02
8266.000 19.02
8267.000 19.02
8268.000 19.02
8269.000 19.02
8270.000 19.02
8271.000 19.02
8272.000 19.02
8273.000 19.02
8274.000 19.01
8275.000 19.02
8276.000 19.02
8277.000 19.01
8278.000 19.02
8279.000 18.84
8280.000 19.02
8281.000 19.00
8282.000 18.95
8283.000 19.01
8284.000 18.99
8285.000 19.01
8286.000 19.01
8287.000 19.01
8288.000 19.01
8289.000 19.01
8290.000 18.97
8291.000 19.01
8292.000 18.99
8293.000 19.01
8294.000 19.01
8295.000 19.01
8296.000 19.00
8297.000 18.99
8298.000 19.00
8299.000 19.00
8300.000 19.00
8301.000 19.00
8302.000 19.00
8303.000 18.99
8304.000 19.00
8305.000 19.00
8306.000 19.00
8307.000 18.99
8308.000 18.99
8309.000 19.00
8310.000 18.99
8311.000 18.99
8312.000 18.99
8313.000 18.99
8314.000 18.96
8315.000 18.99
8316.000 18.99
8317.000 18.99
8318.000 18.99
8319.000 18.99
8320.000 18.99
8321.000 18.99
8322.000 18.99
8323.000 18.98
8324.000 18.93
8325.000 18.99
8326.000 18.99
8327.000 18.99
8328.000 18.98
8329.000 18.98
8330.000 18.98
8331.000 18.98
8332.000 18.79
8333.000 18.98
8334.000 18.98
8335.000 18.96
8336.000 18.96
8337.000 18.98
8338.000 18.97
8339.000 18.98
8340.000 18.98
8341.000 18.94
8342.000 18.97
8343.000 18.97
8344.000 18.97
8345.000 18.97
8346.000 18.97
8347.000 18.97
8348.000 18.97
8349.000 18.97
8350.000 18.97
8351.000 18.97
8352.000 18.97
8353.000 18.97
8354.000 18.97
8355.000 18.96
8356.000 18.93
8357.000 18.94
8358.000 18.96
8359.000 18.96
8360.000 18.96
8361.000 18.96
8362.000 18.96
8363.000 18.96
8364.000 18.96
8365.000 18.96
8366.000 18.96
8367.000 18.96
8368.000 18.96
8369.000 18.95
8370.000 18.95
8371.000 18.95
8372.000 18.95
8373.000 18.95
8374.000 18.95
8375.000 18.95
8376.000 18.90
8377.000 18.95
8378.000 18.94
8379.000 18.94
8380.000 18.95
8381.000 18.95
8382.000 18.95
8383.000 18.95
8384.000 18.94
8385.000 18.94
8386.000 18.94
8387.000 18.94
8388.000 18.93
8389.000 18.94
8390.000 18.93
8391.000 18.94
8392.000 18.94
8393.000 18.94
8394.000 18.94
8395.000 18.94
8396.000 18.93
8397.000 18.93
8398.000 18.93
8399.000 18.93
8400.000 18.93
8401.000 18.93
8402.000 18.93
8403.000 18.92
8404.000 18.93
8405.000 18.93
8406.000 18.93
8407.000 18.93
8408.000 18.92
8409.000 18.93
8410.000 18.93
8411.000 18.91
8412.000 18.92
8413.000 18.92
8414.000 18.92
8415.000 18.92
8416.000 18.92
8417.000 18.92
8418.000 18.92
8419.000 18.92
8420.000 18.92
8421.000 18.91
8422.000 18.92
8423.000 18.92
8424.000 18.92
8425.000 18.91
8426.000 18.91
8427.000 18.91
8428.000 18.91
8429.000 18.91
8430.000 18.91
8431.000 18.91
8432.000 18.91
8433.000 18.90
8434.000 18.91
8435.000 18.91
8436.000 18.91
8437.000 18.90
8438.000 18.90
8439.000 18.90
8440.000 18.90
8441.000 18.90
8442.000 18.90
8443.000 18.90
8444.000 18.90
8445.000 18.90
8446.000 18.90
8447.000 18.90
8448.000 18.90
8449.000 18.90
8450.000 18.90
8451.000 18.90
8452.000 18.89
8453.000 18.89
8454.000 18.89
8455.000 18.89
8456.000 18.89
8457.000 18.89
8458.000 18.89
8459.000 18.89
8460.000 18.89
8461.000 18.89
8462.000 18.89
8463.000 18.89
8464.000 18.88
8465.000 18.88
8466.000 18.88
8467.000 18.88
8468.000 18.88
8469.000 18.88
8470.000 18.88
8471.000 18.88
8472.000 18.88
8473.000 18.88
8474.000 18.88
8475.000 18.88
8476.000 18.88
8477.000 18.87
8478.000 18.87
8479.000 18.87
8480.000 18.87
8481.000 18.87
8482.000 18.87
8483.000 18.87
8484.000 18.87
8485.000 18.87
8486.000 18.87
8487.000 18.87
8488.000 18.87
8489.000 18.86
8490.000 18.86
8491.000 18.86
8492.000 18.86
8493.000 18.86
8494.000 18.86
8495.000 18.86
8496.000 18.86
8497.000 18.86
8498.000 18.86
8499.000 18.86
8500.000 18.86
8501.000 18.86
8502.000 18.85
8503.000 18.85
8504.000 18.85
8505.000 18.85
8506.000 18.85
8507.000 18.85
8508.000 18.85
8509.000 18.85
8510.000 18.85
8511.000 18.85
8512.000 18.85
8513.000 18.85
8514.000 18.84
8515.000 18.84
8516.000 18.84
8517.000 18.84
8518.000 18.84
8519.000 18.84
8520.000 18.84
8521.000 18.84
8522.000 18.82
8523.000 18.84
8524.000 18.84
8525.000 18.84
8526.000 18.84
8527.000 18.83
8528.000 18.83
8529.000 18.83
8530.000 18.83
8531.000 18.83
8532.000 18.83
8533.000 18.83
8534.000 18.83
8535.000 18.83
8536.000 18.83
8537.000 18.83
8538.000 18.83
8539.000 18.82
8540.000 18.82
8541.000 18.82
8542.000 18.82
8543.000 18.82
8544.000 18.82
8545.000 18.82
8546.000 18.82
8547.000 18.82
8548.000 18.82
8549.000 18.82
8550.000 18.82
8551.000 18.82
8552.000 18.81
8553.000 18.81
8554.000 18.81
8555.000 18.81
8556.000 18.81
8557.000 18.81
8558.000 18.81
8559.000 18.81
8560.000 18.81
8561.000 18.81
8562.000 18.81
8563.000 18.81
8564.000 18.80
8565.000 18.80
8566.000 18.80
8567.000 18.80
8568.000 18.80
8569.000 18.80
8570.000 18.80
8571.000 18.80
8572.000 18.80
8573.000 18.80
8574.000 18.79
8575.000 18.80
8576.000 18.79
8577.000 18.79
8578.000 18.79
8579.000 18.79
8580.000 18.79
8581.000 18.79
8582.000 18.79
8583.000 18.79
8584.000 18.79
8585.000 18.79
8586.000 18.79
8587.000 18.79
8588.000 18.78
8589.000 18.78
8590.000 18.78
8591.000 18.78
8592.000 18.78
8593.000 18.78
8594.000 18.78
8595.000 18.78
8596.000 18.78
8597.000 18.78
8598.000 18.78
8599.000 18.78
8600.000 18.77
8601.000 18.77
8602.000 18.77
8603.000 18.77
8604.000 18.77
8605.000 18.77
8606.000 18.77
8607.000 18.77
8608.000 18.77
8609.000 18.77
8610.000 18.77
8611.000 18.77
8612.000 18.76
8613.000 18.76
8614.000 18.76
8615.000 18.76
8616.000 18.76
8617.000 18.76
8618.000 18.76
8619.000 18.76
8620.000 18.76
8621.000 18.76
8622.000 18.76
8623.000 18.76
8624.000 18.75
8625.000 18.75
8626.000 18.75
8627.000 18.75
8628.000 18.75
8629.000 18.75
8630.000 18.75
8631.000 18.75
8632.000 18.75
8633.000 18.75
8634.000 18.75
8635.000 18.74
8636.000 18.74
8637.000 18.74
8638.000 18.74
8639.000 18.74
8640.000 18.74
8641.000 18.74
8642.000 18.74
8643.000 18.74
8644.000 18.74
8645.000 18.74
8646.000 18.74
8647.000 18.73
8648.000 18.73
8649.000 18.73
8650.000 18.73
8651.000 18.73
8652.000 18.73
8653.000 18.73
8654.000 18.73
8655.000 18.73
8656.000 18.73
8657.000 18.73
8658.000 18.72
8659.000 18.72
8660.000 18.72
8661.000 18.72
8662.000 18.72
8663.000 18.72
8664.000 18.72
8665.000 18.72
8666.000 18.72
8667.000 18.72
8668.000 18.72
8669.000 18.72
8670.000 18.71
8671.000 18.71
8672.000 18.71
8673.000 18.71
8674.000 18.71
8675.000 18.71
8676.000 18.71
8677.000 18.71
8678.000 18.71
8679.000 18.71
8680.000 18.71
8681.000 18.70
8682.000 18.70
8683.000 18.70
8684.000 18.70
8685.000 18.70
8686.000 18.70
8687.000 18.70
8688.000 18.70
8689.000 18.70
8690.000 18.70
8691.000 18.70
8692.000 18.69
8693.000 18.69
8694.000 18.69
8695.000 18.69
8696.000 18.69
8697.000 18.69
8698.000 18.69
8699.000 18.69
8700.000 18.69
8701.000 18.69
8702.000 18.69
8703.000 18.68
8704.000 18.68
8705.000 18.68
8706.000 18.68
8707.000 18.68
8708.000 18.68
8709.000 18.68
8710.000 18.68
8711.000 18.68
8712.000 18.68
8713.000 18.68
8714.000 18.67
8715.000 18.67
8716.000 18.67
8717.000 18.67
8718.000 18.67
8719.000 18.67
8720.000 18.67
8721.000 18.67
8722.000 18.67
8723.000 18.67
8724.000 18.67
8725.000 18.66
8726.000 18.66
8727.000 18.66
8728.000 18.66
8729.000 18.66
8730.000 18.66
8731.000 18.66
8732.000 18.66
8733.000 18.66
8734.000 18.66
8735.000 18.66
8736.000 18.65
8737.000 18.65
8738.000 18.65
8739.000 18.65
8740.000 18.65
8741.000 18.65
8742.000 18.65
8743.000 18.65
8744.000 18.65
8745.000 18.65
8746.000 18.65
8747.000 18.64
8748.000 18.64
8749.000 18.64
8750.000 18.64
8751.000 18.64
8752.000 18.64
8753.000 18.64
8754.000 18.64
8755.000 18.64
8756.000 18.64
8757.000 18.63
8758.000 18.63
8759.000 18.63
8760.000 18.63
8761.000 18.63
8762.000 18.63
8763.000 18.63
8764.000 18.63
8765.000 18.63
8766.000 18.63
8767.000 18.63
8768.000 18.62
8769.000 18.62
8770.000 18.62
8771.000 18.62
8772.000 18.62
8773.000 18.62
8774.000 18.62
8775.000 18.62
8776.000 18.62
8777.000 18.62
8778.000 18.62
8779.000 18.61
8780.000 18.61
8781.000 18.61
8782.000 18.61
8783.000 18.61
8784.000 18.61
8785.000 18.61
8786.000 18.61
8787.000 18.61
8788.000 18.61
8789.000 18.60
8790.000 18.60
8791.000 18.60
8792.000 18.60
8793.000 18.60
8794.000 18.60
8795.000 18.60
8796.000 18.60
8797.000 18.60
8798.000 18.60
8799.000 18.59
8800.000 18.59
8801.000 18.59
8802.000 18.59
8803.000 18.59
8804.000 18.59
8805.000 18.59
8806.000 18.59
8807.000 18.59
8808.000 18.59
8809.000 18.59
8810.000 18.58
8811.000 18.58
8812.000 18.58
8813.000 18.58
8814.000 18.58
8815.000 18.58
8816.000 18.58
8817.000 18.58
8818.000 18.58
8819.000 18.58
8820.000 18.57
8821.000 18.57
8822.000 18.57
8823.000 18.57
8824.000 18.57
8825.000 18.57
8826.000 18.57
8827.000 18.57
8828.000 18.57
8829.000 18.57
8830.000 18.56
8831.000 18.56
8832.000 18.56
8833.000 18.56
8834.000 18.56
8835.000 18.56
8836.000 18.56
8837.000 18.56
8838.000 18.56
8839.000 18.55
8840.000 18.55
8841.000 18.55
8842.000 18.55
8843.000 18.55
8844.000 18.55
8845.000 18.55
8846.000 18.55
8847.000 18.55
8848.000 18.55
8849.000 18.55
8850.000 18.54
8851.000 18.54
8852.000 18.54
8853.000 18.54
8854.000 18.54
8855.000 18.54
8856.000 18.54
8857.000 18.54
8858.000 18.54
8859.000 18.54
8860.000 18.53
8861.000 18.53
8862.000 18.53
8863.000 18.53
8864.000 18.53
8865.000 18.53
8866.000 18.53
8867.000 18.53
8868.000 18.53
8869.000 18.53
8870.000 18.52
8871.000 18.52
8872.000 18.52
8873.000 18.52
8874.000 18.52
8875.000 18.52
8876.000 18.52
8877.000 18.52
8878.000 18.52
8879.000 18.52
8880.000 18.51
8881.000 18.51
8882.000 18.51
8883.000 18.51
8884.000 18.51
8885.000 18.51
8886.000 18.51
8887.000 18.51
8888.000 18.51
8889.000 18.51
8890.000 18.50
8891.000 18.50
8892.000 18.50
8893.000 18.50
8894.000 18.50
8895.000 18.50
8896.000 18.50
8897.000 18.49
8898.000 18.50
8899.000 18.48
8900.000 18.49
8901.000 18.49
8902.000 18.49
8903.000 18.48
8904.000 18.49
8905.000 18.49
8906.000 18.49
8907.000 18.49
8908.000 18.49
8909.000 18.49
8910.000 18.48
8911.000 18.48
8912.000 18.48
8913.000 18.48
8914.000 18.48
8915.000 18.48
8916.000 18.48
8917.000 18.48
8918.000 18.48
8919.000 18.47
8920.000 18.44
8921.000 18.47
8922.000 18.46
8923.000 18.47
8924.000 18.47
8925.000 18.47
8926.000 18.47
8927.000 18.47
8928.000 18.47
8929.000 18.46
8930.000 18.46
8931.000 18.46
8932.000 18.45
8933.000 18.46
8934.000 18.46
8935.000 18.46
8936.000 18.46
8937.000 18.45
8938.000 18.45
8939.000 18.45
8940.000 18.45
8941.000 18.45
8942.000 18.45
8943.000 18.41
8944.000 18.45
8945.000 18.44
8946.000 18.45
8947.000 18.45
8948.000 18.44
8949.000 18.42
8950.000 18.44
8951.000 18.40
8952.000 18.44
8953.000 18.44
8954.000 18.43
8955.000 18.43
8956.000 18.43
8957.000 18.42
8958.000 18.43
8959.000 18.43
8960.000 18.43
8961.000 18.40
8962.000 18.43
8963.000 18.43
8964.000 18.42
8965.000 18.22
8966.000 18.18
8967.000 18.42
8968.000 18.13
8969.000 18.36
8970.000 18.42
8971.000 18.42
8972.000 18.42
8973.000 18.41
8974.000 18.13
8975.000 18.41
8976.000 18.41
8977.000 18.39
8978.000 18.41
8979.000 18.37
8980.000 18.41
8981.000 18.41
8982.000 18.40
8983.000 17.59
8984.000 18.39
8985.000 18.40
8986.000 18.40
8987.000 18.40
8988.000 18.40
8989.000 17.96
8990.000 17.85
8991.000 18.39
8992.000 18.30
8993.000 18.36
8994.000 18.22
8995.000 18.38
8996.000 18.38
8997.000 18.39
8998.000 18.39
8999.000 18.39
9000.000 18.39
9001.000 18.39
9002.000 18.38
9003.000 18.25
9004.000 18.38
9005.000 18.38
9006.000 18.11
9007.000 18.37
9008.000 18.38
9009.000 18.37
9010.000 18.07
9011.000 18.37
9012.000 18.37
9013.000 18.37
9014.000 18.34
9015.000 18.37
9016.000 18.35
9017.000 18.37
9018.000 18.36
9019.000 17.87
9020.000 18.35
9021.000 18.36
9022.000 18.36
9023.000 18.36
9024.000 18.36
9025.000 18.04
9026.000 18.35
9027.000 18.35
9028.000 18.32
9029.000 18.34
9030.000 18.35
9031.000 18.35
9032.000 18.32
9033.000 18.35
9034.000 18.24
9035.000 18.35
9036.000 18.35
9037.000 18.35
9038.000 18.35
9039.000 18.35
9040.000 18.34
9041.000 18.34
9042.000 18.34
9043.000 18.34
9044.000 18.34
9045.000 18.32
9046.000 18.34
9047.000 18.34
9048.000 18.34
9049.000 18.33
9050.000 18.30
9051.000 18.30
9052.000 18.33
9053.000 18.33
9054.000 18.33
9055.000 18.32
9056.000 18.32
9057.000 18.32
9058.000 18.32
9059.000 18.32
9060.000 18.32
9061.000 18.32
9062.000 18.32
9063.000 18.13
9064.000 18.31
9065.000 18.29
9066.000 18.31
9067.000 18.31
9068.000 18.30
9069.000 18.31
9070.000 18.31
9071.000 18.30
9072.000 18.26
9073.000 18.30
9074.000 18.28
9075.000 18.29
9076.000 18.30
9077.000 18.26
9078.000 18.30
9079.000 18.30
9080.000 18.30
9081.000 18.29
9082.000 18.22
9083.000 18.25
9084.000 18.21
9085.000 18.29
9086.000 18.29
9087.000 18.29
9088.000 18.24
9089.000 18.11
9090.000 18.27
9091.000 18.29
9092.000 18.28
9093.000 18.26
9094.000 18.28
9095.000 18.00
9096.000 18.26
9097.000 18.28
9098.000 18.25
9099.000 18.28
9100.000 18.27
9101.000 18.15
9102.000 18.22
9103.000 17.91
9104.000 18.25
9105.000 18.27
9106.000 18.27
9107.000 18.27
9108.000 18.01
9109.000 18.26
9110.000 18.17
9111.000 18.22
9112.000 18.26
9113.000 18.24
9114.000 18.26
9115.000 18.26
9116.000 18.26
9117.000 18.25
9118.000 18.24
9119.000 18.25
9120.000 18.23
9121.000 18.21
9122.000 18.24
9123.000 18.25
9124.000 18.25
9125.000 18.25
9126.000 18.25
9127.000 18.23
9128.000 18.24
9129.000 18.24
9130.000 18.24
9131.000 18.16
9132.000 18.23
9133.000 17.82
9134.000 18.23
9135.000 18.09
9136.000 18.23
9137.000 18.21
9138.000 18.21
9139.000 17.75
9140.000 18.22
9141.000 18.23
9142.000 18.23
9143.000 18.17
9144.000 18.22
9145.000 18.22
9146.000 18.19
9147.000 18.18
9148.000 18.22
9149.000 18.22
9150.000 18.22
9151.000 18.21
9152.000 18.21
9153.000 18.20
9154.000 18.20
9155.000 18.00
9156.000 18.19
9157.000 18.21
9158.000 17.86
9159.000 18.19
9160.000 18.21
9161.000 18.20
9162.000 18.20
9163.000 18.19
9164.000 18.20
9165.000 18.18
9166.000 18.20
9167.000 18.19
9168.000 18.20
9169.000 18.20
9170.000 18.18
9171.000 18.19
9172.000 18.17
9173.000 18.19
9174.000 18.17
9175.000 18.05
9176.000 18.18
9177.000 18.10
9178.000 18.15
9179.000 18.14
9180.000 18.18
9181.000 18.08
9182.000 18.18
9183.000 18.18
9184.000 18.17
9185.000 18.18
9186.000 18.14
9187.000 17.95
9188.000 18.17
9189.000 18.15
9190.000 18.17
9191.000 18.17
9192.000 18.17
9193.000 18.16
9194.000 18.16
9195.000 18.06
9196.000 18.16
9197.000 18.16
9198.000 17.95
9199.000 18.16
9200.000 18.16
9201.000 18.16
9202.000 18.16
9203.000 18.15
9204.000 18.15
9205.000 18.15
9206.000 18.15
9207.000 18.14
9208.000 18.12
9209.000 18.15
9210.000 18.14
9211.000 18.12
9212.000 18.14
9213.000 18.14
9214.000 18.14
9215.000 18.14
9216.000 18.14
9217.000 18.10
9218.000 18.13
9219.000 18.13
9220.000 18.00
9221.000 18.13
9222.000 18.13
9223.000 18.12
9224.000 18.13
9225.000 18.13
9226.000 18.13
9227.000 18.12
9228.000 18.12
9229.000 18.12
9230.000 18.12
9231.000 18.11
9232.000 18.10
9233.000 18.07
9234.000 18.11
9235.000 18.11
9236.000 18.12
9237.000 18.11
9238.000 18.11
9239.000 18.11
9240.000 18.11
9241.000 18.10
9242.000 18.11
9243.000 18.08
9244.000 18.11
9245.000 18.10
9246.000 18.10
9247.000 18.02
9248.000 18.10
9249.000 18.05
9250.000 18.10
9251.000 18.10
9252.000 18.03
9253.000 18.09
9254.000 18.08
9255.000 18.07
9256.000 18.09
9257.000 18.06
9258.000 18.09
9259.000 18.09
9260.000 18.09
9261.000 18.08
9262.000 18.06
9263.000 17.96
9264.000 18.07
9265.000 18.07
9266.000 18.08
9267.000 18.08
9268.000 18.07
9269.000 18.07
9270.000 18.07
9271.000 18.07
9272.000 18.06
9273.000 18.07
9274.000 18.06
9275.000 18.06
9276.000 18.05
9277.000 18.06
9278.000 18.06
9279.000 18.06
9280.000 18.01
9281.000 18.03
9282.000 18.04
9283.000 18.04
9284.000 18.05
9285.000 18.05
9286.000 18.05
9287.000 18.03
9288.000 18.03
9289.000 17.69
9290.000 18.04
9291.000 18.00
9292.000 18.04
9293.000 18.04
9294.000 17.91
9295.000 18.03
9296.000 18.02
9297.000 17.71
9298.000 18.01
9299.000 18.00
9300.000 17.96
9301.000 18.01
9302.000 18.03
9303.000 17.63
9304.000 18.01
9305.000 18.02
9306.000 18.00
9307.000 17.97
9308.000 18.00
9309.000 18.01
9310.000 17.98
9311.000 17.96
9312.000 14.87
9313.000 18.00
9314.000 17.99
9315.000 17.99
9316.000 18.01
9317.000 17.99
9318.000 17.91
9319.000 17.61
9320.000 17.93
9321.000 17.97
9322.000 17.92
9323.000 17.97
9324.000 17.99
9325.000 17.47
9326.000 17.91
9327.000 17.87
9328.000 16.78
9329.000 17.97
9330.000 17.90
9331.000 17.92
9332.000 17.98
9333.000 17.74
9334.000 16.91
9335.000 17.96
9336.000 16.24
9337.000 16.18
9338.000 17.91
9339.000 17.88
9340.000 17.91
9341.000 16.75
9342.000 14.74
9343.000 17.94
9344.000 17.92
9345.000 15.52
9346.000 16.79
9347.000 17.46
9348.000 13.33
9349.000 17.83
9350.000 17.94
9351.000 17.89
9352.000 17.95
9353.000 17.63
9354.000 17.94
9355.000 17.91
9356.000 16.57
9357.000 15.44
9358.000 17.88
9359.000 17.86
9360.000 15.99
9361.000 17.00
9362.000 17.89
9363.000 17.91
9364.000 17.90
9365.000 17.93
9366.000 17.86
9367.000 17.87
9368.000 17.87
9369.000 14.44
9370.000 17.84
9371.000 17.88
9372.000 13.45
9373.000 17.83
9374.000 9.86
9375.000 17.84
9376.000 17.90
9377.000 17.90
9378.000 17.84
9379.000 17.89
9380.000 17.17
9381.000 17.82
9382.000 17.77
9383.000 17.78
9384.000 17.04
9385.000 17.85
9386.000 17.82
9387.000 17.90
9388.000 17.90
9389.000 17.28
9390.000 17.79
9391.000 17.90
9392.000 17.90
9393.000 17.90
9394.000 17.88
9395.000 17.90
9396.000 17.90
9397.000 17.77
9398.000 17.90
9399.000 17.86
9400.000 17.90
