# lambda zeropoint
4625.000 16.96
4626.000 16.96
4627.000 16.96
4628.000 16.97
4629.000 16.97
4630.000 16.98
4631.000 16.98
4632.000 16.99
4633.000 16.99
4634.000 16.99
4635.000 17.00
4636.000 17.00
4637.000 17.01
4638.000 17.01
4639.000 17.01
4640.000 17.02
4641.000 17.02
4642.000 17.03
4643.000 17.03
4644.000 17.04
4645.000 17.04
4646.000 17.04
4647.000 17.05
4648.000 17.05
4649.000 17.06
4650.000 17.06
4651.000 17.06
4652.000 17.07
4653.000 17.07
4654.000 17.08
4655.000 17.08
4656.000 17.09
4657.000 17.09
4658.000 17.09
4659.000 17.10
4660.000 17.10
4661.000 17.11
4662.000 17.11
4663.000 17.11
4664.000 17.12
4665.000 17.12
4666.000 17.13
4667.000 17.13
4668.000 17.13
4669.000 17.14
4670.000 17.14
4671.000 17.15
4672.000 17.15
4673.000 17.15
4674.000 17.16
4675.000 17.16
4676.000 17.17
4677.000 17.17
4678.000 17.17
4679.000 17.18
4680.000 17.18
4681.000 17.18
4682.000 17.19
4683.000 17.19
4684.000 17.20
4685.000 17.20
4686.000 17.20
4687.000 17.21
4688.000 17.21
4689.000 17.22
4690.000 17.22
4691.000 17.22
4692.000 17.23
4693.000 17.23
4694.000 17.24
4695.000 17.24
4696.000 17.24
4697.000 17.25
4698.000 17.25
4699.000 17.25
4700.000 17.26
4701.000 17.26
4702.000 17.27
4703.000 17.27
4704.000 17.27
4705.000 17.28
4706.000 17.28
4707.000 17.28
4708.000 17.29
4709.000 17.29
4710.000 17.30
4711.000 17.30
4712.000 17.30
4713.000 17.31
4714.000 17.31
4715.000 17.31
4716.000 17.32
4717.000 17.32
4718.000 17.33
4719.000 17.33
4720.000 17.33
4721.000 17.34
4722.000 17.34
4723.000 17.34
4724.000 17.35
4725.000 17.35
4726.000 17.35
4727.000 17.36
4728.000 17.36
4729.000 17.37
4730.000 17.37
4731.000 17.37
4732.000 17.38
4733.000 17.38
4734.000 17.38
4735.000 17.39
4736.000 17.39
4737.000 17.39
4738.000 17.40
4739.000 17.40
4740.000 17.40
4741.000 17.41
4742.000 17.41
4743.000 17.41
4744.000 17.42
4745.000 17.42
4746.000 17.43
4747.000 17.43
4748.000 17.43
4749.000 17.44
4750.000 17.44
4751.000 17.44
4752.000 17.45
4753.000 17.45
4754.000 17.45
4755.000 17.46
4756.000 17.46
4757.000 17.46
4758.000 17.47
4759.000 17.47
4760.000 17.47
4761.000 17.48
4762.000 17.48
4763.000 17.48
4764.000 17.49
4765.000 17.49
4766.000 17.49
4767.000 17.50
4768.000 17.50
4769.000 17.50
4770.000 17.51
4771.000 17.51
4772.000 17.51
4773.000 17.52
4774.000 17.52
4775.000 17.52
4776.000 17.53
4777.000 17.53
4778.000 17.53
4779.000 17.54
4780.000 17.54
4781.000 17.54
4782.000 17.55
4783.000 17.55
4784.000 17.55
4785.000 17.56
4786.000 17.56
4787.000 17.56
4788.000 17.57
4789.000 17.57
4790.000 17.57
4791.000 17.58
4792.000 17.58
4793.000 17.58
4794.000 17.59
4795.000 17.59
4796.000 17.59
4797.000 17.60
4798.000 17.60
4799.000 17.60
4800.000 17.61
4801.000 17.61
4802.000 17.61
4803.000 17.62
4804.000 17.62
4805.000 17.62
4806.000 17.63
4807.000 17.63
4808.000 17.63
4809.000 17.64
4810.000 17.64
4811.000 17.64
4812.000 17.65
4813.000 17.65
4814.000 17.65
4815.000 17.66
4816.000 17.66
4817.000 17.66
4818.000 17.67
4819.000 17.67
4820.000 17.67
4821.000 17.68
4822.000 17.68
4823.000 17.68
4824.000 17.68
4825.000 17.69
4826.000 17.69
4827.000 17.69
4828.000 17.70
4829.000 17.70
4830.000 17.70
4831.000 17.71
4832.000 17.71
4833.000 17.71
4834.000 17.72
4835.000 17.72
4836.000 17.72
4837.000 17.73
4838.000 17.73
4839.000 17.73
4840.000 17.73
4841.000 17.74
4842.000 17.74
4843.000 17.74
4844.000 17.75
4845.000 17.75
4846.000 17.75
4847.000 17.76
4848.000 17.76
4849.000 17.76
4850.000 17.77
4851.000 17.77
4852.000 17.77
4853.000 17.77
4854.000 17.78
4855.000 17.78
4856.000 17.78
4857.000 17.79
4858.000 17.79
4859.000 17.79
4860.000 17.80
4861.000 17.80
4862.000 17.80
4863.000 17.80
4864.000 17.81
4865.000 17.81
4866.000 17.81
4867.000 17.82
4868.000 17.82
4869.000 17.82
4870.000 17.82
4871.000 17.83
4872.000 17.83
4873.000 17.83
4874.000 17.84
4875.000 17.84
4876.000 17.84
4877.000 17.84
4878.000 17.85
4879.000 17.85
4880.000 17.85
4881.000 17.86
4882.000 17.86
4883.000 17.86
4884.000 17.86
4885.000 17.87
4886.000 17.87
4887.000 17.87
4888.000 17.88
4889.000 17.88
4890.000 17.88
4891.000 17.88
4892.000 17.89
4893.000 17.89
4894.000 17.89
4895.000 17.90
4896.000 17.90
4897.000 17.90
4898.000 17.90
4899.000 17.91
4900.000 17.91
4901.000 17.91
4902.000 17.91
4903.000 17.92
4904.000 17.92
4905.000 17.92
4906.000 17.92
4907.000 17.93
4908.000 17.93
4909.000 17.93
4910.000 17.94
4911.000 17.94
4912.000 17.94
4913.000 17.94
4914.000 17.95
4915.000 17.95
4916.000 17.95
4917.000 17.95
4918.000 17.96
4919.000 17.96
4920.000 17.96
4921.000 17.96
4922.000 17.97
4923.000 17.97
4924.000 17.97
4925.000 17.98
4926.000 17.98
4927.000 17.98
4928.000 17.98
4929.000 17.99
4930.000 17.99
4931.000 17.99
4932.000 17.99
4933.000 18.00
4934.000 18.00
4935.000 18.00
4936.000 18.00
4937.000 18.01
4938.000 18.01
4939.000 18.01
4940.000 18.01
4941.000 18.02
4942.000 18.02
4943.000 18.02
4944.000 18.02
4945.000 18.03
4946.000 18.03
4947.000 18.03
4948.000 18.03
4949.000 18.04
4950.000 18.04
4951.000 18.04
4952.000 18.04
4953.000 18.05
4954.000 18.05
4955.000 18.05
4956.000 18.05
4957.000 18.06
4958.000 18.06
4959.000 18.06
4960.000 18.06
4961.000 18.07
4962.000 18.07
4963.000 18.07
4964.000 18.07
4965.000 18.08
4966.000 18.08
4967.000 18.08
4968.000 18.08
4969.000 18.09
4970.000 18.09
4971.000 18.09
4972.000 18.09
4973.000 18.10
4974.000 18.10
4975.000 18.10
4976.000 18.10
4977.000 18.10
4978.000 18.11
4979.000 18.11
4980.000 18.11
4981.000 18.11
4982.000 18.12
4983.000 18.12
4984.000 18.12
4985.000 18.12
4986.000 18.13
4987.000 18.13
4988.000 18.13
4989.000 18.13
4990.000 18.13
4991.000 18.14
4992.000 18.14
4993.000 18.14
4994.000 18.14
4995.000 18.15
4996.000 18.15
4997.000 18.15
4998.000 18.15
4999.000 18.15
5000.000 18.16
5001.000 18.16
5002.000 18.16
5003.000 18.16
5004.000 18.17
5005.000 18.17
5006.000 18.17
5007.000 18.17
5008.000 18.17
5009.000 18.18
5010.000 18.18
5011.000 18.18
5012.000 18.18
5013.000 18.19
5014.000 18.19
5015.000 18.19
5016.000 18.19
5017.000 18.19
5018.000 18.20
5019.000 18.20
5020.000 18.20
5021.000 18.20
5022.000 18.20
5023.000 18.21
5024.000 18.21
5025.000 18.21
5026.000 18.21
5027.000 18.22
5028.000 18.22
5029.000 18.22
5030.000 18.22
5031.000 18.22
5032.000 18.23
5033.000 18.23
5034.000 18.23
5035.000 18.23
5036.000 18.23
5037.000 18.24
5038.000 18.24
5039.000 18.24
5040.000 18.24
5041.000 18.24
5042.000 18.25
5043.000 18.25
5044.000 18.25
5045.000 18.25
5046.000 18.25
5047.000 18.26
5048.000 18.26
5049.000 18.26
5050.000 18.26
5051.000 18.27
5052.000 18.27
5053.000 18.27
5054.000 18.27
5055.000 18.27
5056.000 18.28
5057.000 18.28
5058.000 18.28
5059.000 18.27
5060.000 18.28
5061.000 18.29
5062.000 18.29
5063.000 18.29
5064.000 18.29
5065.000 18.29
5066.000 18.30
5067.000 18.30
5068.000 18.30
5069.000 18.30
5070.000 18.30
5071.000 18.31
5072.000 18.31
5073.000 18.31
5074.000 18.31
5075.000 18.31
5076.000 18.32
5077.000 18.32
5078.000 18.32
5079.000 18.32
5080.000 18.32
5081.000 18.32
5082.000 18.33
5083.000 18.33
5084.000 18.33
5085.000 18.33
5086.000 18.34
5087.000 18.34
5088.000 18.34
5089.000 18.34
5090.000 18.34
5091.000 18.35
5092.000 18.35
5093.000 18.35
5094.000 18.35
5095.000 18.35
5096.000 18.36
5097.000 18.36
5098.000 18.36
5099.000 18.36
5100.000 18.36
5101.000 18.37
5102.000 18.37
5103.000 18.37
5104.000 18.37
5105.000 18.37
5106.000 18.37
5107.000 18.38
5108.000 18.38
5109.000 18.38
5110.000 18.38
5111.000 18.38
5112.000 18.39
5113.000 18.39
5114.000 18.39
5115.000 18.39
5116.000 18.39
5117.000 18.40
5118.000 18.40
5119.000 18.40
5120.000 18.40
5121.000 18.40
5122.000 18.40
5123.000 18.41
5124.000 18.41
5125.000 18.41
5126.000 18.41
5127.000 18.41
5128.000 18.41
5129.000 18.42
5130.000 18.42
5131.000 18.42
5132.000 18.42
5133.000 18.42
5134.000 18.43
5135.000 18.43
5136.000 18.43
5137.000 18.43
5138.000 18.43
5139.000 18.43
5140.000 18.44
5141.000 18.44
5142.000 18.44
5143.000 18.44
5144.000 18.44
5145.000 18.44
5146.000 18.45
5147.000 18.45
5148.000 18.45
5149.000 18.45
5150.000 18.45
5151.000 18.45
5152.000 18.46
5153.000 18.46
5154.000 18.46
5155.000 18.46
5156.000 18.46
5157.000 18.46
5158.000 18.47
5159.000 18.47
5160.000 18.47
5161.000 18.47
5162.000 18.47
5163.000 18.48
5164.000 18.48
5165.000 18.48
5166.000 18.48
5167.000 18.48
5168.000 18.48
5169.000 18.48
5170.000 18.49
5171.000 18.49
5172.000 18.49
5173.000 18.49
5174.000 18.49
5175.000 18.49
5176.000 18.50
5177.000 18.50
5178.000 18.50
5179.000 18.50
5180.000 18.50
5181.000 18.50
5182.000 18.51
5183.000 18.51
5184.000 18.51
5185.000 18.51
5186.000 18.51
5187.000 18.51
5188.000 18.52
5189.000 18.52
5190.000 18.52
5191.000 18.52
5192.000 18.52
5193.000 18.52
5194.000 18.53
5195.000 18.53
5196.000 18.53
5197.000 18.53
5198.000 18.53
5199.000 18.53
5200.000 18.53
5201.000 18.54
5202.000 18.54
5203.000 18.54
5204.000 18.54
5205.000 18.54
5206.000 18.54
5207.000 18.55
5208.000 18.55
5209.000 18.55
5210.000 18.55
5211.000 18.55
5212.000 18.55
5213.000 18.55
5214.000 18.56
5215.000 18.56
5216.000 18.56
5217.000 18.56
5218.000 18.56
5219.000 18.56
5220.000 18.56
5221.000 18.57
5222.000 18.57
5223.000 18.57
5224.000 18.57
5225.000 18.57
5226.000 18.57
5227.000 18.57
5228.000 18.58
5229.000 18.58
5230.000 18.58
5231.000 18.58
5232.000 18.58
5233.000 18.58
5234.000 18.58
5235.000 18.59
5236.000 18.59
5237.000 18.59
5238.000 18.59
5239.000 18.59
5240.000 18.59
5241.000 18.59
5242.000 18.60
5243.000 18.60
5244.000 18.60
5245.000 18.60
5246.000 18.60
5247.000 18.60
5248.000 18.60
5249.000 18.61
5250.000 18.61
5251.000 18.61
5252.000 18.61
5253.000 18.61
5254.000 18.61
5255.000 18.61
5256.000 18.61
5257.000 18.62
5258.000 18.62
5259.000 18.62
5260.000 18.62
5261.000 18.62
5262.000 18.62
5263.000 18.62
5264.000 18.63
5265.000 18.63
5266.000 18.63
5267.000 18.63
5268.000 18.63
5269.000 18.63
5270.000 18.63
5271.000 18.63
5272.000 18.64
5273.000 18.64
5274.000 18.64
5275.000 18.64
5276.000 18.64
5277.000 18.64
5278.000 18.64
5279.000 18.64
5280.000 18.65
5281.000 18.65
5282.000 18.65
5283.000 18.65
5284.000 18.65
5285.000 18.65
5286.000 18.65
5287.000 18.65
5288.000 18.66
5289.000 18.66
5290.000 18.66
5291.000 18.66
5292.000 18.66
5293.000 18.66
5294.000 18.66
5295.000 18.66
5296.000 18.67
5297.000 18.67
5298.000 18.67
5299.000 18.67
5300.000 18.67
5301.000 18.67
5302.000 18.67
5303.000 18.67
5304.000 18.68
5305.000 18.68
5306.000 18.68
5307.000 18.68
5308.000 18.68
5309.000 18.68
5310.000 18.68
5311.000 18.68
5312.000 18.69
5313.000 18.69
5314.000 18.69
5315.000 18.69
5316.000 18.69
5317.000 18.69
5318.000 18.69
5319.000 18.69
5320.000 18.70
5321.000 18.70
5322.000 18.70
5323.000 18.70
5324.000 18.70
5325.000 18.70
5326.000 18.70
5327.000 18.70
5328.000 18.71
5329.000 18.71
5330.000 18.71
5331.000 18.71
5332.000 18.71
5333.000 18.71
5334.000 18.71
5335.000 18.71
5336.000 18.72
5337.000 18.72
5338.000 18.72
5339.000 18.72
5340.000 18.72
5341.000 18.72
5342.000 18.72
5343.000 18.72
5344.000 18.73
5345.000 18.73
5346.000 18.73
5347.000 18.73
5348.000 18.73
5349.000 18.73
5350.000 18.73
5351.000 18.73
5352.000 18.74
5353.000 18.74
5354.000 18.74
5355.000 18.74
5356.000 18.74
5357.000 18.74
5358.000 18.74
5359.000 18.74
5360.000 18.74
5361.000 18.75
5362.000 18.75
5363.000 18.75
5364.000 18.75
5365.000 18.75
5366.000 18.75
5367.000 18.75
5368.000 18.75
5369.000 18.76
5370.000 18.76
5371.000 18.76
5372.000 18.76
5373.000 18.76
5374.000 18.76
5375.000 18.76
5376.000 18.76
5377.000 18.76
5378.000 18.77
5379.000 18.77
5380.000 18.77
5381.000 18.77
5382.000 18.77
5383.000 18.77
5384.000 18.77
5385.000 18.77
5386.000 18.77
5387.000 18.78
5388.000 18.78
5389.000 18.78
5390.000 18.78
5391.000 18.78
5392.000 18.78
5393.000 18.78
5394.000 18.78
5395.000 18.78
5396.000 18.79
5397.000 18.79
5398.000 18.79
5399.000 18.79
5400.000 18.79
5401.000 18.79
5402.000 18.79
5403.000 18.79
5404.000 18.79
5405.000 18.80
5406.000 18.80
5407.000 18.80
5408.000 18.80
5409.000 18.80
5410.000 18.80
5411.000 18.80
5412.000 18.80
5413.000 18.80
5414.000 18.81
5415.000 18.81
5416.000 18.81
5417.000 18.81
5418.000 18.81
5419.000 18.81
5420.000 18.81
5421.000 18.81
5422.000 18.81
5423.000 18.81
5424.000 18.82
5425.000 18.82
5426.000 18.82
5427.000 18.82
5428.000 18.82
5429.000 18.82
5430.000 18.82
5431.000 18.82
5432.000 18.82
5433.000 18.82
5434.000 18.83
5435.000 18.83
5436.000 18.83
5437.000 18.83
5438.000 18.83
5439.000 18.83
5440.000 18.83
5441.000 18.83
5442.000 18.83
5443.000 18.83
5444.000 18.84
5445.000 18.84
5446.000 18.84
5447.000 18.84
5448.000 18.84
5449.000 18.84
5450.000 18.84
5451.000 18.84
5452.000 18.84
5453.000 18.84
5454.000 18.85
5455.000 18.85
5456.000 18.85
5457.000 18.85
5458.000 18.85
5459.000 18.85
5460.000 18.85
5461.000 18.85
5462.000 18.85
5463.000 18.85
5464.000 18.85
5465.000 18.86
5466.000 18.86
5467.000 18.86
5468.000 18.86
5469.000 18.86
5470.000 18.86
5471.000 18.86
5472.000 18.86
5473.000 18.86
5474.000 18.87
5475.000 18.87
5476.000 18.87
5477.000 18.87
5478.000 18.87
5479.000 18.87
5480.000 18.87
5481.000 18.87
5482.000 18.87
5483.000 18.87
5484.000 18.87
5485.000 18.88
5486.000 18.88
5487.000 18.88
5488.000 18.88
5489.000 18.88
5490.000 18.88
5491.000 18.88
5492.000 18.88
5493.000 18.88
5494.000 18.88
5495.000 18.89
5496.000 18.89
5497.000 18.89
5498.000 18.89
5499.000 18.89
5500.000 18.89
5501.000 18.89
5502.000 18.89
5503.000 18.89
5504.000 18.89
5505.000 18.89
5506.000 18.90
5507.000 18.90
5508.000 18.90
5509.000 18.90
5510.000 18.90
5511.000 18.90
5512.000 18.90
5513.000 18.90
5514.000 18.90
5515.000 18.90
5516.000 18.90
5517.000 18.91
5518.000 18.91
5519.000 18.91
5520.000 18.91
5521.000 18.91
5522.000 18.91
5523.000 18.91
5524.000 18.91
5525.000 18.91
5526.000 18.91
5527.000 18.91
5528.000 18.92
5529.000 18.92
5530.000 18.92
5531.000 18.92
5532.000 18.92
5533.000 18.92
5534.000 18.92
5535.000 18.92
5536.000 18.92
5537.000 18.92
5538.000 18.92
5539.000 18.92
5540.000 18.93
5541.000 18.93
5542.000 18.93
5543.000 18.93
5544.000 18.93
5545.000 18.93
5546.000 18.93
5547.000 18.93
5548.000 18.93
5549.000 18.93
5550.000 18.93
5551.000 18.93
5552.000 18.94
5553.000 18.94
5554.000 18.94
5555.000 18.94
5556.000 18.94
5557.000 18.94
5558.000 18.94
5559.000 18.94
5560.000 18.94
5561.000 18.94
5562.000 18.94
5563.000 18.94
5564.000 18.95
5565.000 18.95
5566.000 18.95
5567.000 18.95
5568.000 18.95
5569.000 18.95
5570.000 18.95
5571.000 18.95
5572.000 18.95
5573.000 18.95
5574.000 18.95
5575.000 18.95
5576.000 18.96
5577.000 18.96
5578.000 18.96
5579.000 18.96
5580.000 18.96
5581.000 18.96
5582.000 18.96
5583.000 18.96
5584.000 18.96
5585.000 18.96
5586.000 18.96
5587.000 18.96
5588.000 18.96
5589.000 18.97
5590.000 18.97
5591.000 18.97
5592.000 18.97
5593.000 18.97
5594.000 18.97
5595.000 18.97
5596.000 18.97
5597.000 18.97
5598.000 18.97
5599.000 18.97
5600.000 18.97
5601.000 18.97
5602.000 18.98
5603.000 18.98
5604.000 18.98
5605.000 18.98
5606.000 18.98
5607.000 18.98
5608.000 18.98
5609.000 18.98
5610.000 18.98
5611.000 18.98
5612.000 18.98
5613.000 18.98
5614.000 18.98
5615.000 18.99
5616.000 18.99
5617.000 18.99
5618.000 18.99
5619.000 18.99
5620.000 18.99
5621.000 18.99
5622.000 18.99
5623.000 18.99
5624.000 18.99
5625.000 18.99
5626.000 18.99
5627.000 18.99
5628.000 18.99
5629.000 19.00
5630.000 19.00
5631.000 19.00
5632.000 19.00
5633.000 19.00
5634.000 19.00
5635.000 19.00
5636.000 19.00
5637.000 19.00
5638.000 19.00
5639.000 19.00
5640.000 19.00
5641.000 19.00
5642.000 19.00
5643.000 19.01
5644.000 19.01
5645.000 19.01
5646.000 19.01
5647.000 19.01
5648.000 19.01
5649.000 19.01
5650.000 19.01
5651.000 19.01
5652.000 19.01
5653.000 19.01
5654.000 19.01
5655.000 19.01
5656.000 19.01
5657.000 19.02
5658.000 19.02
5659.000 19.02
5660.000 19.02
5661.000 19.02
5662.000 19.02
5663.000 19.02
5664.000 19.02
5665.000 19.02
5666.000 19.02
5667.000 19.02
5668.000 19.02
5669.000 19.02
5670.000 19.02
5671.000 19.03
5672.000 19.03
5673.000 19.03
5674.000 19.03
5675.000 19.03
5676.000 19.03
5677.000 19.03
5678.000 19.03
5679.000 19.03
5680.000 19.03
5681.000 19.03
5682.000 19.03
5683.000 19.03
5684.000 19.03
5685.000 19.03
5686.000 19.04
5687.000 19.03
5688.000 19.04
5689.000 19.03
5690.000 19.04
5691.000 19.04
5692.000 19.03
5693.000 19.04
5694.000 19.03
5695.000 19.04
5696.000 19.04
5697.000 19.04
5698.000 19.04
5699.000 19.04
5700.000 19.04
5701.000 19.04
5702.000 19.05
5703.000 19.05
5704.000 19.05
5705.000 19.05
5706.000 19.05
5707.000 19.05
5708.000 19.05
5709.000 19.05
5710.000 19.05
5711.000 19.05
5712.000 19.05
5713.000 19.05
5714.000 19.05
5715.000 19.05
5716.000 19.05
5717.000 19.06
5718.000 19.06
5719.000 19.06
5720.000 19.06
5721.000 19.06
5722.000 19.06
5723.000 19.06
5724.000 19.06
5725.000 19.06
5726.000 19.06
5727.000 19.06
5728.000 19.06
5729.000 19.06
5730.000 19.06
5731.000 19.06
5732.000 19.07
5733.000 19.07
5734.000 19.07
5735.000 19.07
5736.000 19.07
5737.000 19.07
5738.000 19.07
5739.000 19.07
5740.000 19.07
5741.000 19.07
5742.000 19.07
5743.000 19.07
5744.000 19.07
5745.000 19.07
5746.000 19.07
5747.000 19.08
5748.000 19.08
5749.000 19.08
5750.000 19.08
5751.000 19.08
5752.000 19.08
5753.000 19.08
5754.000 19.08
5755.000 19.08
5756.000 19.08
5757.000 19.08
5758.000 19.08
5759.000 19.08
5760.000 19.08
5761.000 19.09
5762.000 19.09
5763.000 19.09
5764.000 19.09
5765.000 19.09
5766.000 19.09
5767.000 19.09
5768.000 19.09
5769.000 19.09
5770.000 19.09
5771.000 19.09
5772.000 19.09
5773.000 19.09
5774.000 19.09
5775.000 19.10
5776.000 19.10
5777.000 19.10
5778.000 19.10
5779.000 19.10
5780.000 19.10
5781.000 19.10
5782.000 19.10
5783.000 19.10
5784.000 19.10
5785.000 19.10
5786.000 19.10
5787.000 19.10
5788.000 19.11
5789.000 19.11
5790.000 19.11
5791.000 19.11
5792.000 19.11
5793.000 19.11
5794.000 19.11
5795.000 19.11
5796.000 19.11
5797.000 19.11
5798.000 19.11
5799.000 19.12
5800.000 19.12
5801.000 19.12
5802.000 19.12
5803.000 19.12
5804.000 19.12
5805.000 19.12
5806.000 19.12
5807.000 19.12
5808.000 19.12
5809.000 19.12
5810.000 19.13
5811.000 19.13
5812.000 19.13
5813.000 19.13
5814.000 19.13
5815.000 19.13
5816.000 19.13
5817.000 19.13
5818.000 19.13
5819.000 19.13
5820.000 19.13
5821.000 19.13
5822.000 19.14
5823.000 19.14
5824.000 19.14
5825.000 19.14
5826.000 19.14
5827.000 19.14
5828.000 19.14
5829.000 19.14
5830.000 19.14
5831.000 19.14
5832.000 19.14
5833.000 19.14
5834.000 19.15
5835.000 19.15
5836.000 19.15
5837.000 19.15
5838.000 19.15
5839.000 19.15
5840.000 19.15
5841.000 19.15
5842.000 19.15
5843.000 19.15
5844.000 19.15
5845.000 19.15
5846.000 19.15
5847.000 19.15
5848.000 19.16
5849.000 19.16
5850.000 19.16
5851.000 19.16
5852.000 19.16
5853.000 19.16
5854.000 19.16
5855.000 19.16
5856.000 19.16
5857.000 19.16
5858.000 19.16
5859.000 19.16
5860.000 19.16
5861.000 19.17
5862.000 19.17
5863.000 19.17
5864.000 19.17
5865.000 19.17
5866.000 19.17
5867.000 19.17
5868.000 19.17
5869.000 19.17
5870.000 19.17
5871.000 19.17
5872.000 19.17
5873.000 19.17
5874.000 19.17
5875.000 19.18
5876.000 19.18
5877.000 19.18
5878.000 19.17
5879.000 19.18
5880.000 19.18
5881.000 19.18
5882.000 19.18
5883.000 19.18
5884.000 19.18
5885.000 19.18
5886.000 19.18
5887.000 19.18
5888.000 19.17
5889.000 19.18
5890.000 19.19
5891.000 19.19
5892.000 19.19
5893.000 19.19
5894.000 19.17
5895.000 19.19
5896.000 19.18
5897.000 19.19
5898.000 19.19
5899.000 19.19
5900.000 19.19
5901.000 19.19
5902.000 19.19
5903.000 19.19
5904.000 19.19
5905.000 19.19
5906.000 19.19
5907.000 19.19
5908.000 19.20
5909.000 19.19
5910.000 19.20
5911.000 19.20
5912.000 19.20
5913.000 19.20
5914.000 19.20
5915.000 19.20
5916.000 19.20
5917.000 19.20
5918.000 19.20
5919.000 19.20
5920.000 19.19
5921.000 19.20
5922.000 19.21
5923.000 19.21
5924.000 19.20
5925.000 19.21
5926.000 19.20
5927.000 19.21
5928.000 19.21
5929.000 19.21
5930.000 19.20
5931.000 19.21
5932.000 19.21
5933.000 19.21
5934.000 19.21
5935.000 19.21
5936.000 19.21
5937.000 19.21
5938.000 19.22
5939.000 19.21
5940.000 19.22
5941.000 19.22
5942.000 19.21
5943.000 19.22
5944.000 19.21
5945.000 19.22
5946.000 19.21
5947.000 19.22
5948.000 19.22
5949.000 19.22
5950.000 19.22
5951.000 19.22
5952.000 19.22
5953.000 19.22
5954.000 19.22
5955.000 19.23
5956.000 19.23
5957.000 19.23
5958.000 19.22
5959.000 19.23
5960.000 19.23
5961.000 19.23
5962.000 19.23
5963.000 19.23
5964.000 19.23
5965.000 19.23
5966.000 19.23
5967.000 19.23
5968.000 19.23
5969.000 19.23
5970.000 19.22
5971.000 19.23
5972.000 19.23
5973.000 19.22
5974.000 19.24
5975.000 19.24
5976.000 19.24
5977.000 19.24
5978.000 19.24
5979.000 19.24
5980.000 19.24
5981.000 19.24
5982.000 19.24
5983.000 19.24
5984.000 19.24
5985.000 19.24
5986.000 19.24
5987.000 19.24
5988.000 19.24
5989.000 19.24
5990.000 19.25
5991.000 19.24
5992.000 19.25
5993.000 19.25
5994.000 19.25
5995.000 19.25
5996.000 19.25
5997.000 19.25
5998.000 19.25
5999.000 19.24
6000.000 19.25
6001.000 19.25
6002.000 19.25
6003.000 19.25
6004.000 19.25
6005.000 19.25
6006.000 19.25
6007.000 19.26
6008.000 19.26
6009.000 19.26
6010.000 19.26
6011.000 19.25
6012.000 19.26
6013.000 19.26
6014.000 19.26
6015.000 19.26
6016.000 19.26
6017.000 19.26
6018.000 19.26
6019.000 19.26
6020.000 19.26
6021.000 19.26
6022.000 19.26
6023.000 19.26
6024.000 19.26
6025.000 19.27
6026.000 19.27
6027.000 19.27
6028.000 19.27
6029.000 19.27
6030.000 19.27
6031.000 19.27
6032.000 19.27
6033.000 19.27
6034.000 19.27
6035.000 19.27
6036.000 19.27
6037.000 19.27
6038.000 19.27
6039.000 19.27
6040.000 19.27
6041.000 19.27
6042.000 19.28
6043.000 19.28
6044.000 19.28
6045.000 19.28
6046.000 19.28
6047.000 19.28
6048.000 19.28
6049.000 19.28
6050.000 19.28
6051.000 19.28
6052.000 19.28
6053.000 19.28
6054.000 19.28
6055.000 19.28
6056.000 19.28
6057.000 19.28
6058.000 19.28
6059.000 19.29
6060.000 19.29
6061.000 19.29
6062.000 19.29
6063.000 19.29
6064.000 19.29
6065.000 19.29
6066.000 19.29
6067.000 19.29
6068.000 19.29
6069.000 19.29
6070.000 19.29
6071.000 19.29
6072.000 19.29
6073.000 19.29
6074.000 19.29
6075.000 19.30
6076.000 19.30
6077.000 19.30
6078.000 19.30
6079.000 19.30
6080.000 19.30
6081.000 19.30
6082.000 19.30
6083.000 19.30
6084.000 19.30
6085.000 19.30
6086.000 19.30
6087.000 19.30
6088.000 19.30
6089.000 19.30
6090.000 19.30
6091.000 19.31
6092.000 19.31
6093.000 19.31
6094.000 19.31
6095.000 19.31
6096.000 19.31
6097.000 19.31
6098.000 19.31
6099.000 19.31
6100.000 19.31
6101.000 19.31
6102.000 19.31
6103.000 19.31
6104.000 19.31
6105.000 19.31
6106.000 19.31
6107.000 19.32
6108.000 19.32
6109.000 19.32
6110.000 19.32
6111.000 19.32
6112.000 19.32
6113.000 19.32
6114.000 19.32
6115.000 19.32
6116.000 19.32
6117.000 19.32
6118.000 19.32
6119.000 19.32
6120.000 19.32
6121.000 19.32
6122.000 19.32
6123.000 19.33
6124.000 19.33
6125.000 19.33
6126.000 19.33
6127.000 19.33
6128.000 19.33
6129.000 19.33
6130.000 19.33
6131.000 19.33
6132.000 19.33
6133.000 19.33
6134.000 19.33
6135.000 19.33
6136.000 19.33
6137.000 19.33
6138.000 19.33
6139.000 19.34
6140.000 19.34
6141.000 19.34
6142.000 19.34
6143.000 19.34
6144.000 19.34
6145.000 19.34
6146.000 19.34
6147.000 19.34
6148.000 19.34
6149.000 19.34
6150.000 19.34
6151.000 19.34
6152.000 19.34
6153.000 19.34
6154.000 19.34
6155.000 19.34
6156.000 19.35
6157.000 19.35
6158.000 19.35
6159.000 19.35
6160.000 19.35
6161.000 19.35
6162.000 19.35
6163.000 19.35
6164.000 19.35
6165.000 19.35
6166.000 19.35
6167.000 19.35
6168.000 19.35
6169.000 19.35
6170.000 19.35
6171.000 19.35
6172.000 19.35
6173.000 19.36
6174.000 19.36
6175.000 19.36
6176.000 19.36
6177.000 19.36
6178.000 19.36
6179.000 19.36
6180.000 19.36
6181.000 19.36
6182.000 19.36
6183.000 19.36
6184.000 19.36
6185.000 19.36
6186.000 19.36
6187.000 19.36
6188.000 19.36
6189.000 19.36
6190.000 19.37
6191.000 19.37
6192.000 19.37
6193.000 19.37
6194.000 19.37
6195.000 19.37
6196.000 19.37
6197.000 19.37
6198.000 19.37
6199.000 19.37
6200.000 19.37
6201.000 19.37
6202.000 19.37
6203.000 19.37
6204.000 19.37
6205.000 19.37
6206.000 19.37
6207.000 19.37
6208.000 19.38
6209.000 19.38
6210.000 19.38
6211.000 19.38
6212.000 19.38
6213.000 19.38
6214.000 19.38
6215.000 19.38
6216.000 19.38
6217.000 19.38
6218.000 19.38
6219.000 19.38
6220.000 19.38
6221.000 19.38
6222.000 19.38
6223.000 19.38
6224.000 19.38
6225.000 19.38
6226.000 19.38
6227.000 19.39
6228.000 19.39
6229.000 19.39
6230.000 19.39
6231.000 19.39
6232.000 19.39
6233.000 19.39
6234.000 19.39
6235.000 19.39
6236.000 19.39
6237.000 19.39
6238.000 19.39
6239.000 19.39
6240.000 19.39
6241.000 19.39
6242.000 19.39
6243.000 19.39
6244.000 19.39
6245.000 19.39
6246.000 19.39
6247.000 19.40
6248.000 19.40
6249.000 19.40
6250.000 19.40
6251.000 19.40
6252.000 19.40
6253.000 19.40
6254.000 19.40
6255.000 19.40
6256.000 19.40
6257.000 19.40
6258.000 19.40
6259.000 19.40
6260.000 19.40
6261.000 19.40
6262.000 19.40
6263.000 19.40
6264.000 19.40
6265.000 19.40
6266.000 19.40
6267.000 19.41
6268.000 19.41
6269.000 19.41
6270.000 19.41
6271.000 19.41
6272.000 19.41
6273.000 19.41
6274.000 19.41
6275.000 19.41
6276.000 19.41
6277.000 19.41
6278.000 19.41
6279.000 19.33
6280.000 19.41
6281.000 19.40
6282.000 19.41
6283.000 19.39
6284.000 19.41
6285.000 19.41
6286.000 19.42
6287.000 19.42
6288.000 19.42
6289.000 19.42
6290.000 19.42
6291.000 19.42
6292.000 19.32
6293.000 19.42
6294.000 19.41
6295.000 19.42
6296.000 19.42
6297.000 19.41
6298.000 19.42
6299.000 19.41
6300.000 19.42
6301.000 19.28
6302.000 19.42
6303.000 19.42
6304.000 19.42
6305.000 19.43
6306.000 19.43
6307.000 19.43
6308.000 19.43
6309.000 19.43
6310.000 19.43
6311.000 19.43
6312.000 19.43
6313.000 19.43
6314.000 19.43
6315.000 19.43
6316.000 19.37
6317.000 19.43
6318.000 19.43
6319.000 19.43
6320.000 19.43
6321.000 19.43
6322.000 19.43
6323.000 19.43
6324.000 19.44
6325.000 19.44
6326.000 19.44
6327.000 19.44
6328.000 19.44
6329.000 19.44
6330.000 19.44
6331.000 19.44
6332.000 19.44
6333.000 19.44
6334.000 19.44
6335.000 19.44
6336.000 19.44
6337.000 19.44
6338.000 19.44
6339.000 19.44
6340.000 19.45
6341.000 19.45
6342.000 19.45
6343.000 19.45
6344.000 19.45
6345.000 19.45
6346.000 19.45
6347.000 19.45
6348.000 19.45
6349.000 19.45
6350.000 19.45
6351.000 19.45
6352.000 19.45
6353.000 19.45
6354.000 19.45
6355.000 19.45
6356.000 19.45
6357.000 19.45
6358.000 19.46
6359.000 19.46
6360.000 19.46
6361.000 19.46
6362.000 19.46
6363.000 19.45
6364.000 19.46
6365.000 19.46
6366.000 19.46
6367.000 19.46
6368.000 19.46
6369.000 19.46
6370.000 19.46
6371.000 19.46
6372.000 19.46
6373.000 19.46
6374.000 19.46
6375.000 19.46
6376.000 19.47
6377.000 19.47
6378.000 19.47
6379.000 19.47
6380.000 19.47
6381.000 19.47
6382.000 19.47
6383.000 19.47
6384.000 19.47
6385.000 19.47
6386.000 19.47
6387.000 19.47
6388.000 19.47
6389.000 19.47
6390.000 19.47
6391.000 19.47
6392.000 19.47
6393.000 19.47
6394.000 19.48
6395.000 19.48
6396.000 19.48
6397.000 19.48
6398.000 19.48
6399.000 19.48
6400.000 19.48
6401.000 19.48
6402.000 19.48
6403.000 19.48
6404.000 19.48
6405.000 19.48
6406.000 19.48
6407.000 19.48
6408.000 19.48
6409.000 19.48
6410.000 19.48
6411.000 19.48
6412.000 19.48
6413.000 19.48
6414.000 19.49
6415.000 19.49
6416.000 19.49
6417.000 19.49
6418.000 19.49
6419.000 19.49
6420.000 19.49
6421.000 19.49
6422.000 19.49
6423.000 19.49
6424.000 19.49
6425.000 19.49
6426.000 19.49
6427.000 19.49
6428.000 19.49
6429.000 19.49
6430.000 19.49
6431.000 19.49
6432.000 19.49
6433.000 19.49
6434.000 19.49
6435.000 19.50
6436.000 19.50
6437.000 19.50
6438.000 19.50
6439.000 19.50
6440.000 19.50
6441.000 19.50
6442.000 19.50
6443.000 19.50
6444.000 19.50
6445.000 19.50
6446.000 19.50
6447.000 19.50
6448.000 19.50
6449.000 19.50
6450.000 19.50
6451.000 19.50
6452.000 19.50
6453.000 19.50
6454.000 19.50
6455.000 19.50
6456.000 19.50
6457.000 19.51
6458.000 19.51
6459.000 19.51
6460.000 19.51
6461.000 19.51
6462.000 19.50
6463.000 19.51
6464.000 19.51
6465.000 19.51
6466.000 19.51
6467.000 19.51
6468.000 19.50
6469.000 19.51
6470.000 19.51
6471.000 19.51
6472.000 19.51
6473.000 19.51
6474.000 19.51
6475.000 19.50
6476.000 19.51
6477.000 19.49
6478.000 19.51
6479.000 19.51
6480.000 19.51
6481.000 19.50
6482.000 19.51
6483.000 19.52
6484.000 19.52
6485.000 19.48
6486.000 19.52
6487.000 19.52
6488.000 19.52
6489.000 19.52
6490.000 19.52
6491.000 19.51
6492.000 19.52
6493.000 19.52
6494.000 19.52
6495.000 19.51
6496.000 19.52
6497.000 19.52
6498.000 19.52
6499.000 19.52
6500.000 19.52
6501.000 19.52
6502.000 19.52
6503.000 19.52
6504.000 19.52
6505.000 19.52
6506.000 19.52
6507.000 19.53
6508.000 19.53
6509.000 19.53
6510.000 19.53
6511.000 19.53
6512.000 19.53
6513.000 19.53
6514.000 19.52
6515.000 19.53
6516.000 19.53
6517.000 19.53
6518.000 19.53
6519.000 19.53
6520.000 19.53
6521.000 19.53
6522.000 19.53
6523.000 19.53
6524.000 19.53
6525.000 19.53
6526.000 19.53
6527.000 19.53
6528.000 19.53
6529.000 19.53
6530.000 19.53
6531.000 19.53
6532.000 19.53
6533.000 19.54
6534.000 19.53
6535.000 19.54
6536.000 19.53
6537.000 19.54
6538.000 19.54
6539.000 19.54
6540.000 19.54
6541.000 19.54
6542.000 19.54
6543.000 19.54
6544.000 19.54
6545.000 19.54
6546.000 19.54
6547.000 19.54
6548.000 19.54
6549.000 19.54
6550.000 19.54
6551.000 19.54
6552.000 19.54
6553.000 19.54
6554.000 19.54
6555.000 19.54
6556.000 19.54
6557.000 19.54
6558.000 19.54
6559.000 19.53
6560.000 19.54
6561.000 19.54
6562.000 19.55
6563.000 19.54
6564.000 19.55
6565.000 19.55
6566.000 19.53
6567.000 19.55
6568.000 19.55
6569.000 19.55
6570.000 19.55
6571.000 19.55
6572.000 19.55
6573.000 19.55
6574.000 19.54
6575.000 19.55
6576.000 19.55
6577.000 19.55
6578.000 19.55
6579.000 19.55
6580.000 19.55
6581.000 19.55
6582.000 19.55
6583.000 19.55
6584.000 19.55
6585.000 19.55
6586.000 19.55
6587.000 19.55
6588.000 19.55
6589.000 19.55
6590.000 19.55
6591.000 19.55
6592.000 19.55
6593.000 19.55
6594.000 19.56
6595.000 19.56
6596.000 19.56
6597.000 19.56
6598.000 19.56
6599.000 19.56
6600.000 19.56
6601.000 19.56
6602.000 19.56
6603.000 19.56
6604.000 19.56
6605.000 19.56
6606.000 19.56
6607.000 19.56
6608.000 19.56
6609.000 19.56
6610.000 19.56
6611.000 19.56
6612.000 19.56
6613.000 19.56
6614.000 19.56
6615.000 19.56
6616.000 19.56
6617.000 19.56
6618.000 19.56
6619.000 19.56
6620.000 19.56
6621.000 19.56
6622.000 19.56
6623.000 19.56
6624.000 19.56
6625.000 19.56
6626.000 19.56
6627.000 19.57
6628.000 19.57
6629.000 19.57
6630.000 19.57
6631.000 19.57
6632.000 19.57
6633.000 19.57
6634.000 19.57
6635.000 19.57
6636.000 19.57
6637.000 19.57
6638.000 19.57
6639.000 19.57
6640.000 19.57
6641.000 19.57
6642.000 19.57
6643.000 19.57
6644.000 19.57
6645.000 19.57
6646.000 19.57
6647.000 19.57
6648.000 19.57
6649.000 19.57
6650.000 19.57
6651.000 19.57
6652.000 19.57
6653.000 19.57
6654.000 19.57
6655.000 19.57
6656.000 19.57
6657.000 19.57
6658.000 19.57
6659.000 19.57
6660.000 19.57
6661.000 19.57
6662.000 19.57
6663.000 19.57
6664.000 19.57
6665.000 19.58
6666.000 19.58
6667.000 19.58
6668.000 19.58
6669.000 19.58
6670.000 19.58
6671.000 19.58
6672.000 19.58
6673.000 19.58
6674.000 19.58
6675.000 19.58
6676.000 19.58
6677.000 19.58
6678.000 19.58
6679.000 19.58
6680.000 19.58
6681.000 19.58
6682.000 19.58
6683.000 19.58
6684.000 19.58
6685.000 19.58
6686.000 19.58
6687.000 19.58
6688.000 19.58
6689.000 19.58
6690.000 19.58
6691.000 19.58
6692.000 19.58
6693.000 19.58
6694.000 19.58
6695.000 19.58
6696.000 19.58
6697.000 19.58
6698.000 19.58
6699.000 19.58
6700.000 19.58
6701.000 19.58
6702.000 19.58
6703.000 19.58
6704.000 19.58
6705.000 19.58
6706.000 19.58
6707.000 19.58
6708.000 19.58
6709.000 19.59
6710.000 19.59
6711.000 19.59
6712.000 19.59
6713.000 19.59
6714.000 19.59
6715.000 19.59
6716.000 19.59
6717.000 19.59
6718.000 19.59
6719.000 19.59
6720.000 19.59
6721.000 19.59
6722.000 19.59
6723.000 19.59
6724.000 19.59
6725.000 19.59
6726.000 19.59
6727.000 19.59
6728.000 19.59
6729.000 19.59
6730.000 19.59
6731.000 19.59
6732.000 19.59
6733.000 19.59
6734.000 19.59
6735.000 19.59
6736.000 19.59
6737.000 19.59
6738.000 19.59
6739.000 19.59
6740.000 19.59
6741.000 19.59
6742.000 19.59
6743.000 19.59
6744.000 19.59
6745.000 19.59
6746.000 19.59
6747.000 19.59
6748.000 19.59
6749.000 19.59
6750.000 19.59
6751.000 19.59
6752.000 19.59
6753.000 19.59
6754.000 19.59
6755.000 19.59
6756.000 19.59
6757.000 19.59
6758.000 19.59
6759.000 19.59
6760.000 19.59
6761.000 19.59
6762.000 19.59
6763.000 19.59
6764.000 19.59
6765.000 19.60
6766.000 19.60
6767.000 19.60
6768.000 19.60
6769.000 19.60
6770.000 19.60
6771.000 19.60
6772.000 19.60
6773.000 19.60
6774.000 19.60
6775.000 19.60
6776.000 19.60
6777.000 19.60
6778.000 19.60
6779.000 19.60
6780.000 19.60
6781.000 19.60
6782.000 19.60
6783.000 19.60
6784.000 19.60
6785.000 19.60
6786.000 19.60
6787.000 19.60
6788.000 19.60
6789.000 19.60
6790.000 19.60
6791.000 19.60
6792.000 19.60
6793.000 19.60
6794.000 19.60
6795.000 19.60
6796.000 19.60
6797.000 19.60
6798.000 19.60
6799.000 19.60
6800.000 19.60
6801.000 19.60
6802.000 19.60
6803.000 19.60
6804.000 19.60
6805.000 19.60
6806.000 19.60
6807.000 19.60
6808.000 19.60
6809.000 19.60
6810.000 19.60
6811.000 19.60
6812.000 19.60
6813.000 19.60
6814.000 19.60
6815.000 19.60
6816.000 19.60
6817.000 19.60
6818.000 19.60
6819.000 19.60
6820.000 19.60
6821.000 19.60
6822.000 19.60
6823.000 19.60
6824.000 19.60
6825.000 19.60
6826.000 19.60
6827.000 19.60
6828.000 19.60
6829.000 19.60
6830.000 19.60
6831.000 19.60
6832.000 19.60
6833.000 19.60
6834.000 19.60
6835.000 19.60
6836.000 19.60
6837.000 19.60
6838.000 19.60
6839.000 19.60
6840.000 19.60
6841.000 19.60
6842.000 19.60
6843.000 19.60
6844.000 19.60
6845.000 19.60
6846.000 19.60
6847.000 19.60
6848.000 19.60
6849.000 19.60
6850.000 19.60
6851.000 19.60
6852.000 19.60
6853.000 19.60
6854.000 19.60
6855.000 19.60
6856.000 19.60
6857.000 19.60
6858.000 19.60
6859.000 19.60
6860.000 19.60
6861.000 19.60
6862.000 19.60
6863.000 19.60
6864.000 19.60
6865.000 19.60
6866.000 19.60
6867.000 19.60
6868.000 19.60
6869.000 19.46
6870.000 17.71
6871.000 18.42
6872.000 19.39
6873.000 19.39
6874.000 19.41
6875.000 19.54
6876.000 19.56
6877.000 19.58
6878.000 19.59
6879.000 19.58
6880.000 19.60
6881.000 18.94
6882.000 19.58
6883.000 19.60
6884.000 19.61
6885.000 19.60
6886.000 19.58
6887.000 19.60
6888.000 19.58
6889.000 19.57
6890.000 19.60
6891.000 19.47
6892.000 19.51
6893.000 19.60
6894.000 19.56
6895.000 19.51
6896.000 19.60
6897.000 19.60
6898.000 18.69
6899.000 19.38
6900.000 19.60
6901.000 19.60
6902.000 19.47
6903.000 19.55
6904.000 19.60
6905.000 19.60
6906.000 17.63
6907.000 18.96
6908.000 19.60
6909.000 19.60
6910.000 19.60
6911.000 19.59
6912.000 19.60
6913.000 19.61
6914.000 19.61
6915.000 19.49
6916.000 18.75
6917.000 19.61
6918.000 19.61
6919.000 19.61
6920.000 19.05
6921.000 19.44
6922.000 19.61
6923.000 19.61
6924.000 19.61
6925.000 19.60
6926.000 19.53
6927.000 19.61
6928.000 19.61
6929.000 19.60
6930.000 19.61
6931.000 19.58
6932.000 19.61
6933.000 19.61
6934.000 19.60
6935.000 19.61
6936.000 19.61
6937.000 19.60
6938.000 19.60
6939.000 19.61
6940.000 19.61
6941.000 19.61
6942.000 19.59
6943.000 19.60
6944.000 19.57
6945.000 19.61
6946.000 19.61
6947.000 19.61
6948.000 19.61
6949.000 19.61
6950.000 19.61
6951.000 19.56
6952.000 19.61
6953.000 19.61
6954.000 19.61
6955.000 19.59
6956.000 19.61
6957.000 19.61
6958.000 19.60
6959.000 19.61
6960.000 19.61
6961.000 19.61
6962.000 19.61
6963.000 19.60
6964.000 19.61
6965.000 19.61
6966.000 19.61
6967.000 19.60
6968.000 19.61
6969.000 19.61
6970.000 19.61
6971.000 19.61
6972.000 19.61
6973.000 19.60
6974.000 19.61
6975.000 19.61
6976.000 19.61
6977.000 19.61
6978.000 19.61
6979.000 19.61
6980.000 19.61
6981.000 19.61
6982.000 19.61
6983.000 19.61
6984.000 19.61
6985.000 19.61
6986.000 19.60
6987.000 19.60
6988.000 19.61
6989.000 19.61
6990.000 19.61
6991.000 19.57
6992.000 19.60
6993.000 19.60
6994.000 19.61
6995.000 19.61
6996.000 19.57
6997.000 19.61
6998.000 19.61
6999.000 19.60
7000.000 19.60
7001.000 19.59
7002.000 19.61
7003.000 19.61
7004.000 19.60
7005.000 19.61
7006.000 19.60
7007.000 19.58
7008.000 19.60
7009.000 19.60
7010.000 19.60
7011.000 19.60
7012.000 19.60
7013.000 19.60
7014.000 19.60
7015.000 19.60
7016.000 19.60
7017.000 19.60
7018.000 19.60
7019.000 19.60
7020.000 19.60
7021.000 19.60
7022.000 19.60
7023.000 19.60
7024.000 19.60
7025.000 19.60
7026.000 19.60
7027.000 19.60
7028.000 19.60
7029.000 19.60
7030.000 19.60
7031.000 19.60
7032.000 19.60
7033.000 19.60
7034.000 19.60
7035.000 19.60
7036.000 19.60
7037.000 19.60
7038.000 19.60
7039.000 19.60
7040.000 19.60
7041.000 19.60
7042.000 19.60
7043.000 19.60
7044.000 19.60
7045.000 19.60
7046.000 19.60
7047.000 19.60
7048.000 19.60
7049.000 19.60
7050.000 19.60
7051.000 19.60
7052.000 19.60
7053.000 19.60
7054.000 19.60
7055.000 19.60
7056.000 19.60
7057.000 19.60
7058.000 19.60
7059.000 19.58
7060.000 19.60
7061.000 19.60
7062.000 19.60
7063.000 19.60
7064.000 19.60
7065.000 19.60
7066.000 19.60
7067.000 19.60
7068.000 19.60
7069.000 19.60
7070.000 19.60
7071.000 19.60
7072.000 19.60
7073.000 19.60
7074.000 19.59
7075.000 19.60
7076.000 19.60
7077.000 19.60
7078.000 19.60
7079.000 19.60
7080.000 19.60
7081.000 19.60
7082.000 19.60
7083.000 19.59
7084.000 19.60
7085.000 19.60
7086.000 19.60
7087.000 19.60
7088.000 19.60
7089.000 19.60
7090.000 19.59
7091.000 19.60
7092.000 19.60
7093.000 19.60
7094.000 19.60
7095.000 19.59
7096.000 19.59
7097.000 19.59
7098.000 19.60
7099.000 19.60
7100.000 19.59
7101.000 19.59
7102.000 19.59
7103.000 19.60
7104.000 19.60
7105.000 19.59
7106.000 19.59
7107.000 19.59
7108.000 19.59
7109.000 19.59
7110.000 19.59
7111.000 19.59
7112.000 19.59
7113.000 19.59
7114.000 19.59
7115.000 19.59
7116.000 19.59
7117.000 19.59
7118.000 19.59
7119.000 19.59
7120.000 19.59
7121.000 19.59
7122.000 19.59
7123.000 19.59
7124.000 19.59
7125.000 19.59
7126.000 19.59
7127.000 19.59
7128.000 19.59
7129.000 19.59
7130.000 19.59
7131.000 19.59
7132.000 19.59
7133.000 19.59
7134.000 19.59
7135.000 19.59
7136.000 19.59
7137.000 19.59
7138.000 19.59
7139.000 19.59
7140.000 19.59
7141.000 19.59
7142.000 19.59
7143.000 19.59
7144.000 19.59
7145.000 19.58
7146.000 19.59
7147.000 19.59
7148.000 19.59
7149.000 19.59
7150.000 19.59
7151.000 19.59
7152.000 19.59
7153.000 19.58
7154.000 19.59
7155.000 19.59
7156.000 19.59
7157.000 19.58
7158.000 19.59
7159.000 19.59
7160.000 19.59
7161.000 19.59
7162.000 19.58
7163.000 19.59
7164.000 19.56
7165.000 19.58
7166.000 19.58
7167.000 19.58
7168.000 19.58
7169.000 19.57
7170.000 19.55
7171.000 19.57
7172.000 19.56
7173.000 19.57
7174.000 19.57
7175.000 19.57
7176.000 19.57
7177.000 19.58
7178.000 19.53
7179.000 19.54
7180.000 19.58
7181.000 19.58
7182.000 19.58
7183.000 19.58
7184.000 19.58
7185.000 19.58
7186.000 19.57
7187.000 19.57
7188.000 19.55
7189.000 19.38
7190.000 19.58
7191.000 19.57
7192.000 19.58
7193.000 19.57
7194.000 19.56
7195.000 19.58
7196.000 19.57
7197.000 19.47
7198.000 19.58
7199.000 19.57
7200.000 19.57
7201.000 19.58
7202.000 19.56
7203.000 19.54
7204.000 19.58
7205.000 19.57
7206.000 19.56
7207.000 19.57
7208.000 19.57
7209.000 19.57
7210.000 19.58
7211.000 19.58
7212.000 19.57
7213.000 19.57
7214.000 19.56
7215.000 19.58
7216.000 19.58
7217.000 19.57
7218.000 19.57
7219.000 19.57
7220.000 19.54
7221.000 19.57
7222.000 19.57
7223.000 19.57
7224.000 19.57
7225.000 19.56
7226.000 19.57
7227.000 19.57
7228.000 19.57
7229.000 19.57
7230.000 19.57
7231.000 19.57
7232.000 19.57
7233.000 19.56
7234.000 19.57
7235.000 19.44
7236.000 19.57
7237.000 19.55
7238.000 19.53
7239.000 19.57
7240.000 19.56
7241.000 19.56
7242.000 19.56
7243.000 19.54
7244.000 19.57
7245.000 19.57
7246.000 19.56
7247.000 19.57
7248.000 19.56
7249.000 19.55
7250.000 19.57
7251.000 19.53
7252.000 19.56
7253.000 19.57
7254.000 19.56
7255.000 19.55
7256.000 19.56
7257.000 19.57
7258.000 19.56
7259.000 19.55
7260.000 19.48
7261.000 19.56
7262.000 19.56
7263.000 19.56
7264.000 19.49
7265.000 19.50
7266.000 19.56
7267.000 19.56
7268.000 19.56
7269.000 19.56
7270.000 19.56
7271.000 19.56
7272.000 19.55
7273.000 19.56
7274.000 19.56
7275.000 19.10
7276.000 19.56
7277.000 19.56
7278.000 19.56
7279.000 19.54
7280.000 19.52
7281.000 19.56
7282.000 19.56
7283.000 19.53
7284.000 19.56
7285.000 19.56
7286.000 19.56
7287.000 19.56
7288.000 19.56
7289.000 19.56
7290.000 19.54
7291.000 19.56
7292.000 19.55
7293.000 19.54
7294.000 19.55
7295.000 19.55
7296.000 19.56
7297.000 19.49
7298.000 19.56
7299.000 19.55
7300.000 19.55
7301.000 19.56
7302.000 19.50
7303.000 19.55
7304.000 19.55
7305.000 19.54
7306.000 19.52
7307.000 19.54
7308.000 19.55
7309.000 19.55
7310.000 19.55
7311.000 19.55
7312.000 19.55
7313.000 19.54
7314.000 19.55
7315.000 19.54
7316.000 19.55
7317.000 19.55
7318.000 19.54
7319.000 19.54
7320.000 19.54
7321.000 19.55
7322.000 19.55
7323.000 19.54
7324.000 19.55
7325.000 19.55
7326.000 19.49
7327.000 19.55
7328.000 19.55
7329.000 19.54
7330.000 19.55
7331.000 19.55
7332.000 19.55
7333.000 19.53
7334.000 19.55
7335.000 19.53
7336.000 19.55
7337.000 19.55
7338.000 19.55
7339.000 19.54
7340.000 19.55
7341.000 19.55
7342.000 19.54
7343.000 19.54
7344.000 19.54
7345.000 19.54
7346.000 19.50
7347.000 19.54
7348.000 19.54
7349.000 19.54
7350.000 19.53
7351.000 19.54
7352.000 19.54
7353.000 19.54
7354.000 19.54
7355.000 19.54
7356.000 19.53
7357.000 19.54
7358.000 19.54
7359.000 19.53
7360.000 19.54
7361.000 19.54
7362.000 19.54
7363.000 19.53
7364.000 19.53
7365.000 19.54
7366.000 19.54
7367.000 19.54
7368.000 19.54
7369.000 19.54
7370.000 19.54
7371.000 19.53
7372.000 19.53
7373.000 19.54
7374.000 19.54
7375.000 19.54
7376.000 19.53
7377.000 19.53
7378.000 19.53
7379.000 19.53
7380.000 19.53
7381.000 19.53
7382.000 19.53
7383.000 19.53
7384.000 19.53
7385.000 19.53
7386.000 19.53
7387.000 19.53
7388.000 19.53
7389.000 19.53
7390.000 19.53
7391.000 19.53
7392.000 19.53
7393.000 19.53
7394.000 19.53
7395.000 19.53
7396.000 19.53
7397.000 19.53
7398.000 19.52
7399.000 19.53
7400.000 19.53
7401.000 19.53
7402.000 19.53
7403.000 19.53
7404.000 19.53
7405.000 19.53
7406.000 19.52
7407.000 19.53
7408.000 19.53
7409.000 19.52
7410.000 19.52
7411.000 19.52
7412.000 19.52
7413.000 19.52
7414.000 19.52
7415.000 19.52
7416.000 19.52
7417.000 19.52
7418.000 19.52
7419.000 19.52
7420.000 19.52
7421.000 19.52
7422.000 19.52
7423.000 19.52
7424.000 19.52
7425.000 19.52
7426.000 19.52
7427.000 19.52
7428.000 19.52
7429.000 19.52
7430.000 19.52
7431.000 19.52
7432.000 19.52
7433.000 19.52
7434.000 19.52
7435.000 19.52
7436.000 19.52
7437.000 19.52
7438.000 19.52
7439.000 19.52
7440.000 19.51
7441.000 19.51
7442.000 19.51
7443.000 19.51
7444.000 19.51
7445.000 19.51
7446.000 19.51
7447.000 19.51
7448.000 19.51
7449.000 19.51
7450.000 19.51
7451.000 19.51
7452.000 19.51
7453.000 19.51
7454.000 19.51
7455.000 19.51
7456.000 19.51
7457.000 19.51
7458.000 19.51
7459.000 19.51
7460.000 19.51
7461.000 19.51
7462.000 19.51
7463.000 19.51
7464.000 19.51
7465.000 19.51
7466.000 19.51
7467.000 19.51
7468.000 19.51
7469.000 19.50
7470.000 19.50
7471.000 19.50
7472.000 19.50
7473.000 19.50
7474.000 19.50
7475.000 19.50
7476.000 19.50
7477.000 19.50
7478.000 19.50
7479.000 19.50
7480.000 19.50
7481.000 19.50
7482.000 19.50
7483.000 19.50
7484.000 19.50
7485.000 19.50
7486.000 19.50
7487.000 19.50
7488.000 19.50
7489.000 19.50
7490.000 19.50
7491.000 19.50
7492.000 19.50
7493.000 19.50
7494.000 19.50
7495.000 19.50
7496.000 19.50
7497.000 19.50
7498.000 19.50
7499.000 19.49
7500.000 19.49
7501.000 19.49
7502.000 19.49
7503.000 19.49
7504.000 19.49
7505.000 19.49
7506.000 19.49
7507.000 19.49
7508.000 19.49
7509.000 19.49
7510.000 19.49
7511.000 19.49
7512.000 19.49
7513.000 19.49
7514.000 19.49
7515.000 19.49
7516.000 19.49
7517.000 19.49
7518.000 19.49
7519.000 19.49
7520.000 19.49
7521.000 19.49
7522.000 19.49
7523.000 19.49
7524.000 19.49
7525.000 19.49
7526.000 19.49
7527.000 19.49
7528.000 19.48
7529.000 19.48
7530.000 19.48
7531.000 19.48
7532.000 19.48
7533.000 19.48
7534.000 19.48
7535.000 19.48
7536.000 19.48
7537.000 19.48
7538.000 19.48
7539.000 19.48
7540.000 19.48
7541.000 19.48
7542.000 19.48
7543.000 19.48
7544.000 19.48
7545.000 19.48
7546.000 19.48
7547.000 19.48
7548.000 19.48
7549.000 19.48
7550.000 19.48
7551.000 19.48
7552.000 19.48
7553.000 19.48
7554.000 19.48
7555.000 19.48
7556.000 19.47
7557.000 19.47
7558.000 19.47
7559.000 19.47
7560.000 19.47
7561.000 19.47
7562.000 19.47
7563.000 19.47
7564.000 19.47
7565.000 19.47
7566.000 19.47
7567.000 19.47
7568.000 19.47
7569.000 19.47
7570.000 19.47
7571.000 19.47
7572.000 19.47
7573.000 19.47
7574.000 19.47
7575.000 19.47
7576.000 19.47
7577.000 19.47
7578.000 19.47
7579.000 19.47
7580.000 19.47
7581.000 19.47
7582.000 19.47
7583.000 19.47
7584.000 19.46
7585.000 19.46
7586.000 19.46
7587.000 19.46
7588.000 19.46
7589.000 19.46
7590.000 19.46
7591.000 19.46
7592.000 19.46
7593.000 19.46
7594.000 19.46
7595.000 19.45
7596.000 19.02
7597.000 18.79
7598.000 19.07
7599.000 19.23
7600.000 19.20
7601.000 13.64
7602.000 17.84
7603.000 19.05
7604.000 18.20
7605.000 18.99
7606.000 18.71
7607.000 18.93
7608.000 18.48
7609.000 15.99
7610.000 6.40
7611.000 18.80
7612.000 18.81
7613.000 19.06
7614.000 16.76
7615.000 18.81
7616.000 19.31
7617.000 17.84
7618.000 19.10
7619.000 19.40
7620.000 19.43
7621.000 19.43
7622.000 19.41
7623.000 15.74
7624.000 19.35
7625.000 19.13
7626.000 19.17
7627.000 19.05
7628.000 19.35
7629.000 16.64
7630.000 18.62
7631.000 19.25
7632.000 19.34
7633.000 15.08
7634.000 18.26
7635.000 19.26
7636.000 19.36
7637.000 18.63
7638.000 18.92
7639.000 19.20
7640.000 19.38
7641.000 19.30
7642.000 18.80
7643.000 17.76
7644.000 19.38
7645.000 19.39
7646.000 18.89
7647.000 18.90
7648.000 19.29
7649.000 19.40
7650.000 19.40
7651.000 17.56
7652.000 18.76
7653.000 19.31
7654.000 19.37
7655.000 19.41
7656.000 18.85
7657.000 19.13
7658.000 19.36
7659.000 19.38
7660.000 19.42
7661.000 19.38
7662.000 19.35
7663.000 19.36
7664.000 19.42
7665.000 19.42
7666.000 19.42
7667.000 15.74
7668.000 17.01
7669.000 19.42
7670.000 19.43
7671.000 19.43
7672.000 19.42
7673.000 19.38
7674.000 19.34
7675.000 19.43
7676.000 19.43
7677.000 19.42
7678.000 19.42
7679.000 19.41
7680.000 19.40
7681.000 19.42
7682.000 19.43
7683.000 19.42
7684.000 19.42
7685.000 19.34
7686.000 19.13
7687.000 19.42
7688.000 19.42
7689.000 19.42
7690.000 19.42
7691.000 19.42
7692.000 19.42
7693.000 19.42
7694.000 19.42
7695.000 19.42
7696.000 19.42
7697.000 19.42
7698.000 19.27
7699.000 19.15
7700.000 19.42
7701.000 19.42
7702.000 19.42
7703.000 19.42
7704.000 19.42
7705.000 19.41
7706.000 19.41
7707.000 19.42
7708.000 19.42
7709.000 19.41
7710.000 19.41
7711.000 19.41
7712.000 19.38
7713.000 19.38
7714.000 19.41
7715.000 19.41
7716.000 19.41
7717.000 19.41
7718.000 19.41
7719.000 19.41
7720.000 19.41
7721.000 19.41
7722.000 19.41
7723.000 19.41
7724.000 19.41
7725.000 19.41
7726.000 19.41
7727.000 19.40
7728.000 19.40
7729.000 19.41
7730.000 19.41
7731.000 19.41
7732.000 19.41
7733.000 19.40
7734.000 19.40
7735.000 19.40
7736.000 19.39
7737.000 19.40
7738.000 19.40
7739.000 19.40
7740.000 19.40
7741.000 19.39
7742.000 19.40
7743.000 19.40
7744.000 19.40
7745.000 19.40
7746.000 19.40
7747.000 19.40
7748.000 19.40
7749.000 19.40
7750.000 19.40
7751.000 19.40
7752.000 19.40
7753.000 19.40
7754.000 19.40
7755.000 19.40
7756.000 19.40
7757.000 19.39
7758.000 19.39
7759.000 19.39
7760.000 19.39
7761.000 19.39
7762.000 19.39
7763.000 19.39
7764.000 19.39
7765.000 19.39
7766.000 19.39
7767.000 19.39
7768.000 19.39
7769.000 19.39
7770.000 19.39
7771.000 19.39
7772.000 19.39
7773.000 19.39
7774.000 19.39
7775.000 19.39
7776.000 19.39
7777.000 19.39
7778.000 19.39
7779.000 19.39
7780.000 19.38
7781.000 19.38
7782.000 19.38
7783.000 19.38
7784.000 19.38
7785.000 19.38
7786.000 19.38
7787.000 19.38
7788.000 19.38
7789.000 19.38
7790.000 19.38
7791.000 19.38
7792.000 19.38
7793.000 19.38
7794.000 19.38
7795.000 19.38
7796.000 19.38
7797.000 19.38
7798.000 19.38
7799.000 19.38
7800.000 19.38
7801.000 19.38
7802.000 19.38
7803.000 19.37
7804.000 19.37
7805.000 19.37
7806.000 19.37
7807.000 19.37
7808.000 19.37
7809.000 19.37
7810.000 19.37
7811.000 19.37
7812.000 19.37
7813.000 19.37
7814.000 19.37
7815.000 19.37
7816.000 19.37
7817.000 19.37
7818.000 19.37
7819.000 19.37
7820.000 19.37
7821.000 19.37
7822.000 19.37
7823.000 19.37
7824.000 19.37
7825.000 19.37
7826.000 19.37
7827.000 19.36
7828.000 19.36
7829.000 19.36
7830.000 19.36
7831.000 19.36
7832.000 19.36
7833.000 19.36
7834.000 19.36
7835.000 19.36
7836.000 19.36
7837.000 19.36
7838.000 19.36
7839.000 19.36
7840.000 19.36
7841.000 19.36
7842.000 19.36
7843.000 19.36
7844.000 19.36
7845.000 19.36
7846.000 19.36
7847.000 19.36
7848.000 19.36
7849.000 19.36
7850.000 19.35
7851.000 19.35
7852.000 19.35
7853.000 19.35
7854.000 19.35
7855.000 19.35
7856.000 19.35
7857.000 19.35
7858.000 19.35
7859.000 19.35
7860.000 19.35
7861.000 19.35
7862.000 19.35
7863.000 19.35
7864.000 19.35
7865.000 19.35
7866.000 19.35
7867.000 19.35
7868.000 19.35
7869.000 19.35
7870.000 19.35
7871.000 19.35
7872.000 19.34
7873.000 19.34
7874.000 19.34
7875.000 19.33
7876.000 19.34
7877.000 19.34
7878.000 19.34
7879.000 19.34
7880.000 19.34
7881.000 19.34
7882.000 19.33
7883.000 19.33
7884.000 19.34
7885.000 19.34
7886.000 19.34
7887.000 19.34
7888.000 19.34
7889.000 19.33
7890.000 19.34
7891.000 19.34
7892.000 19.34
7893.000 19.34
7894.000 19.32
7895.000 19.33
7896.000 19.33
7897.000 19.32
7898.000 19.33
7899.000 19.33
7900.000 19.33
7901.000 19.33
7902.000 19.33
7903.000 19.31
7904.000 19.28
7905.000 19.33
7906.000 19.33
7907.000 19.33
7908.000 19.33
7909.000 19.33
7910.000 19.33
7911.000 19.29
7912.000 19.33
7913.000 19.32
7914.000 19.33
7915.000 19.33
7916.000 19.33
7917.000 19.33
7918.000 19.32
7919.000 19.32
7920.000 19.32
7921.000 19.32
7922.000 19.32
7923.000 19.31
7924.000 19.32
7925.000 19.32
7926.000 19.32
7927.000 19.32
7928.000 19.32
7929.000 19.32
7930.000 19.32
7931.000 19.31
7932.000 19.32
7933.000 19.32
7934.000 19.31
7935.000 19.32
7936.000 19.32
7937.000 19.32
7938.000 19.32
7939.000 19.32
7940.000 19.32
7941.000 19.31
7942.000 19.31
7943.000 19.31
7944.000 19.30
7945.000 19.31
7946.000 19.31
7947.000 19.31
7948.000 19.31
7949.000 19.31
7950.000 19.30
7951.000 19.31
7952.000 19.31
7953.000 19.30
7954.000 19.31
7955.000 19.31
7956.000 19.29
7957.000 19.31
7958.000 19.31
7959.000 19.31
7960.000 19.30
7961.000 19.30
7962.000 19.30
7963.000 19.28
7964.000 19.30
7965.000 19.29
7966.000 19.30
7967.000 19.30
7968.000 19.30
7969.000 19.30
7970.000 19.30
7971.000 19.30
7972.000 19.30
7973.000 19.30
7974.000 19.30
7975.000 19.30
7976.000 19.30
7977.000 19.30
7978.000 19.30
7979.000 19.30
7980.000 19.30
7981.000 19.30
7982.000 19.30
7983.000 19.30
7984.000 19.30
7985.000 19.29
7986.000 19.29
7987.000 19.29
7988.000 19.29
7989.000 19.29
7990.000 19.29
7991.000 19.29
7992.000 19.29
7993.000 19.28
7994.000 19.29
7995.000 19.29
7996.000 19.29
7997.000 19.29
7998.000 19.28
7999.000 19.29
8000.000 19.29
8001.000 19.29
8002.000 19.29
8003.000 19.29
8004.000 19.29
8005.000 19.29
8006.000 19.28
8007.000 19.28
8008.000 19.28
8009.000 19.28
8010.000 19.27
8011.000 19.28
8012.000 19.28
8013.000 19.28
8014.000 19.28
8015.000 19.27
8016.000 19.28
8017.000 19.28
8018.000 19.28
8019.000 19.28
8020.000 19.28
8021.000 19.28
8022.000 19.28
8023.000 19.27
8024.000 19.28
8025.000 19.27
8026.000 19.27
8027.000 19.27
8028.000 19.27
8029.000 19.27
8030.000 19.26
8031.000 19.27
8032.000 19.27
8033.000 19.27
8034.000 19.27
8035.000 19.27
8036.000 19.27
8037.000 19.27
8038.000 19.27
8039.000 19.27
8040.000 19.27
8041.000 19.27
8042.000 19.27
8043.000 19.27
8044.000 19.27
8045.000 19.27
8046.000 19.26
8047.000 19.27
8048.000 19.26
8049.000 19.26
8050.000 19.26
8051.000 19.26
8052.000 19.26
8053.000 19.26
8054.000 19.26
8055.000 19.26
8056.000 19.26
8057.000 19.26
8058.000 19.26
8059.000 19.26
8060.000 19.26
8061.000 19.25
8062.000 19.26
8063.000 19.26
8064.000 19.26
8065.000 19.26
8066.000 19.26
8067.000 19.26
8068.000 19.25
8069.000 19.26
8070.000 19.25
8071.000 19.25
8072.000 19.25
8073.000 19.25
8074.000 19.25
8075.000 19.25
8076.000 19.25
8077.000 19.25
8078.000 19.25
8079.000 19.25
8080.000 19.25
8081.000 19.25
8082.000 19.25
8083.000 19.25
8084.000 19.25
8085.000 19.25
8086.000 19.25
8087.000 19.24
8088.000 19.24
8089.000 19.25
8090.000 19.25
8091.000 19.24
8092.000 19.24
8093.000 19.24
8094.000 19.24
8095.000 19.24
8096.000 19.24
8097.000 19.24
8098.000 19.24
8099.000 19.24
8100.000 19.24
8101.000 19.24
8102.000 19.24
8103.000 19.24
8104.000 19.24
8105.000 19.24
8106.000 19.24
8107.000 19.23
8108.000 19.24
8109.000 19.24
8110.000 19.21
8111.000 19.23
8112.000 19.23
8113.000 19.23
8114.000 19.23
8115.000 19.23
8116.000 19.21
8117.000 19.23
8118.000 19.23
8119.000 19.23
8120.000 19.23
8121.000 19.22
8122.000 19.23
8123.000 19.22
8124.000 19.23
8125.000 19.22
8126.000 19.23
8127.000 19.23
8128.000 19.23
8129.000 19.21
8130.000 19.23
8131.000 19.23
8132.000 19.22
8133.000 19.22
8134.000 19.22
8135.000 19.22
8136.000 18.98
8137.000 19.21
8138.000 19.22
8139.000 19.22
8140.000 19.22
8141.000 19.20
8142.000 19.16
8143.000 19.11
8144.000 19.20
8145.000 19.22
8146.000 19.13
8147.000 19.22
8148.000 19.22
8149.000 19.21
8150.000 19.21
8151.000 19.21
8152.000 19.11
8153.000 19.21
8154.000 19.21
8155.000 19.20
8156.000 19.09
8157.000 19.03
8158.000 19.21
8159.000 19.21
8160.000 19.19
8161.000 19.21
8162.000 19.21
8163.000 19.21
8164.000 19.18
8165.000 19.19
8166.000 19.19
8167.000 19.14
8168.000 19.20
8169.000 19.20
8170.000 19.20
8171.000 19.05
8172.000 19.17
8173.000 19.20
8174.000 19.20
8175.000 19.20
8176.000 19.19
8177.000 19.18
8178.000 19.20
8179.000 19.14
8180.000 19.17
8181.000 19.18
8182.000 19.20
8183.000 19.20
8184.000 19.06
8185.000 19.20
8186.000 19.20
8187.000 19.20
8188.000 19.19
8189.000 19.19
8190.000 19.19
8191.000 19.19
8192.000 19.18
8193.000 19.19
8194.000 19.19
8195.000 19.18
8196.000 19.18
8197.000 19.19
8198.000 19.19
8199.000 19.19
8200.000 18.47
8201.000 19.19
8202.000 19.18
8203.000 19.04
8204.000 19.19
8205.000 19.19
8206.000 19.19
8207.000 19.17
8208.000 19.19
8209.000 19.18
8210.000 19.19
8211.000 19.19
8212.000 19.18
8213.000 19.18
8214.000 19.18
8215.000 19.18
8216.000 19.18
8217.000 19.18
8218.000 19.18
8219.000 19.18
8220.000 19.18
8221.000 19.18
8222.000 19.18
8223.000 19.18
8224.000 19.16
8225.000 19.18
8226.000 19.17
8227.000 19.18
8228.000 19.07
8229.000 19.12
8230.000 19.14
8231.000 18.90
8232.000 18.89
8233.000 19.17
8234.000 18.93
8235.000 19.17
8236.000 19.13
8237.000 19.16
8238.000 19.17
8239.000 19.17
8240.000 19.17
8241.000 19.17
8242.000 19.16
8243.000 19.17
8244.000 19.17
8245.000 19.17
8246.000 19.14
8247.000 19.17
8248.000 19.17
8249.000 19.16
8250.000 19.17
8251.000 19.16
8252.000 19.16
8253.000 19.16
8254.000 19.16
8255.000 19.04
8256.000 19.16
8257.000 19.16
8258.000 19.16
8259.000 19.12
8260.000 19.16
8261.000 19.16
8262.000 18.97
8263.000 19.16
8264.000 19.16
8265.000 19.15
8266.000 19.15
8267.000 19.16
8268.000 19.16
8269.000 19.16
8270.000 19.16
8271.000 19.16
8272.000 19.16
8273.000 19.15
8274.000 19.15
8275.000 19.15
8276.000 19.15
8277.000 19.14
8278.000 19.15
8279.000 18.97
8280.000 19.15
8281.000 19.14
8282.000 19.08
8283.000 19.15
8284.000 19.13
8285.000 19.15
8286.000 19.15
8287.000 19.15
8288.000 19.15
8289.000 19.14
8290.000 19.10
8291.000 19.14
8292.000 19.13
8293.000 19.14
8294.000 19.14
8295.000 19.14
8296.000 19.14
8297.000 19.13
8298.000 19.13
8299.000 19.14
8300.000 19.14
8301.000 19.14
8302.000 19.14
8303.000 19.13
8304.000 19.14
8305.000 19.14
8306.000 19.14
8307.000 19.13
8308.000 19.13
8309.000 19.13
8310.000 19.13
8311.000 19.13
8312.000 19.13
8313.000 19.13
8314.000 19.10
8315.000 19.13
8316.000 19.13
8317.000 19.13
8318.000 19.13
8319.000 19.13
8320.000 19.13
8321.000 19.13
8322.000 19.13
8323.000 19.13
8324.000 19.07
8325.000 19.13
8326.000 19.13
8327.000 19.13
8328.000 19.12
8329.000 19.12
8330.000 19.13
8331.000 19.12
8332.000 18.93
8333.000 19.12
8334.000 19.12
8335.000 19.11
8336.000 19.11
8337.000 19.12
8338.000 19.12
8339.000 19.12
8340.000 19.12
8341.000 19.08
8342.000 19.12
8343.000 19.12
8344.000 19.12
8345.000 19.12
8346.000 19.12
8347.000 19.12
8348.000 19.12
8349.000 19.12
8350.000 19.11
8351.000 19.11
8352.000 19.11
8353.000 19.11
8354.000 19.11
8355.000 19.11
8356.000 19.08
8357.000 19.09
8358.000 19.11
8359.000 19.11
8360.000 19.11
8361.000 19.11
8362.000 19.11
8363.000 19.11
8364.000 19.11
8365.000 19.11
8366.000 19.11
8367.000 19.11
8368.000 19.11
8369.000 19.10
8370.000 19.10
8371.000 19.10
8372.000 19.10
8373.000 19.10
8374.000 19.10
8375.000 19.10
8376.000 19.05
8377.000 19.10
8378.000 19.10
8379.000 19.09
8380.000 19.10
8381.000 19.10
8382.000 19.10
8383.000 19.10
8384.000 19.10
8385.000 19.10
8386.000 19.09
8387.000 19.09
8388.000 19.08
8389.000 19.09
8390.000 19.09
8391.000 19.09
8392.000 19.09
8393.000 19.09
8394.000 19.09
8395.000 19.09
8396.000 19.09
8397.000 19.09
8398.000 19.09
8399.000 19.09
8400.000 19.08
8401.000 19.09
8402.000 19.09
8403.000 19.08
8404.000 19.09
8405.000 19.08
8406.000 19.08
8407.000 19.08
8408.000 19.07
8409.000 19.08
8410.000 19.08
8411.000 19.06
8412.000 19.08
8413.000 19.08
8414.000 19.08
8415.000 19.08
8416.000 19.08
8417.000 19.08
8418.000 19.08
8419.000 19.08
8420.000 19.08
8421.000 19.07
8422.000 19.08
8423.000 19.07
8424.000 19.07
8425.000 19.07
8426.000 19.07
8427.000 19.07
8428.000 19.07
8429.000 19.07
8430.000 19.07
8431.000 19.07
8432.000 19.07
8433.000 19.06
8434.000 19.07
8435.000 19.07
8436.000 19.07
8437.000 19.06
8438.000 19.07
8439.000 19.06
8440.000 19.06
8441.000 19.06
8442.000 19.06
8443.000 19.06
8444.000 19.06
8445.000 19.06
8446.000 19.06
8447.000 19.06
8448.000 19.06
8449.000 19.06
8450.000 19.06
8451.000 19.06
8452.000 19.06
8453.000 19.06
8454.000 19.06
8455.000 19.06
8456.000 19.06
8457.000 19.06
8458.000 19.05
8459.000 19.05
8460.000 19.05
8461.000 19.05
8462.000 19.05
8463.000 19.05
8464.000 19.05
8465.000 19.05
8466.000 19.05
8467.000 19.05
8468.000 19.05
8469.000 19.05
8470.000 19.05
8471.000 19.05
8472.000 19.05
8473.000 19.05
8474.000 19.05
8475.000 19.04
8476.000 19.04
8477.000 19.04
8478.000 19.04
8479.000 19.04
8480.000 19.04
8481.000 19.04
8482.000 19.04
8483.000 19.04
8484.000 19.04
8485.000 19.04
8486.000 19.04
8487.000 19.04
8488.000 19.04
8489.000 19.04
8490.000 19.04
8491.000 19.04
8492.000 19.03
8493.000 19.03
8494.000 19.03
8495.000 19.03
8496.000 19.03
8497.000 19.03
8498.000 19.03
8499.000 19.03
8500.000 19.03
8501.000 19.03
8502.000 19.03
8503.000 19.03
8504.000 19.03
8505.000 19.03
8506.000 19.03
8507.000 19.03
8508.000 19.02
8509.000 19.02
8510.000 19.02
8511.000 19.02
8512.000 19.02
8513.000 19.02
8514.000 19.02
8515.000 19.02
8516.000 19.02
8517.000 19.02
8518.000 19.02
8519.000 19.02
8520.000 19.02
8521.000 19.02
8522.000 19.00
8523.000 19.02
8524.000 19.02
8525.000 19.01
8526.000 19.01
8527.000 19.01
8528.000 19.01
8529.000 19.01
8530.000 19.01
8531.000 19.01
8532.000 19.01
8533.000 19.01
8534.000 19.01
8535.000 19.01
8536.000 19.01
8537.000 19.01
8538.000 19.01
8539.000 19.00
8540.000 19.01
8541.000 19.00
8542.000 19.00
8543.000 19.00
8544.000 19.00
8545.000 19.00
8546.000 19.00
8547.000 19.00
8548.000 19.00
8549.000 19.00
8550.000 19.00
8551.000 19.00
8552.000 19.00
8553.000 19.00
8554.000 19.00
8555.000 19.00
8556.000 18.99
8557.000 18.99
8558.000 18.99
8559.000 18.99
8560.000 18.99
8561.000 18.99
8562.000 18.99
8563.000 18.99
8564.000 18.99
8565.000 18.99
8566.000 18.99
8567.000 18.99
8568.000 18.99
8569.000 18.99
8570.000 18.99
8571.000 18.98
8572.000 18.99
8573.000 18.98
8574.000 18.98
8575.000 18.98
8576.000 18.98
8577.000 18.98
8578.000 18.98
8579.000 18.98
8580.000 18.98
8581.000 18.98
8582.000 18.98
8583.000 18.98
8584.000 18.98
8585.000 18.98
8586.000 18.98
8587.000 18.98
8588.000 18.97
8589.000 18.97
8590.000 18.97
8591.000 18.97
8592.000 18.97
8593.000 18.97
8594.000 18.97
8595.000 18.97
8596.000 18.97
8597.000 18.97
8598.000 18.97
8599.000 18.97
8600.000 18.97
8601.000 18.97
8602.000 18.97
8603.000 18.97
8604.000 18.96
8605.000 18.96
8606.000 18.96
8607.000 18.96
8608.000 18.96
8609.000 18.96
8610.000 18.96
8611.000 18.96
8612.000 18.96
8613.000 18.96
8614.000 18.96
8615.000 18.96
8616.000 18.96
8617.000 18.96
8618.000 18.95
8619.000 18.95
8620.000 18.95
8621.000 18.95
8622.000 18.95
8623.000 18.95
8624.000 18.95
8625.000 18.95
8626.000 18.95
8627.000 18.95
8628.000 18.95
8629.000 18.95
8630.000 18.95
8631.000 18.95
8632.000 18.95
8633.000 18.94
8634.000 18.94
8635.000 18.94
8636.000 18.94
8637.000 18.94
8638.000 18.94
8639.000 18.94
8640.000 18.94
8641.000 18.94
8642.000 18.94
8643.000 18.94
8644.000 18.94
8645.000 18.94
8646.000 18.94
8647.000 18.94
8648.000 18.93
8649.000 18.93
8650.000 18.93
8651.000 18.93
8652.000 18.93
8653.000 18.93
8654.000 18.93
8655.000 18.93
8656.000 18.93
8657.000 18.93
8658.000 18.93
8659.000 18.93
8660.000 18.93
8661.000 18.93
8662.000 18.93
8663.000 18.92
8664.000 18.92
8665.000 18.92
8666.000 18.92
8667.000 18.92
8668.000 18.92
8669.000 18.92
8670.000 18.92
8671.000 18.92
8672.000 18.92
8673.000 18.92
8674.000 18.92
8675.000 18.92
8676.000 18.92
8677.000 18.91
8678.000 18.91
8679.000 18.91
8680.000 18.91
8681.000 18.91
8682.000 18.91
8683.000 18.91
8684.000 18.91
8685.000 18.91
8686.000 18.91
8687.000 18.91
8688.000 18.91
8689.000 18.91
8690.000 18.91
8691.000 18.90
8692.000 18.90
8693.000 18.90
8694.000 18.90
8695.000 18.90
8696.000 18.90
8697.000 18.90
8698.000 18.90
8699.000 18.90
8700.000 18.90
8701.000 18.90
8702.000 18.90
8703.000 18.90
8704.000 18.89
8705.000 18.89
8706.000 18.89
8707.000 18.89
8708.000 18.89
8709.000 18.89
8710.000 18.89
8711.000 18.89
8712.000 18.89
8713.000 18.89
8714.000 18.89
8715.000 18.89
8716.000 18.89
8717.000 18.89
8718.000 18.88
8719.000 18.88
8720.000 18.88
8721.000 18.88
8722.000 18.88
8723.000 18.88
8724.000 18.88
8725.000 18.88
8726.000 18.88
8727.000 18.88
8728.000 18.88
8729.000 18.88
8730.000 18.88
8731.000 18.87
8732.000 18.87
8733.000 18.87
8734.000 18.87
8735.000 18.87
8736.000 18.87
8737.000 18.87
8738.000 18.87
8739.000 18.87
8740.000 18.87
8741.000 18.87
8742.000 18.87
8743.000 18.87
8744.000 18.86
8745.000 18.86
8746.000 18.86
8747.000 18.86
8748.000 18.86
8749.000 18.86
8750.000 18.86
8751.000 18.86
8752.000 18.86
8753.000 18.86
8754.000 18.86
8755.000 18.86
8756.000 18.86
8757.000 18.85
8758.000 18.85
8759.000 18.85
8760.000 18.85
8761.000 18.85
8762.000 18.85
8763.000 18.85
8764.000 18.85
8765.000 18.85
8766.000 18.85
8767.000 18.85
8768.000 18.85
8769.000 18.84
8770.000 18.84
8771.000 18.84
8772.000 18.84
8773.000 18.84
8774.000 18.84
8775.000 18.84
8776.000 18.84
8777.000 18.84
8778.000 18.84
8779.000 18.84
8780.000 18.84
8781.000 18.84
8782.000 18.83
8783.000 18.83
8784.000 18.83
8785.000 18.83
8786.000 18.83
8787.000 18.83
8788.000 18.83
8789.000 18.83
8790.000 18.83
8791.000 18.83
8792.000 18.83
8793.000 18.83
8794.000 18.82
8795.000 18.82
8796.000 18.82
8797.000 18.82
8798.000 18.82
8799.000 18.82
8800.000 18.82
8801.000 18.82
8802.000 18.82
8803.000 18.82
8804.000 18.82
8805.000 18.82
8806.000 18.81
8807.000 18.81
8808.000 18.81
8809.000 18.81
8810.000 18.81
8811.000 18.81
8812.000 18.81
8813.000 18.81
8814.000 18.81
8815.000 18.81
8816.000 18.81
8817.000 18.81
8818.000 18.80
8819.000 18.80
8820.000 18.80
8821.000 18.80
8822.000 18.80
8823.000 18.80
8824.000 18.80
8825.000 18.80
8826.000 18.80
8827.000 18.80
8828.000 18.80
8829.000 18.79
8830.000 18.79
8831.000 18.79
8832.000 18.79
8833.000 18.79
8834.000 18.79
8835.000 18.79
8836.000 18.79
8837.000 18.79
8838.000 18.79
8839.000 18.78
8840.000 18.79
8841.000 18.78
8842.000 18.78
8843.000 18.78
8844.000 18.78
8845.000 18.78
8846.000 18.78
8847.000 18.78
8848.000 18.78
8849.000 18.78
8850.000 18.78
8851.000 18.78
8852.000 18.77
8853.000 18.77
8854.000 18.77
8855.000 18.77
8856.000 18.77
8857.000 18.77
8858.000 18.77
8859.000 18.77
8860.000 18.76
8861.000 18.77
8862.000 18.77
8863.000 18.76
8864.000 18.76
8865.000 18.76
8866.000 18.76
8867.000 18.76
8868.000 18.76
8869.000 18.76
8870.000 18.76
8871.000 18.76
8872.000 18.76
8873.000 18.76
8874.000 18.75
8875.000 18.75
8876.000 18.75
8877.000 18.75
8878.000 18.75
8879.000 18.75
8880.000 18.75
8881.000 18.75
8882.000 18.74
8883.000 18.75
8884.000 18.74
8885.000 18.74
8886.000 18.74
8887.000 18.74
8888.000 18.74
8889.000 18.74
8890.000 18.74
8891.000 18.74
8892.000 18.74
8893.000 18.74
8894.000 18.74
8895.000 18.73
8896.000 18.73
8897.000 18.73
8898.000 18.73
8899.000 18.72
8900.000 18.73
8901.000 18.73
8902.000 18.73
8903.000 18.72
8904.000 18.73
8905.000 18.73
8906.000 18.72
8907.000 18.72
8908.000 18.72
8909.000 18.72
8910.000 18.71
8911.000 18.72
8912.000 18.72
8913.000 18.72
8914.000 18.72
8915.000 18.72
8916.000 18.71
8917.000 18.71
8918.000 18.71
8919.000 18.71
8920.000 18.68
8921.000 18.71
8922.000 18.70
8923.000 18.71
8924.000 18.71
8925.000 18.71
8926.000 18.70
8927.000 18.70
8928.000 18.70
8929.000 18.70
8930.000 18.70
8931.000 18.70
8932.000 18.69
8933.000 18.69
8934.000 18.69
8935.000 18.69
8936.000 18.69
8937.000 18.69
8938.000 18.69
8939.000 18.69
8940.000 18.69
8941.000 18.69
8942.000 18.69
8943.000 18.65
8944.000 18.68
8945.000 18.68
8946.000 18.68
8947.000 18.68
8948.000 18.68
8949.000 18.65
8950.000 18.68
8951.000 18.63
8952.000 18.68
8953.000 18.67
8954.000 18.67
8955.000 18.67
8956.000 18.67
8957.000 18.66
8958.000 18.67
8959.000 18.67
8960.000 18.67
8961.000 18.64
8962.000 18.67
8963.000 18.66
8964.000 18.66
8965.000 18.46
8966.000 18.42
8967.000 18.66
8968.000 18.36
8969.000 18.60
8970.000 18.66
8971.000 18.66
8972.000 18.66
8973.000 18.65
8974.000 18.37
8975.000 18.64
8976.000 18.65
8977.000 18.62
8978.000 18.65
8979.000 18.61
8980.000 18.65
8981.000 18.65
8982.000 18.64
8983.000 17.83
8984.000 18.62
8985.000 18.64
8986.000 18.64
8987.000 18.64
8988.000 18.64
8989.000 18.20
8990.000 18.08
8991.000 18.62
8992.000 18.54
8993.000 18.59
8994.000 18.46
8995.000 18.62
8996.000 18.62
8997.000 18.63
8998.000 18.63
8999.000 18.63
9000.000 18.63
