# lambda zeropoint
4300.000 17.12
4301.000 17.13
4302.000 17.13
4303.000 17.14
4304.000 17.14
4305.000 17.14
4306.000 17.15
4307.000 17.15
4308.000 17.16
4309.000 17.16
4310.000 17.16
4311.000 17.17
4312.000 17.17
4313.000 17.18
4314.000 17.18
4315.000 17.18
4316.000 17.19
4317.000 17.19
4318.000 17.20
4319.000 17.20
4320.000 17.20
4321.000 17.21
4322.000 17.21
4323.000 17.22
4324.000 17.22
4325.000 17.22
4326.000 17.23
4327.000 17.23
4328.000 17.24
4329.000 17.24
4330.000 17.24
4331.000 17.25
4332.000 17.25
4333.000 17.26
4334.000 17.26
4335.000 17.26
4336.000 17.27
4337.000 17.27
4338.000 17.28
4339.000 17.28
4340.000 17.28
4341.000 17.29
4342.000 17.29
4343.000 17.29
4344.000 17.30
4345.000 17.30
4346.000 17.31
4347.000 17.31
4348.000 17.31
4349.000 17.32
4350.000 17.32
4351.000 17.33
4352.000 17.33
4353.000 17.33
4354.000 17.34
4355.000 17.34
4356.000 17.35
4357.000 17.35
4358.000 17.35
4359.000 17.36
4360.000 17.36
4361.000 17.36
4362.000 17.37
4363.000 17.37
4364.000 17.38
4365.000 17.38
4366.000 17.38
4367.000 17.39
4368.000 17.39
4369.000 17.39
4370.000 17.40
4371.000 17.40
4372.000 17.41
4373.000 17.41
4374.000 17.41
4375.000 17.42
4376.000 17.42
4377.000 17.42
4378.000 17.43
4379.000 17.43
4380.000 17.44
4381.000 17.44
4382.000 17.44
4383.000 17.45
4384.000 17.45
4385.000 17.45
4386.000 17.46
4387.000 17.46
4388.000 17.47
4389.000 17.47
4390.000 17.47
4391.000 17.48
4392.000 17.48
4393.000 17.48
4394.000 17.49
4395.000 17.49
4396.000 17.49
4397.000 17.50
4398.000 17.50
4399.000 17.51
4400.000 17.51
4401.000 17.51
4402.000 17.52
4403.000 17.52
4404.000 17.52
4405.000 17.53
4406.000 17.53
4407.000 17.53
4408.000 17.54
4409.000 17.54
4410.000 17.54
4411.000 17.55
4412.000 17.55
4413.000 17.56
4414.000 17.56
4415.000 17.56
4416.000 17.57
4417.000 17.57
4418.000 17.57
4419.000 17.58
4420.000 17.58
4421.000 17.58
4422.000 17.59
4423.000 17.59
4424.000 17.59
4425.000 17.60
4426.000 17.60
4427.000 17.60
4428.000 17.61
4429.000 17.61
4430.000 17.61
4431.000 17.62
4432.000 17.62
4433.000 17.63
4434.000 17.63
4435.000 17.63
4436.000 17.64
4437.000 17.64
4438.000 17.64
4439.000 17.65
4440.000 17.65
4441.000 17.65
4442.000 17.66
4443.000 17.66
4444.000 17.66
4445.000 17.67
4446.000 17.67
4447.000 17.67
4448.000 17.68
4449.000 17.68
4450.000 17.68
4451.000 17.69
4452.000 17.69
4453.000 17.69
4454.000 17.70
4455.000 17.70
4456.000 17.70
4457.000 17.71
4458.000 17.71
4459.000 17.71
4460.000 17.72
4461.000 17.72
4462.000 17.72
4463.000 17.73
4464.000 17.73
4465.000 17.73
4466.000 17.74
4467.000 17.74
4468.000 17.74
4469.000 17.75
4470.000 17.75
4471.000 17.75
4472.000 17.76
4473.000 17.76
4474.000 17.76
4475.000 17.77
4476.000 17.77
4477.000 17.77
4478.000 17.78
4479.000 17.78
4480.000 17.78
4481.000 17.79
4482.000 17.79
4483.000 17.79
4484.000 17.80
4485.000 17.80
4486.000 17.80
4487.000 17.81
4488.000 17.81
4489.000 17.81
4490.000 17.82
4491.000 17.82
4492.000 17.82
4493.000 17.83
4494.000 17.83
4495.000 17.83
4496.000 17.84
4497.000 17.84
4498.000 17.84
4499.000 17.84
4500.000 17.85
4501.000 17.85
4502.000 17.85
4503.000 17.86
4504.000 17.86
4505.000 17.86
4506.000 17.87
4507.000 17.87
4508.000 17.87
4509.000 17.88
4510.000 17.88
4511.000 17.88
4512.000 17.89
4513.000 17.89
4514.000 17.89
4515.000 17.90
4516.000 17.90
4517.000 17.90
4518.000 17.90
4519.000 17.91
4520.000 17.91
4521.000 17.91
4522.000 17.92
4523.000 17.92
4524.000 17.92
4525.000 17.93
4526.000 17.93
4527.000 17.93
4528.000 17.94
4529.000 17.94
4530.000 17.94
4531.000 17.94
4532.000 17.95
4533.000 17.95
4534.000 17.95
4535.000 17.96
4536.000 17.96
4537.000 17.96
4538.000 17.97
4539.000 17.97
4540.000 17.97
4541.000 17.97
4542.000 17.98
4543.000 17.98
4544.000 17.98
4545.000 17.99
4546.000 17.99
4547.000 17.99
4548.000 18.00
4549.000 18.00
4550.000 18.00
4551.000 18.00
4552.000 18.01
4553.000 18.01
4554.000 18.01
4555.000 18.02
4556.000 18.02
4557.000 18.02
4558.000 18.02
4559.000 18.03
4560.000 18.03
4561.000 18.03
4562.000 18.04
4563.000 18.04
4564.000 18.04
4565.000 18.04
4566.000 18.05
4567.000 18.05
4568.000 18.05
4569.000 18.06
4570.000 18.06
4571.000 18.06
4572.000 18.06
4573.000 18.07
4574.000 18.07
4575.000 18.07
4576.000 18.08
4577.000 18.08
4578.000 18.08
4579.000 18.08
4580.000 18.09
4581.000 18.09
4582.000 18.09
4583.000 18.10
4584.000 18.10
4585.000 18.10
4586.000 18.10
4587.000 18.11
4588.000 18.11
4589.000 18.11
4590.000 18.12
4591.000 18.12
4592.000 18.12
4593.000 18.12
4594.000 18.13
4595.000 18.13
4596.000 18.13
4597.000 18.13
4598.000 18.14
4599.000 18.14
4600.000 18.14
4601.000 18.15
4602.000 18.15
4603.000 18.15
4604.000 18.15
4605.000 18.16
4606.000 18.16
4607.000 18.16
4608.000 18.16
4609.000 18.17
4610.000 18.17
4611.000 18.17
4612.000 18.18
4613.000 18.18
4614.000 18.18
4615.000 18.18
4616.000 18.19
4617.000 18.19
4618.000 18.19
4619.000 18.19
4620.000 18.20
4621.000 18.20
4622.000 18.20
4623.000 18.20
4624.000 18.21
4625.000 18.21
4626.000 18.21
4627.000 18.22
4628.000 18.22
4629.000 18.22
4630.000 18.22
4631.000 18.23
4632.000 18.23
4633.000 18.23
4634.000 18.23
4635.000 18.24
4636.000 18.24
4637.000 18.24
4638.000 18.24
4639.000 18.25
4640.000 18.25
4641.000 18.25
4642.000 18.25
4643.000 18.26
4644.000 18.26
4645.000 18.26
4646.000 18.26
4647.000 18.27
4648.000 18.27
4649.000 18.27
4650.000 18.28
4651.000 18.28
4652.000 18.28
4653.000 18.28
4654.000 18.29
4655.000 18.29
4656.000 18.29
4657.000 18.29
4658.000 18.30
4659.000 18.30
4660.000 18.30
4661.000 18.30
4662.000 18.31
4663.000 18.31
4664.000 18.31
4665.000 18.31
4666.000 18.32
4667.000 18.32
4668.000 18.32
4669.000 18.32
4670.000 18.33
4671.000 18.33
4672.000 18.33
4673.000 18.33
4674.000 18.33
4675.000 18.34
4676.000 18.34
4677.000 18.34
4678.000 18.34
4679.000 18.35
4680.000 18.35
4681.000 18.35
4682.000 18.35
4683.000 18.36
4684.000 18.36
4685.000 18.36
4686.000 18.36
4687.000 18.37
4688.000 18.37
4689.000 18.37
4690.000 18.37
4691.000 18.38
4692.000 18.38
4693.000 18.38
4694.000 18.38
4695.000 18.39
4696.000 18.39
4697.000 18.39
4698.000 18.39
4699.000 18.39
4700.000 18.40
4701.000 18.40
4702.000 18.40
4703.000 18.40
4704.000 18.41
4705.000 18.41
4706.000 18.41
4707.000 18.41
4708.000 18.42
4709.000 18.42
4710.000 18.42
4711.000 18.42
4712.000 18.42
4713.000 18.43
4714.000 18.43
4715.000 18.43
4716.000 18.43
4717.000 18.44
4718.000 18.44
4719.000 18.44
4720.000 18.44
4721.000 18.44
4722.000 18.45
4723.000 18.45
4724.000 18.45
4725.000 18.45
4726.000 18.46
4727.000 18.46
4728.000 18.46
4729.000 18.46
4730.000 18.46
4731.000 18.47
4732.000 18.47
4733.000 18.47
4734.000 18.47
4735.000 18.48
4736.000 18.48
4737.000 18.48
4738.000 18.48
4739.000 18.48
4740.000 18.49
4741.000 18.49
4742.000 18.49
4743.000 18.49
4744.000 18.50
4745.000 18.50
4746.000 18.50
4747.000 18.50
4748.000 18.50
4749.000 18.51
4750.000 18.51
4751.000 18.51
4752.000 18.51
4753.000 18.51
4754.000 18.52
4755.000 18.52
4756.000 18.52
4757.000 18.52
4758.000 18.52
4759.000 18.53
4760.000 18.53
4761.000 18.53
4762.000 18.53
4763.000 18.53
4764.000 18.54
4765.000 18.54
4766.000 18.54
4767.000 18.54
4768.000 18.54
4769.000 18.55
4770.000 18.55
4771.000 18.55
4772.000 18.55
4773.000 18.55
4774.000 18.56
4775.000 18.56
4776.000 18.56
4777.000 18.56
4778.000 18.56
4779.000 18.57
4780.000 18.57
4781.000 18.57
4782.000 18.57
4783.000 18.58
4784.000 18.58
4785.000 18.58
4786.000 18.58
4787.000 18.58
4788.000 18.59
4789.000 18.59
4790.000 18.59
4791.000 18.59
4792.000 18.59
4793.000 18.60
4794.000 18.60
4795.000 18.60
4796.000 18.60
4797.000 18.60
4798.000 18.61
4799.000 18.61
4800.000 18.61
4801.000 18.61
4802.000 18.62
4803.000 18.62
4804.000 18.62
4805.000 18.62
4806.000 18.62
4807.000 18.63
4808.000 18.63
4809.000 18.63
4810.000 18.63
4811.000 18.63
4812.000 18.64
4813.000 18.64
4814.000 18.64
4815.000 18.64
4816.000 18.64
4817.000 18.65
4818.000 18.65
4819.000 18.65
4820.000 18.65
4821.000 18.65
4822.000 18.66
4823.000 18.66
4824.000 18.66
4825.000 18.66
4826.000 18.66
4827.000 18.67
4828.000 18.67
4829.000 18.67
4830.000 18.67
4831.000 18.67
4832.000 18.68
4833.000 18.68
4834.000 18.68
4835.000 18.68
4836.000 18.68
4837.000 18.68
4838.000 18.69
4839.000 18.69
4840.000 18.69
4841.000 18.69
4842.000 18.69
4843.000 18.70
4844.000 18.70
4845.000 18.70
4846.000 18.70
4847.000 18.70
4848.000 18.71
4849.000 18.71
4850.000 18.71
4851.000 18.71
4852.000 18.71
4853.000 18.72
4854.000 18.72
4855.000 18.72
4856.000 18.72
4857.000 18.72
4858.000 18.72
4859.000 18.73
4860.000 18.73
4861.000 18.73
4862.000 18.73
4863.000 18.73
4864.000 18.74
4865.000 18.74
4866.000 18.74
4867.000 18.74
4868.000 18.74
4869.000 18.74
4870.000 18.75
4871.000 18.75
4872.000 18.75
4873.000 18.75
4874.000 18.75
4875.000 18.76
4876.000 18.76
4877.000 18.76
4878.000 18.76
4879.000 18.76
4880.000 18.76
4881.000 18.77
4882.000 18.77
4883.000 18.77
4884.000 18.77
4885.000 18.77
4886.000 18.77
4887.000 18.78
4888.000 18.78
4889.000 18.78
4890.000 18.78
4891.000 18.78
4892.000 18.78
4893.000 18.79
4894.000 18.79
4895.000 18.79
4896.000 18.79
4897.000 18.79
4898.000 18.79
4899.000 18.80
4900.000 18.80
4901.000 18.80
4902.000 18.80
4903.000 18.80
4904.000 18.80
4905.000 18.81
4906.000 18.81
4907.000 18.81
4908.000 18.81
4909.000 18.81
4910.000 18.81
4911.000 18.82
4912.000 18.82
4913.000 18.82
4914.000 18.82
4915.000 18.82
4916.000 18.82
4917.000 18.83
4918.000 18.83
4919.000 18.83
4920.000 18.83
4921.000 18.83
4922.000 18.83
4923.000 18.84
4924.000 18.84
4925.000 18.84
4926.000 18.84
4927.000 18.84
4928.000 18.84
4929.000 18.85
4930.000 18.85
4931.000 18.85
4932.000 18.85
4933.000 18.85
4934.000 18.85
4935.000 18.86
4936.000 18.86
4937.000 18.86
4938.000 18.86
4939.000 18.86
4940.000 18.86
4941.000 18.86
4942.000 18.87
4943.000 18.87
4944.000 18.87
4945.000 18.87
4946.000 18.87
4947.000 18.87
4948.000 18.88
4949.000 18.88
4950.000 18.88
4951.000 18.88
4952.000 18.88
4953.000 18.88
4954.000 18.88
4955.000 18.89
4956.000 18.89
4957.000 18.89
4958.000 18.89
4959.000 18.89
4960.000 18.89
4961.000 18.89
4962.000 18.90
4963.000 18.90
4964.000 18.90
4965.000 18.90
4966.000 18.90
4967.000 18.90
4968.000 18.91
4969.000 18.91
4970.000 18.91
4971.000 18.91
4972.000 18.91
4973.000 18.91
4974.000 18.91
4975.000 18.92
4976.000 18.92
4977.000 18.92
4978.000 18.92
4979.000 18.92
4980.000 18.92
4981.000 18.92
4982.000 18.93
4983.000 18.93
4984.000 18.93
4985.000 18.93
4986.000 18.93
4987.000 18.93
4988.000 18.93
4989.000 18.94
4990.000 18.94
4991.000 18.94
4992.000 18.94
4993.000 18.94
4994.000 18.94
4995.000 18.94
4996.000 18.94
4997.000 18.95
4998.000 18.95
4999.000 18.95
5000.000 18.95
5001.000 18.95
5002.000 18.95
5003.000 18.95
5004.000 18.96
5005.000 18.96
5006.000 18.96
5007.000 18.96
5008.000 18.96
5009.000 18.96
5010.000 18.96
5011.000 18.96
5012.000 18.97
5013.000 18.97
5014.000 18.97
5015.000 18.97
5016.000 18.97
5017.000 18.97
5018.000 18.97
5019.000 18.97
5020.000 18.98
5021.000 18.98
5022.000 18.98
5023.000 18.98
5024.000 18.98
5025.000 18.98
5026.000 18.98
5027.000 18.99
5028.000 18.99
5029.000 18.99
5030.000 18.99
5031.000 18.99
5032.000 18.99
5033.000 18.99
5034.000 18.99
5035.000 19.00
5036.000 18.99
5037.000 19.00
5038.000 19.00
5039.000 19.00
5040.000 19.00
5041.000 19.00
5042.000 19.00
5043.000 19.01
5044.000 19.01
5045.000 19.01
5046.000 19.01
5047.000 19.01
5048.000 19.01
5049.000 19.01
5050.000 19.01
5051.000 19.02
5052.000 19.02
5053.000 19.02
5054.000 19.02
5055.000 19.02
5056.000 19.02
5057.000 19.02
5058.000 19.02
5059.000 19.02
5060.000 19.03
5061.000 19.03
5062.000 19.03
5063.000 19.03
5064.000 19.03
5065.000 19.03
5066.000 19.03
5067.000 19.04
5068.000 19.04
5069.000 19.04
5070.000 19.04
5071.000 19.04
5072.000 19.04
5073.000 19.04
5074.000 19.04
5075.000 19.05
5076.000 19.05
5077.000 19.05
5078.000 19.05
5079.000 19.05
5080.000 19.05
5081.000 19.05
5082.000 19.05
5083.000 19.06
5084.000 19.06
5085.000 19.06
5086.000 19.06
5087.000 19.06
5088.000 19.06
5089.000 19.06
5090.000 19.06
5091.000 19.07
5092.000 19.07
5093.000 19.07
5094.000 19.07
5095.000 19.07
5096.000 19.07
5097.000 19.07
5098.000 19.07
5099.000 19.07
5100.000 19.08
5101.000 19.08
5102.000 19.08
5103.000 19.08
5104.000 19.08
5105.000 19.08
5106.000 19.08
5107.000 19.08
5108.000 19.09
5109.000 19.09
5110.000 19.09
5111.000 19.09
5112.000 19.09
5113.000 19.09
5114.000 19.09
5115.000 19.09
5116.000 19.09
5117.000 19.10
5118.000 19.10
5119.000 19.10
5120.000 19.10
5121.000 19.10
5122.000 19.10
5123.000 19.10
5124.000 19.10
5125.000 19.10
5126.000 19.10
5127.000 19.11
5128.000 19.11
5129.000 19.11
5130.000 19.11
5131.000 19.11
5132.000 19.11
5133.000 19.11
5134.000 19.11
5135.000 19.11
5136.000 19.12
5137.000 19.12
5138.000 19.12
5139.000 19.12
5140.000 19.12
5141.000 19.12
5142.000 19.12
5143.000 19.12
5144.000 19.12
5145.000 19.12
5146.000 19.13
5147.000 19.13
5148.000 19.13
5149.000 19.13
5150.000 19.13
5151.000 19.13
5152.000 19.13
5153.000 19.13
5154.000 19.13
5155.000 19.14
5156.000 19.14
5157.000 19.14
5158.000 19.14
5159.000 19.14
5160.000 19.14
5161.000 19.14
5162.000 19.14
5163.000 19.14
5164.000 19.14
5165.000 19.15
5166.000 19.15
5167.000 19.15
5168.000 19.15
5169.000 19.15
5170.000 19.15
5171.000 19.15
5172.000 19.15
5173.000 19.15
5174.000 19.15
5175.000 19.15
5176.000 19.16
5177.000 19.16
5178.000 19.16
5179.000 19.16
5180.000 19.16
5181.000 19.16
5182.000 19.16
5183.000 19.16
5184.000 19.16
5185.000 19.16
5186.000 19.17
5187.000 19.17
5188.000 19.17
5189.000 19.17
5190.000 19.17
5191.000 19.17
5192.000 19.17
5193.000 19.17
5194.000 19.17
5195.000 19.17
5196.000 19.17
5197.000 19.18
5198.000 19.18
5199.000 19.18
5200.000 19.18
5201.000 19.18
5202.000 19.18
5203.000 19.18
5204.000 19.18
5205.000 19.18
5206.000 19.18
5207.000 19.18
5208.000 19.19
5209.000 19.19
5210.000 19.19
5211.000 19.19
5212.000 19.19
5213.000 19.19
5214.000 19.19
5215.000 19.19
5216.000 19.19
5217.000 19.19
5218.000 19.19
5219.000 19.19
5220.000 19.20
5221.000 19.20
5222.000 19.20
5223.000 19.20
5224.000 19.20
5225.000 19.20
5226.000 19.20
5227.000 19.20
5228.000 19.20
5229.000 19.20
5230.000 19.20
5231.000 19.20
5232.000 19.21
5233.000 19.21
5234.000 19.21
5235.000 19.21
5236.000 19.21
5237.000 19.21
5238.000 19.21
5239.000 19.21
5240.000 19.21
5241.000 19.21
5242.000 19.21
5243.000 19.21
5244.000 19.21
5245.000 19.22
5246.000 19.22
5247.000 19.22
5248.000 19.22
5249.000 19.22
5250.000 19.22
5251.000 19.22
5252.000 19.22
5253.000 19.22
5254.000 19.22
5255.000 19.22
5256.000 19.22
5257.000 19.22
5258.000 19.23
5259.000 19.23
5260.000 19.23
5261.000 19.23
5262.000 19.23
5263.000 19.23
5264.000 19.23
5265.000 19.23
5266.000 19.23
5267.000 19.23
5268.000 19.23
5269.000 19.23
5270.000 19.23
5271.000 19.23
5272.000 19.24
5273.000 19.24
5274.000 19.24
5275.000 19.24
5276.000 19.24
5277.000 19.24
5278.000 19.24
5279.000 19.24
5280.000 19.24
5281.000 19.24
5282.000 19.24
5283.000 19.24
5284.000 19.24
5285.000 19.24
5286.000 19.25
5287.000 19.25
5288.000 19.25
5289.000 19.25
5290.000 19.25
5291.000 19.25
5292.000 19.25
5293.000 19.25
5294.000 19.25
5295.000 19.25
5296.000 19.25
5297.000 19.25
5298.000 19.25
5299.000 19.25
5300.000 19.26
5301.000 19.26
5302.000 19.26
5303.000 19.26
5304.000 19.26
5305.000 19.26
5306.000 19.26
5307.000 19.26
5308.000 19.26
5309.000 19.26
5310.000 19.26
5311.000 19.26
5312.000 19.26
5313.000 19.26
5314.000 19.26
5315.000 19.27
5316.000 19.27
5317.000 19.27
5318.000 19.27
5319.000 19.27
5320.000 19.27
5321.000 19.27
5322.000 19.27
5323.000 19.27
5324.000 19.27
5325.000 19.27
5326.000 19.27
5327.000 19.27
5328.000 19.27
5329.000 19.28
5330.000 19.28
5331.000 19.28
5332.000 19.28
5333.000 19.28
5334.000 19.28
5335.000 19.28
5336.000 19.28
5337.000 19.28
5338.000 19.28
5339.000 19.28
5340.000 19.28
5341.000 19.28
5342.000 19.28
5343.000 19.28
5344.000 19.29
5345.000 19.29
5346.000 19.29
5347.000 19.29
5348.000 19.29
5349.000 19.29
5350.000 19.29
5351.000 19.29
5352.000 19.29
5353.000 19.29
5354.000 19.29
5355.000 19.29
5356.000 19.29
5357.000 19.29
5358.000 19.29
5359.000 19.30
5360.000 19.30
5361.000 19.30
5362.000 19.30
5363.000 19.30
5364.000 19.30
5365.000 19.30
5366.000 19.30
5367.000 19.30
5368.000 19.30
5369.000 19.30
5370.000 19.30
5371.000 19.30
5372.000 19.30
5373.000 19.30
5374.000 19.31
5375.000 19.31
5376.000 19.31
5377.000 19.31
5378.000 19.31
5379.000 19.31
5380.000 19.31
5381.000 19.31
5382.000 19.31
5383.000 19.31
5384.000 19.31
5385.000 19.31
5386.000 19.31
5387.000 19.31
5388.000 19.31
5389.000 19.31
5390.000 19.32
5391.000 19.32
5392.000 19.32
5393.000 19.32
5394.000 19.32
5395.000 19.32
5396.000 19.32
5397.000 19.32
5398.000 19.32
5399.000 19.32
5400.000 19.32
5401.000 19.32
5402.000 19.32
5403.000 19.32
5404.000 19.32
5405.000 19.32
5406.000 19.32
5407.000 19.32
5408.000 19.33
5409.000 19.33
5410.000 19.33
5411.000 19.32
5412.000 19.33
5413.000 19.33
5414.000 19.33
5415.000 19.33
5416.000 19.33
5417.000 19.33
5418.000 19.33
5419.000 19.33
5420.000 19.33
5421.000 19.33
5422.000 19.33
5423.000 19.33
5424.000 19.33
5425.000 19.33
5426.000 19.33
5427.000 19.34
5428.000 19.34
5429.000 19.34
5430.000 19.34
5431.000 19.34
5432.000 19.34
5433.000 19.34
5434.000 19.34
5435.000 19.34
5436.000 19.34
5437.000 19.34
5438.000 19.34
5439.000 19.34
5440.000 19.34
5441.000 19.34
5442.000 19.34
5443.000 19.34
5444.000 19.34
5445.000 19.34
5446.000 19.34
5447.000 19.35
5448.000 19.35
5449.000 19.35
5450.000 19.35
5451.000 19.35
5452.000 19.35
5453.000 19.35
5454.000 19.35
5455.000 19.35
5456.000 19.35
5457.000 19.35
5458.000 19.35
5459.000 19.35
5460.000 19.35
5461.000 19.35
5462.000 19.35
5463.000 19.35
5464.000 19.35
5465.000 19.35
5466.000 19.35
5467.000 19.35
5468.000 19.36
5469.000 19.36
5470.000 19.36
5471.000 19.36
5472.000 19.36
5473.000 19.36
5474.000 19.36
5475.000 19.36
5476.000 19.36
5477.000 19.36
5478.000 19.36
5479.000 19.36
5480.000 19.36
5481.000 19.36
5482.000 19.36
5483.000 19.36
5484.000 19.36
5485.000 19.36
5486.000 19.36
5487.000 19.36
5488.000 19.36
5489.000 19.37
5490.000 19.37
5491.000 19.37
5492.000 19.37
5493.000 19.37
5494.000 19.37
5495.000 19.37
5496.000 19.37
5497.000 19.37
5498.000 19.37
5499.000 19.37
5500.000 19.37
5501.000 19.37
5502.000 19.37
5503.000 19.37
5504.000 19.37
5505.000 19.37
5506.000 19.37
5507.000 19.37
5508.000 19.37
5509.000 19.37
5510.000 19.37
5511.000 19.37
5512.000 19.38
5513.000 19.38
5514.000 19.38
5515.000 19.38
5516.000 19.38
5517.000 19.38
5518.000 19.38
5519.000 19.38
5520.000 19.38
5521.000 19.38
5522.000 19.38
5523.000 19.38
5524.000 19.38
5525.000 19.38
5526.000 19.38
5527.000 19.38
5528.000 19.38
5529.000 19.38
5530.000 19.38
5531.000 19.38
5532.000 19.38
5533.000 19.38
5534.000 19.38
5535.000 19.38
5536.000 19.39
5537.000 19.39
5538.000 19.39
5539.000 19.39
5540.000 19.39
5541.000 19.39
5542.000 19.39
5543.000 19.39
5544.000 19.39
5545.000 19.39
5546.000 19.39
5547.000 19.39
5548.000 19.39
5549.000 19.39
5550.000 19.39
5551.000 19.39
5552.000 19.39
5553.000 19.39
5554.000 19.39
5555.000 19.39
5556.000 19.39
5557.000 19.39
5558.000 19.39
5559.000 19.39
5560.000 19.39
5561.000 19.39
5562.000 19.39
5563.000 19.39
5564.000 19.40
5565.000 19.40
5566.000 19.40
5567.000 19.40
5568.000 19.40
5569.000 19.40
5570.000 19.40
5571.000 19.40
5572.000 19.40
5573.000 19.40
5574.000 19.40
5575.000 19.40
5576.000 19.40
5577.000 19.40
5578.000 19.40
5579.000 19.40
5580.000 19.40
5581.000 19.40
5582.000 19.40
5583.000 19.40
5584.000 19.40
5585.000 19.40
5586.000 19.40
5587.000 19.40
5588.000 19.40
5589.000 19.40
5590.000 19.40
5591.000 19.40
5592.000 19.40
5593.000 19.40
5594.000 19.40
5595.000 19.40
5596.000 19.41
5597.000 19.41
5598.000 19.41
5599.000 19.41
5600.000 19.41
5601.000 19.41
5602.000 19.41
5603.000 19.41
5604.000 19.41
5605.000 19.41
5606.000 19.41
5607.000 19.41
5608.000 19.41
5609.000 19.41
5610.000 19.41
5611.000 19.41
5612.000 19.41
5613.000 19.41
5614.000 19.41
5615.000 19.41
5616.000 19.41
5617.000 19.41
5618.000 19.41
5619.000 19.41
5620.000 19.41
5621.000 19.41
5622.000 19.41
5623.000 19.41
5624.000 19.41
5625.000 19.41
5626.000 19.41
5627.000 19.41
5628.000 19.41
5629.000 19.41
5630.000 19.41
5631.000 19.41
5632.000 19.41
5633.000 19.42
5634.000 19.42
5635.000 19.42
5636.000 19.42
5637.000 19.42
5638.000 19.42
5639.000 19.42
5640.000 19.42
5641.000 19.42
5642.000 19.42
5643.000 19.42
5644.000 19.42
5645.000 19.42
5646.000 19.42
5647.000 19.42
5648.000 19.42
5649.000 19.42
5650.000 19.42
5651.000 19.42
5652.000 19.42
5653.000 19.42
5654.000 19.42
5655.000 19.42
5656.000 19.42
5657.000 19.42
5658.000 19.42
5659.000 19.42
5660.000 19.42
5661.000 19.42
5662.000 19.42
5663.000 19.42
5664.000 19.42
5665.000 19.42
5666.000 19.42
5667.000 19.42
5668.000 19.42
5669.000 19.42
5670.000 19.42
5671.000 19.42
5672.000 19.42
5673.000 19.42
5674.000 19.43
5675.000 19.43
5676.000 19.43
5677.000 19.43
5678.000 19.43
5679.000 19.43
5680.000 19.43
5681.000 19.43
5682.000 19.43
5683.000 19.43
5684.000 19.43
5685.000 19.43
5686.000 19.43
5687.000 19.42
5688.000 19.43
5689.000 19.42
5690.000 19.43
5691.000 19.43
5692.000 19.42
5693.000 19.43
5694.000 19.42
5695.000 19.43
5696.000 19.43
5697.000 19.43
5698.000 19.43
5699.000 19.43
5700.000 19.43
5701.000 19.43
5702.000 19.43
5703.000 19.43
5704.000 19.43
5705.000 19.43
5706.000 19.43
5707.000 19.43
5708.000 19.43
5709.000 19.43
5710.000 19.43
5711.000 19.43
5712.000 19.43
5713.000 19.43
5714.000 19.43
5715.000 19.43
5716.000 19.43
5717.000 19.43
5718.000 19.43
5719.000 19.43
5720.000 19.43
5721.000 19.43
5722.000 19.43
5723.000 19.43
5724.000 19.43
5725.000 19.43
5726.000 19.44
5727.000 19.44
5728.000 19.44
5729.000 19.44
5730.000 19.44
5731.000 19.44
5732.000 19.44
5733.000 19.44
5734.000 19.44
5735.000 19.44
5736.000 19.44
5737.000 19.44
5738.000 19.44
5739.000 19.44
5740.000 19.44
5741.000 19.44
5742.000 19.44
5743.000 19.44
5744.000 19.44
5745.000 19.44
5746.000 19.44
5747.000 19.44
5748.000 19.44
5749.000 19.44
5750.000 19.44
5751.000 19.44
5752.000 19.44
5753.000 19.44
5754.000 19.44
5755.000 19.44
5756.000 19.44
5757.000 19.44
5758.000 19.44
5759.000 19.44
5760.000 19.44
5761.000 19.44
5762.000 19.44
5763.000 19.44
5764.000 19.44
5765.000 19.44
5766.000 19.44
5767.000 19.44
5768.000 19.44
5769.000 19.45
5770.000 19.45
5771.000 19.45
5772.000 19.45
5773.000 19.45
5774.000 19.45
5775.000 19.45
5776.000 19.45
5777.000 19.45
5778.000 19.45
5779.000 19.45
5780.000 19.45
5781.000 19.45
5782.000 19.45
5783.000 19.45
5784.000 19.45
5785.000 19.45
5786.000 19.45
5787.000 19.45
5788.000 19.45
5789.000 19.45
5790.000 19.45
5791.000 19.45
5792.000 19.45
5793.000 19.45
5794.000 19.45
5795.000 19.45
5796.000 19.45
5797.000 19.46
5798.000 19.46
5799.000 19.46
5800.000 19.46
5801.000 19.46
5802.000 19.46
5803.000 19.46
5804.000 19.46
5805.000 19.46
5806.000 19.46
5807.000 19.46
5808.000 19.46
5809.000 19.46
5810.000 19.46
5811.000 19.46
5812.000 19.46
5813.000 19.46
5814.000 19.46
5815.000 19.46
5816.000 19.46
5817.000 19.46
5818.000 19.46
5819.000 19.46
5820.000 19.47
5821.000 19.47
5822.000 19.47
5823.000 19.47
5824.000 19.47
5825.000 19.47
5826.000 19.47
5827.000 19.47
5828.000 19.47
5829.000 19.47
5830.000 19.47
5831.000 19.47
5832.000 19.47
5833.000 19.47
5834.000 19.47
5835.000 19.47
5836.000 19.47
5837.000 19.47
5838.000 19.47
5839.000 19.47
5840.000 19.47
5841.000 19.47
5842.000 19.47
5843.000 19.47
5844.000 19.47
5845.000 19.47
5846.000 19.47
5847.000 19.47
5848.000 19.48
5849.000 19.48
5850.000 19.48
5851.000 19.48
5852.000 19.48
5853.000 19.48
5854.000 19.48
5855.000 19.48
5856.000 19.48
5857.000 19.48
5858.000 19.48
5859.000 19.48
5860.000 19.48
5861.000 19.48
5862.000 19.48
5863.000 19.48
5864.000 19.48
5865.000 19.48
5866.000 19.48
5867.000 19.48
5868.000 19.48
5869.000 19.48
5870.000 19.48
5871.000 19.48
5872.000 19.48
5873.000 19.48
5874.000 19.48
5875.000 19.48
5876.000 19.48
5877.000 19.48
5878.000 19.48
5879.000 19.48
5880.000 19.48
5881.000 19.48
5882.000 19.49
5883.000 19.48
5884.000 19.48
5885.000 19.49
5886.000 19.49
5887.000 19.49
5888.000 19.47
5889.000 19.49
5890.000 19.49
5891.000 19.49
5892.000 19.49
5893.000 19.49
5894.000 19.47
5895.000 19.49
5896.000 19.48
5897.000 19.49
5898.000 19.49
5899.000 19.49
5900.000 19.49
5901.000 19.49
5902.000 19.49
5903.000 19.48
5904.000 19.49
5905.000 19.49
5906.000 19.49
5907.000 19.49
5908.000 19.49
5909.000 19.49
5910.000 19.49
5911.000 19.49
5912.000 19.49
5913.000 19.49
5914.000 19.49
5915.000 19.49
5916.000 19.49
5917.000 19.49
5918.000 19.49
5919.000 19.49
5920.000 19.48
5921.000 19.49
5922.000 19.49
5923.000 19.50
5924.000 19.49
5925.000 19.50
5926.000 19.49
5927.000 19.50
5928.000 19.50
5929.000 19.50
5930.000 19.49
5931.000 19.50
5932.000 19.50
5933.000 19.50
5934.000 19.50
5935.000 19.50
5936.000 19.50
5937.000 19.50
5938.000 19.50
5939.000 19.50
5940.000 19.50
5941.000 19.50
5942.000 19.49
5943.000 19.50
5944.000 19.49
5945.000 19.50
5946.000 19.49
5947.000 19.50
5948.000 19.50
5949.000 19.50
5950.000 19.50
5951.000 19.50
5952.000 19.49
5953.000 19.50
5954.000 19.50
5955.000 19.50
5956.000 19.50
5957.000 19.50
5958.000 19.49
5959.000 19.50
5960.000 19.50
5961.000 19.50
5962.000 19.50
5963.000 19.50
5964.000 19.50
5965.000 19.50
5966.000 19.50
5967.000 19.50
5968.000 19.50
5969.000 19.50
5970.000 19.49
5971.000 19.51
5972.000 19.51
5973.000 19.49
5974.000 19.51
5975.000 19.51
5976.000 19.51
5977.000 19.51
5978.000 19.51
5979.000 19.51
5980.000 19.51
5981.000 19.51
5982.000 19.51
5983.000 19.51
5984.000 19.51
5985.000 19.51
5986.000 19.51
5987.000 19.51
5988.000 19.51
5989.000 19.51
5990.000 19.51
5991.000 19.51
5992.000 19.51
5993.000 19.51
5994.000 19.51
5995.000 19.51
5996.000 19.51
5997.000 19.51
5998.000 19.51
5999.000 19.50
6000.000 19.51
6001.000 19.51
6002.000 19.51
6003.000 19.51
6004.000 19.51
6005.000 19.51
6006.000 19.51
6007.000 19.51
6008.000 19.51
6009.000 19.51
6010.000 19.51
6011.000 19.51
6012.000 19.52
6013.000 19.52
6014.000 19.52
6015.000 19.52
6016.000 19.52
6017.000 19.52
6018.000 19.52
6019.000 19.52
6020.000 19.52
6021.000 19.52
6022.000 19.52
6023.000 19.52
6024.000 19.52
6025.000 19.52
6026.000 19.52
6027.000 19.52
6028.000 19.52
6029.000 19.52
6030.000 19.52
6031.000 19.52
6032.000 19.52
6033.000 19.52
6034.000 19.52
6035.000 19.52
6036.000 19.52
6037.000 19.52
6038.000 19.52
6039.000 19.52
6040.000 19.52
6041.000 19.52
6042.000 19.52
6043.000 19.52
6044.000 19.52
6045.000 19.53
6046.000 19.53
6047.000 19.53
6048.000 19.53
6049.000 19.53
6050.000 19.53
6051.000 19.53
6052.000 19.53
6053.000 19.53
6054.000 19.53
6055.000 19.53
6056.000 19.53
6057.000 19.53
6058.000 19.53
6059.000 19.53
6060.000 19.53
6061.000 19.53
6062.000 19.53
6063.000 19.53
6064.000 19.53
6065.000 19.53
6066.000 19.53
6067.000 19.53
6068.000 19.53
6069.000 19.53
6070.000 19.53
6071.000 19.53
6072.000 19.53
6073.000 19.53
6074.000 19.54
6075.000 19.54
6076.000 19.54
6077.000 19.54
6078.000 19.54
6079.000 19.54
6080.000 19.54
6081.000 19.54
6082.000 19.54
6083.000 19.54
6084.000 19.54
6085.000 19.54
6086.000 19.54
6087.000 19.54
6088.000 19.54
6089.000 19.54
6090.000 19.54
6091.000 19.54
6092.000 19.54
6093.000 19.54
6094.000 19.54
6095.000 19.54
6096.000 19.54
6097.000 19.54
6098.000 19.54
6099.000 19.54
6100.000 19.54
6101.000 19.55
6102.000 19.55
6103.000 19.55
6104.000 19.55
6105.000 19.55
6106.000 19.55
6107.000 19.55
6108.000 19.55
6109.000 19.55
6110.000 19.55
6111.000 19.55
6112.000 19.55
6113.000 19.55
6114.000 19.55
6115.000 19.55
6116.000 19.55
6117.000 19.55
6118.000 19.55
6119.000 19.55
6120.000 19.55
6121.000 19.55
6122.000 19.55
6123.000 19.55
6124.000 19.55
6125.000 19.55
6126.000 19.55
6127.000 19.55
6128.000 19.55
6129.000 19.56
6130.000 19.56
6131.000 19.56
6132.000 19.56
6133.000 19.56
6134.000 19.56
6135.000 19.56
6136.000 19.56
6137.000 19.56
6138.000 19.56
6139.000 19.56
6140.000 19.56
6141.000 19.56
6142.000 19.56
6143.000 19.56
6144.000 19.56
6145.000 19.56
6146.000 19.56
6147.000 19.56
6148.000 19.56
6149.000 19.56
6150.000 19.56
6151.000 19.56
6152.000 19.56
6153.000 19.56
6154.000 19.56
6155.000 19.56
6156.000 19.56
6157.000 19.56
6158.000 19.57
6159.000 19.57
6160.000 19.57
6161.000 19.57
6162.000 19.57
6163.000 19.57
6164.000 19.57
6165.000 19.57
6166.000 19.57
6167.000 19.57
6168.000 19.57
6169.000 19.57
6170.000 19.57
6171.000 19.57
6172.000 19.57
6173.000 19.57
6174.000 19.57
6175.000 19.57
6176.000 19.57
6177.000 19.57
6178.000 19.57
6179.000 19.57
6180.000 19.57
6181.000 19.57
6182.000 19.57
6183.000 19.57
6184.000 19.57
6185.000 19.57
6186.000 19.57
6187.000 19.57
6188.000 19.58
6189.000 19.58
6190.000 19.58
6191.000 19.58
6192.000 19.58
6193.000 19.58
6194.000 19.58
6195.000 19.58
6196.000 19.58
6197.000 19.58
6198.000 19.58
6199.000 19.58
6200.000 19.58
6201.000 19.58
6202.000 19.58
6203.000 19.58
6204.000 19.58
6205.000 19.58
6206.000 19.58
6207.000 19.58
6208.000 19.58
6209.000 19.58
6210.000 19.58
6211.000 19.58
6212.000 19.58
6213.000 19.58
6214.000 19.58
6215.000 19.58
6216.000 19.58
6217.000 19.58
6218.000 19.58
6219.000 19.58
6220.000 19.58
6221.000 19.58
6222.000 19.59
6223.000 19.59
6224.000 19.59
6225.000 19.59
6226.000 19.59
6227.000 19.59
6228.000 19.59
6229.000 19.59
6230.000 19.59
6231.000 19.59
6232.000 19.59
6233.000 19.59
6234.000 19.59
6235.000 19.59
6236.000 19.59
6237.000 19.59
6238.000 19.59
6239.000 19.59
6240.000 19.59
6241.000 19.59
6242.000 19.59
6243.000 19.59
6244.000 19.59
6245.000 19.59
6246.000 19.59
6247.000 19.59
6248.000 19.59
6249.000 19.59
6250.000 19.59
6251.000 19.59
6252.000 19.59
6253.000 19.59
6254.000 19.59
6255.000 19.59
6256.000 19.59
6257.000 19.59
6258.000 19.59
6259.000 19.59
6260.000 19.60
6261.000 19.60
6262.000 19.60
6263.000 19.60
6264.000 19.60
6265.000 19.60
6266.000 19.60
6267.000 19.60
6268.000 19.60
6269.000 19.60
6270.000 19.60
6271.000 19.60
6272.000 19.60
6273.000 19.60
6274.000 19.60
6275.000 19.60
6276.000 19.60
6277.000 19.60
6278.000 19.60
6279.000 19.52
6280.000 19.59
6281.000 19.59
6282.000 19.60
6283.000 19.58
6284.000 19.60
6285.000 19.60
6286.000 19.60
6287.000 19.60
6288.000 19.60
6289.000 19.60
6290.000 19.60
6291.000 19.60
6292.000 19.51
6293.000 19.60
6294.000 19.59
6295.000 19.60
6296.000 19.60
6297.000 19.59
6298.000 19.60
6299.000 19.60
6300.000 19.60
6301.000 19.46
6302.000 19.61
6303.000 19.61
6304.000 19.61
6305.000 19.61
6306.000 19.61
6307.000 19.61
6308.000 19.61
6309.000 19.61
6310.000 19.61
6311.000 19.61
6312.000 19.61
6313.000 19.61
6314.000 19.61
6315.000 19.61
6316.000 19.55
6317.000 19.61
6318.000 19.61
6319.000 19.61
6320.000 19.61
6321.000 19.61
6322.000 19.61
6323.000 19.61
6324.000 19.61
6325.000 19.61
6326.000 19.61
6327.000 19.61
6328.000 19.61
6329.000 19.61
6330.000 19.61
6331.000 19.61
6332.000 19.62
6333.000 19.62
6334.000 19.62
6335.000 19.61
6336.000 19.62
6337.000 19.62
6338.000 19.62
6339.000 19.62
6340.000 19.62
6341.000 19.62
6342.000 19.62
6343.000 19.62
6344.000 19.62
6345.000 19.62
6346.000 19.62
6347.000 19.62
6348.000 19.62
6349.000 19.62
6350.000 19.62
6351.000 19.62
6352.000 19.62
6353.000 19.62
6354.000 19.62
6355.000 19.62
6356.000 19.62
6357.000 19.62
6358.000 19.62
6359.000 19.62
6360.000 19.62
6361.000 19.62
6362.000 19.62
6363.000 19.62
6364.000 19.62
6365.000 19.63
6366.000 19.63
6367.000 19.63
6368.000 19.63
6369.000 19.63
6370.000 19.63
6371.000 19.63
6372.000 19.63
6373.000 19.63
6374.000 19.63
6375.000 19.63
6376.000 19.63
6377.000 19.63
6378.000 19.63
6379.000 19.63
6380.000 19.63
6381.000 19.63
6382.000 19.63
6383.000 19.63
6384.000 19.63
6385.000 19.63
6386.000 19.63
6387.000 19.63
6388.000 19.63
6389.000 19.63
6390.000 19.63
6391.000 19.63
6392.000 19.63
6393.000 19.63
6394.000 19.63
6395.000 19.63
6396.000 19.63
6397.000 19.63
6398.000 19.63
6399.000 19.63
6400.000 19.63
6401.000 19.63
6402.000 19.63
6403.000 19.63
6404.000 19.64
6405.000 19.64
6406.000 19.64
6407.000 19.64
6408.000 19.64
6409.000 19.64
6410.000 19.64
6411.000 19.64
6412.000 19.64
6413.000 19.64
6414.000 19.64
6415.000 19.64
6416.000 19.64
6417.000 19.64
6418.000 19.64
6419.000 19.64
6420.000 19.64
6421.000 19.64
6422.000 19.64
6423.000 19.64
6424.000 19.64
6425.000 19.64
6426.000 19.64
6427.000 19.64
6428.000 19.64
6429.000 19.64
6430.000 19.64
6431.000 19.64
6432.000 19.64
6433.000 19.64
6434.000 19.64
6435.000 19.64
6436.000 19.64
6437.000 19.64
6438.000 19.64
6439.000 19.64
6440.000 19.64
6441.000 19.64
6442.000 19.64
6443.000 19.64
6444.000 19.64
6445.000 19.64
6446.000 19.64
6447.000 19.64
6448.000 19.64
6449.000 19.64
6450.000 19.64
6451.000 19.64
6452.000 19.64
6453.000 19.64
6454.000 19.64
6455.000 19.64
6456.000 19.64
6457.000 19.64
6458.000 19.64
6459.000 19.64
6460.000 19.64
6461.000 19.64
6462.000 19.64
6463.000 19.64
6464.000 19.64
6465.000 19.64
6466.000 19.64
6467.000 19.64
6468.000 19.64
6469.000 19.65
6470.000 19.65
6471.000 19.65
6472.000 19.65
6473.000 19.64
6474.000 19.65
6475.000 19.63
6476.000 19.65
6477.000 19.62
6478.000 19.65
6479.000 19.65
6480.000 19.65
6481.000 19.63
6482.000 19.64
6483.000 19.65
6484.000 19.65
6485.000 19.61
6486.000 19.65
6487.000 19.65
6488.000 19.65
6489.000 19.65
6490.000 19.65
6491.000 19.64
6492.000 19.65
6493.000 19.65
6494.000 19.65
6495.000 19.64
6496.000 19.65
6497.000 19.65
6498.000 19.65
6499.000 19.65
6500.000 19.65
6501.000 19.65
6502.000 19.65
6503.000 19.65
6504.000 19.65
6505.000 19.65
6506.000 19.64
6507.000 19.65
6508.000 19.65
6509.000 19.65
6510.000 19.65
6511.000 19.65
6512.000 19.65
6513.000 19.65
6514.000 19.64
6515.000 19.65
6516.000 19.65
6517.000 19.65
6518.000 19.65
6519.000 19.65
6520.000 19.65
6521.000 19.64
6522.000 19.65
6523.000 19.65
6524.000 19.64
6525.000 19.65
6526.000 19.65
6527.000 19.65
6528.000 19.65
6529.000 19.65
6530.000 19.65
6531.000 19.65
6532.000 19.65
6533.000 19.65
6534.000 19.65
6535.000 19.65
6536.000 19.65
6537.000 19.65
6538.000 19.65
6539.000 19.65
6540.000 19.65
6541.000 19.65
6542.000 19.65
6543.000 19.65
6544.000 19.65
6545.000 19.65
6546.000 19.65
6547.000 19.65
6548.000 19.65
6549.000 19.65
6550.000 19.65
6551.000 19.65
6552.000 19.65
6553.000 19.65
6554.000 19.65
6555.000 19.65
6556.000 19.65
6557.000 19.65
6558.000 19.65
6559.000 19.63
6560.000 19.64
6561.000 19.65
6562.000 19.65
6563.000 19.65
6564.000 19.65
6565.000 19.65
6566.000 19.63
6567.000 19.65
6568.000 19.65
6569.000 19.65
6570.000 19.65
6571.000 19.65
6572.000 19.65
6573.000 19.65
6574.000 19.64
6575.000 19.65
6576.000 19.65
6577.000 19.65
6578.000 19.65
6579.000 19.65
6580.000 19.65
6581.000 19.65
6582.000 19.65
6583.000 19.65
6584.000 19.65
6585.000 19.65
6586.000 19.65
6587.000 19.65
6588.000 19.65
6589.000 19.65
6590.000 19.65
6591.000 19.65
6592.000 19.65
6593.000 19.65
6594.000 19.65
6595.000 19.65
6596.000 19.65
6597.000 19.65
6598.000 19.65
6599.000 19.65
6600.000 19.65
6601.000 19.65
6602.000 19.65
6603.000 19.65
6604.000 19.64
6605.000 19.65
6606.000 19.65
6607.000 19.64
6608.000 19.64
6609.000 19.64
6610.000 19.64
6611.000 19.64
6612.000 19.64
6613.000 19.64
6614.000 19.64
6615.000 19.64
6616.000 19.64
6617.000 19.64
6618.000 19.64
6619.000 19.64
6620.000 19.64
6621.000 19.64
6622.000 19.64
6623.000 19.64
6624.000 19.64
6625.000 19.64
6626.000 19.64
6627.000 19.64
6628.000 19.64
6629.000 19.64
6630.000 19.64
6631.000 19.64
6632.000 19.64
6633.000 19.64
6634.000 19.64
6635.000 19.64
6636.000 19.64
6637.000 19.64
6638.000 19.64
6639.000 19.64
6640.000 19.64
6641.000 19.64
6642.000 19.64
6643.000 19.64
6644.000 19.64
6645.000 19.64
6646.000 19.64
6647.000 19.64
6648.000 19.64
6649.000 19.64
6650.000 19.64
6651.000 19.64
6652.000 19.64
6653.000 19.64
6654.000 19.64
6655.000 19.64
6656.000 19.64
6657.000 19.64
6658.000 19.64
6659.000 19.64
6660.000 19.64
6661.000 19.64
6662.000 19.64
6663.000 19.64
6664.000 19.64
6665.000 19.64
6666.000 19.64
6667.000 19.64
6668.000 19.64
6669.000 19.64
6670.000 19.64
6671.000 19.64
6672.000 19.64
6673.000 19.64
6674.000 19.64
6675.000 19.64
6676.000 19.63
6677.000 19.63
6678.000 19.63
6679.000 19.63
6680.000 19.63
6681.000 19.63
6682.000 19.63
6683.000 19.63
6684.000 19.63
6685.000 19.63
6686.000 19.63
6687.000 19.63
6688.000 19.63
6689.000 19.63
6690.000 19.63
6691.000 19.63
6692.000 19.63
6693.000 19.63
6694.000 19.63
6695.000 19.63
6696.000 19.63
6697.000 19.63
6698.000 19.63
6699.000 19.63
6700.000 19.63
6701.000 19.63
6702.000 19.63
6703.000 19.63
6704.000 19.63
6705.000 19.63
6706.000 19.63
6707.000 19.63
6708.000 19.63
6709.000 19.63
6710.000 19.63
6711.000 19.63
6712.000 19.63
6713.000 19.63
6714.000 19.63
6715.000 19.63
6716.000 19.63
6717.000 19.63
6718.000 19.63
6719.000 19.63
6720.000 19.63
6721.000 19.63
6722.000 19.63
6723.000 19.63
6724.000 19.63
6725.000 19.63
6726.000 19.63
6727.000 19.62
6728.000 19.62
6729.000 19.62
6730.000 19.62
6731.000 19.62
6732.000 19.62
6733.000 19.62
6734.000 19.62
6735.000 19.62
6736.000 19.62
6737.000 19.62
6738.000 19.62
6739.000 19.62
6740.000 19.62
6741.000 19.62
6742.000 19.62
6743.000 19.62
6744.000 19.62
6745.000 19.62
6746.000 19.62
6747.000 19.62
6748.000 19.62
6749.000 19.62
6750.000 19.62
6751.000 19.62
6752.000 19.62
6753.000 19.62
6754.000 19.62
6755.000 19.62
6756.000 19.62
6757.000 19.62
6758.000 19.62
6759.000 19.62
6760.000 19.62
6761.000 19.62
6762.000 19.62
6763.000 19.62
6764.000 19.62
6765.000 19.62
6766.000 19.62
6767.000 19.62
6768.000 19.62
6769.000 19.62
6770.000 19.62
6771.000 19.61
6772.000 19.61
6773.000 19.61
6774.000 19.61
6775.000 19.61
6776.000 19.61
6777.000 19.61
6778.000 19.61
6779.000 19.61
6780.000 19.61
6781.000 19.61
6782.000 19.61
6783.000 19.61
6784.000 19.61
6785.000 19.61
6786.000 19.61
6787.000 19.61
6788.000 19.61
6789.000 19.61
6790.000 19.61
6791.000 19.61
6792.000 19.61
6793.000 19.61
6794.000 19.61
6795.000 19.61
6796.000 19.61
6797.000 19.61
6798.000 19.61
6799.000 19.61
6800.000 19.61
6801.000 19.61
6802.000 19.61
6803.000 19.61
6804.000 19.61
6805.000 19.61
6806.000 19.61
6807.000 19.61
6808.000 19.61
6809.000 19.61
6810.000 19.61
6811.000 19.61
6812.000 19.60
6813.000 19.60
6814.000 19.60
6815.000 19.60
6816.000 19.60
6817.000 19.60
6818.000 19.60
6819.000 19.60
6820.000 19.60
6821.000 19.60
6822.000 19.60
6823.000 19.60
6824.000 19.60
6825.000 19.60
6826.000 19.60
6827.000 19.60
6828.000 19.60
6829.000 19.60
6830.000 19.60
6831.000 19.60
6832.000 19.60
6833.000 19.60
6834.000 19.60
6835.000 19.60
6836.000 19.60
6837.000 19.60
6838.000 19.60
6839.000 19.60
6840.000 19.60
6841.000 19.60
6842.000 19.60
6843.000 19.60
6844.000 19.60
6845.000 19.60
6846.000 19.60
6847.000 19.60
6848.000 19.60
6849.000 19.59
6850.000 19.59
6851.000 19.59
6852.000 19.59
6853.000 19.59
6854.000 19.59
6855.000 19.59
6856.000 19.59
6857.000 19.59
6858.000 19.59
6859.000 19.59
6860.000 19.59
6861.000 19.59
6862.000 19.59
6863.000 19.59
6864.000 19.59
6865.000 19.59
6866.000 19.59
6867.000 19.59
6868.000 19.59
6869.000 19.44
6870.000 17.70
6871.000 18.41
6872.000 19.37
6873.000 19.37
6874.000 19.40
6875.000 19.53
6876.000 19.54
6877.000 19.56
6878.000 19.57
6879.000 19.56
6880.000 19.58
6881.000 18.92
6882.000 19.56
6883.000 19.58
6884.000 19.58
6885.000 19.58
6886.000 19.56
6887.000 19.58
6888.000 19.56
6889.000 19.55
6890.000 19.57
6891.000 19.44
6892.000 19.49
6893.000 19.58
6894.000 19.54
6895.000 19.49
6896.000 19.57
6897.000 19.58
6898.000 18.66
6899.000 19.35
6900.000 19.58
6901.000 19.58
6902.000 19.44
6903.000 19.53
6904.000 19.58
6905.000 19.57
6906.000 17.60
6907.000 18.94
6908.000 19.57
6909.000 19.58
6910.000 19.57
6911.000 19.56
6912.000 19.57
6913.000 19.58
6914.000 19.58
6915.000 19.46
6916.000 18.72
6917.000 19.58
6918.000 19.58
6919.000 19.58
6920.000 19.02
6921.000 19.41
6922.000 19.57
6923.000 19.57
6924.000 19.57
6925.000 19.57
6926.000 19.50
6927.000 19.57
6928.000 19.57
6929.000 19.57
6930.000 19.57
6931.000 19.55
6932.000 19.57
6933.000 19.57
6934.000 19.56
6935.000 19.57
6936.000 19.57
6937.000 19.57
6938.000 19.57
6939.000 19.57
6940.000 19.57
6941.000 19.57
6942.000 19.55
6943.000 19.56
6944.000 19.53
6945.000 19.57
6946.000 19.57
6947.000 19.57
6948.000 19.57
6949.000 19.57
6950.000 19.57
6951.000 19.52
6952.000 19.57
6953.000 19.57
6954.000 19.57
6955.000 19.55
6956.000 19.56
6957.000 19.56
6958.000 19.56
6959.000 19.56
6960.000 19.56
6961.000 19.56
6962.000 19.56
6963.000 19.56
6964.000 19.56
6965.000 19.56
6966.000 19.56
6967.000 19.55
6968.000 19.56
6969.000 19.56
6970.000 19.56
6971.000 19.56
6972.000 19.56
6973.000 19.56
6974.000 19.56
6975.000 19.56
6976.000 19.56
6977.000 19.56
6978.000 19.56
6979.000 19.56
6980.000 19.56
6981.000 19.56
6982.000 19.56
6983.000 19.56
6984.000 19.56
6985.000 19.56
6986.000 19.55
6987.000 19.55
6988.000 19.56
6989.000 19.55
6990.000 19.55
6991.000 19.52
6992.000 19.55
6993.000 19.54
6994.000 19.55
6995.000 19.55
6996.000 19.52
6997.000 19.55
6998.000 19.55
6999.000 19.55
7000.000 19.54
7001.000 19.54
7002.000 19.55
7003.000 19.55
7004.000 19.55
7005.000 19.55
7006.000 19.55
7007.000 19.53
7008.000 19.55
7009.000 19.55
7010.000 19.55
7011.000 19.55
7012.000 19.55
7013.000 19.54
7014.000 19.55
7015.000 19.55
7016.000 19.55
7017.000 19.55
7018.000 19.54
7019.000 19.55
7020.000 19.55
7021.000 19.55
7022.000 19.54
7023.000 19.54
7024.000 19.54
7025.000 19.54
7026.000 19.54
7027.000 19.54
7028.000 19.54
7029.000 19.54
7030.000 19.54
7031.000 19.54
7032.000 19.54
7033.000 19.54
7034.000 19.54
7035.000 19.54
7036.000 19.54
7037.000 19.54
7038.000 19.54
7039.000 19.54
7040.000 19.54
7041.000 19.54
7042.000 19.54
7043.000 19.54
7044.000 19.54
7045.000 19.54
7046.000 19.54
7047.000 19.54
7048.000 19.54
7049.000 19.54
7050.000 19.53
7051.000 19.53
7052.000 19.54
7053.000 19.53
7054.000 19.54
7055.000 19.53
7056.000 19.53
7057.000 19.53
7058.000 19.53
7059.000 19.51
7060.000 19.53
7061.000 19.53
7062.000 19.53
7063.000 19.53
7064.000 19.53
7065.000 19.53
7066.000 19.53
7067.000 19.53
7068.000 19.53
7069.000 19.53
7070.000 19.53
7071.000 19.53
7072.000 19.53
7073.000 19.53
7074.000 19.52
7075.000 19.53
7076.000 19.53
7077.000 19.53
7078.000 19.53
7079.000 19.53
7080.000 19.53
7081.000 19.53
7082.000 19.53
7083.000 19.52
7084.000 19.53
7085.000 19.53
7086.000 19.53
7087.000 19.52
7088.000 19.52
7089.000 19.52
7090.000 19.52
7091.000 19.52
7092.000 19.52
7093.000 19.52
7094.000 19.52
7095.000 19.52
7096.000 19.51
7097.000 19.52
7098.000 19.52
7099.000 19.52
7100.000 19.52
7101.000 19.52
7102.000 19.52
7103.000 19.52
7104.000 19.52
7105.000 19.52
7106.000 19.52
7107.000 19.52
7108.000 19.52
7109.000 19.52
7110.000 19.52
7111.000 19.51
7112.000 19.52
7113.000 19.52
7114.000 19.52
7115.000 19.52
7116.000 19.51
7117.000 19.52
7118.000 19.51
7119.000 19.51
7120.000 19.51
7121.000 19.51
7122.000 19.51
7123.000 19.51
7124.000 19.51
7125.000 19.51
7126.000 19.51
7127.000 19.51
7128.000 19.51
7129.000 19.51
7130.000 19.51
7131.000 19.51
7132.000 19.51
7133.000 19.51
7134.000 19.51
7135.000 19.51
7136.000 19.51
7137.000 19.51
7138.000 19.51
7139.000 19.51
7140.000 19.50
7141.000 19.51
7142.000 19.51
7143.000 19.51
7144.000 19.51
7145.000 19.49
7146.000 19.51
7147.000 19.50
7148.000 19.50
7149.000 19.50
7150.000 19.50
7151.000 19.50
7152.000 19.50
7153.000 19.50
7154.000 19.50
7155.000 19.50
7156.000 19.50
7157.000 19.50
7158.000 19.50
7159.000 19.50
7160.000 19.50
7161.000 19.50
7162.000 19.50
7163.000 19.50
7164.000 19.48
7165.000 19.50
7166.000 19.50
7167.000 19.50
7168.000 19.49
7169.000 19.48
7170.000 19.46
7171.000 19.48
7172.000 19.47
7173.000 19.49
7174.000 19.48
7175.000 19.48
7176.000 19.49
7177.000 19.49
7178.000 19.44
7179.000 19.45
7180.000 19.49
7181.000 19.49
7182.000 19.49
7183.000 19.49
7184.000 19.49
7185.000 19.49
7186.000 19.48
7187.000 19.48
7188.000 19.46
7189.000 19.29
7190.000 19.49
7191.000 19.47
7192.000 19.49
7193.000 19.48
7194.000 19.47
7195.000 19.49
7196.000 19.48
7197.000 19.38
7198.000 19.48
7199.000 19.48
7200.000 19.47
7201.000 19.48
7202.000 19.47
7203.000 19.45
7204.000 19.48
7205.000 19.48
7206.000 19.46
7207.000 19.48
7208.000 19.48
7209.000 19.48
7210.000 19.48
7211.000 19.48
7212.000 19.48
7213.000 19.48
7214.000 19.47
7215.000 19.48
7216.000 19.48
7217.000 19.48
7218.000 19.48
7219.000 19.48
7220.000 19.45
7221.000 19.47
7222.000 19.48
7223.000 19.48
7224.000 19.48
7225.000 19.46
7226.000 19.47
7227.000 19.48
7228.000 19.48
7229.000 19.48
7230.000 19.47
7231.000 19.48
7232.000 19.48
7233.000 19.46
7234.000 19.47
7235.000 19.34
7236.000 19.47
7237.000 19.45
7238.000 19.44
7239.000 19.47
7240.000 19.46
7241.000 19.46
7242.000 19.46
7243.000 19.45
7244.000 19.47
7245.000 19.47
7246.000 19.46
7247.000 19.47
7248.000 19.46
7249.000 19.45
7250.000 19.47
7251.000 19.43
7252.000 19.46
7253.000 19.47
7254.000 19.46
7255.000 19.45
7256.000 19.46
7257.000 19.47
7258.000 19.46
7259.000 19.45
7260.000 19.38
7261.000 19.46
7262.000 19.46
7263.000 19.46
7264.000 19.39
7265.000 19.40
7266.000 19.46
7267.000 19.46
7268.000 19.45
7269.000 19.46
7270.000 19.46
7271.000 19.46
7272.000 19.45
7273.000 19.46
7274.000 19.46
7275.000 19.00
7276.000 19.46
7277.000 19.46
7278.000 19.45
7279.000 19.44
7280.000 19.42
7281.000 19.46
7282.000 19.46
7283.000 19.43
7284.000 19.46
7285.000 19.46
7286.000 19.46
7287.000 19.46
7288.000 19.46
7289.000 19.45
7290.000 19.44
7291.000 19.46
7292.000 19.45
7293.000 19.43
7294.000 19.45
7295.000 19.45
7296.000 19.45
7297.000 19.39
7298.000 19.45
7299.000 19.45
7300.000 19.45
7301.000 19.45
7302.000 19.40
7303.000 19.45
7304.000 19.45
7305.000 19.44
7306.000 19.42
7307.000 19.44
7308.000 19.44
7309.000 19.45
7310.000 19.45
7311.000 19.44
7312.000 19.44
7313.000 19.43
7314.000 19.45
7315.000 19.43
7316.000 19.45
7317.000 19.45
7318.000 19.44
7319.000 19.44
7320.000 19.43
7321.000 19.44
7322.000 19.44
7323.000 19.43
7324.000 19.44
7325.000 19.44
7326.000 19.39
7327.000 19.44
7328.000 19.44
7329.000 19.43
7330.000 19.44
7331.000 19.44
7332.000 19.44
7333.000 19.43
7334.000 19.44
7335.000 19.42
7336.000 19.44
7337.000 19.44
7338.000 19.44
7339.000 19.44
7340.000 19.44
7341.000 19.44
7342.000 19.44
7343.000 19.44
7344.000 19.44
7345.000 19.44
7346.000 19.39
7347.000 19.43
7348.000 19.44
7349.000 19.43
7350.000 19.42
7351.000 19.43
7352.000 19.43
7353.000 19.43
7354.000 19.43
7355.000 19.43
7356.000 19.42
7357.000 19.43
7358.000 19.43
7359.000 19.43
7360.000 19.43
7361.000 19.43
7362.000 19.43
7363.000 19.42
7364.000 19.42
7365.000 19.43
7366.000 19.43
7367.000 19.43
7368.000 19.43
7369.000 19.43
7370.000 19.43
7371.000 19.42
7372.000 19.42
7373.000 19.43
7374.000 19.43
7375.000 19.42
7376.000 19.42
7377.000 19.42
7378.000 19.42
7379.000 19.42
7380.000 19.42
7381.000 19.42
7382.000 19.42
7383.000 19.42
7384.000 19.42
7385.000 19.42
7386.000 19.42
7387.000 19.42
7388.000 19.42
7389.000 19.42
7390.000 19.42
7391.000 19.42
7392.000 19.42
7393.000 19.42
7394.000 19.42
7395.000 19.42
7396.000 19.42
7397.000 19.42
7398.000 19.41
7399.000 19.41
7400.000 19.42
7401.000 19.42
7402.000 19.41
7403.000 19.41
7404.000 19.41
7405.000 19.41
7406.000 19.41
7407.000 19.41
7408.000 19.41
7409.000 19.41
7410.000 19.41
7411.000 19.41
7412.000 19.41
7413.000 19.41
7414.000 19.41
7415.000 19.41
7416.000 19.41
7417.000 19.41
7418.000 19.41
7419.000 19.41
7420.000 19.41
7421.000 19.41
7422.000 19.41
7423.000 19.40
7424.000 19.41
7425.000 19.41
7426.000 19.41
7427.000 19.40
7428.000 19.40
7429.000 19.40
7430.000 19.40
7431.000 19.40
7432.000 19.40
7433.000 19.40
7434.000 19.40
7435.000 19.40
7436.000 19.40
7437.000 19.40
7438.000 19.40
7439.000 19.40
7440.000 19.40
7441.000 19.40
7442.000 19.40
7443.000 19.40
7444.000 19.40
7445.000 19.40
7446.000 19.40
7447.000 19.40
7448.000 19.40
7449.000 19.40
7450.000 19.40
7451.000 19.40
7452.000 19.40
7453.000 19.39
7454.000 19.39
7455.000 19.39
7456.000 19.39
7457.000 19.39
7458.000 19.39
7459.000 19.39
7460.000 19.39
7461.000 19.39
7462.000 19.39
7463.000 19.39
7464.000 19.39
7465.000 19.39
7466.000 19.39
7467.000 19.39
7468.000 19.39
7469.000 19.39
7470.000 19.39
7471.000 19.39
7472.000 19.39
7473.000 19.39
7474.000 19.39
7475.000 19.39
7476.000 19.39
7477.000 19.39
7478.000 19.38
7479.000 19.38
7480.000 19.38
7481.000 19.38
7482.000 19.38
7483.000 19.38
7484.000 19.38
7485.000 19.38
7486.000 19.38
7487.000 19.38
7488.000 19.38
7489.000 19.38
7490.000 19.38
7491.000 19.38
7492.000 19.38
7493.000 19.38
7494.000 19.38
7495.000 19.38
7496.000 19.38
7497.000 19.38
7498.000 19.38
7499.000 19.38
7500.000 19.38
7501.000 19.38
7502.000 19.38
7503.000 19.37
7504.000 19.37
7505.000 19.37
7506.000 19.37
7507.000 19.37
7508.000 19.37
7509.000 19.37
7510.000 19.37
7511.000 19.37
7512.000 19.37
7513.000 19.37
7514.000 19.37
7515.000 19.37
7516.000 19.37
7517.000 19.37
7518.000 19.37
7519.000 19.37
7520.000 19.37
7521.000 19.37
7522.000 19.37
7523.000 19.37
7524.000 19.37
7525.000 19.37
7526.000 19.37
7527.000 19.37
7528.000 19.37
7529.000 19.36
7530.000 19.36
7531.000 19.36
7532.000 19.36
7533.000 19.36
7534.000 19.36
7535.000 19.36
7536.000 19.36
7537.000 19.36
7538.000 19.36
7539.000 19.36
7540.000 19.36
7541.000 19.36
7542.000 19.36
7543.000 19.36
7544.000 19.36
7545.000 19.36
7546.000 19.36
7547.000 19.36
7548.000 19.36
7549.000 19.36
7550.000 19.36
7551.000 19.36
7552.000 19.36
7553.000 19.36
7554.000 19.35
7555.000 19.35
7556.000 19.35
7557.000 19.35
7558.000 19.35
7559.000 19.35
7560.000 19.35
7561.000 19.35
7562.000 19.35
7563.000 19.35
7564.000 19.35
7565.000 19.35
7566.000 19.35
7567.000 19.35
7568.000 19.35
7569.000 19.35
7570.000 19.35
7571.000 19.35
7572.000 19.35
7573.000 19.35
7574.000 19.35
7575.000 19.35
7576.000 19.35
7577.000 19.35
7578.000 19.34
7579.000 19.34
7580.000 19.34
7581.000 19.34
7582.000 19.34
7583.000 19.34
7584.000 19.34
7585.000 19.34
7586.000 19.34
7587.000 19.34
7588.000 19.34
7589.000 19.34
7590.000 19.34
7591.000 19.34
7592.000 19.34
7593.000 19.34
7594.000 19.33
7595.000 19.33
7596.000 18.90
7597.000 18.67
7598.000 18.94
7599.000 19.11
7600.000 19.08
7601.000 13.51
7602.000 17.72
7603.000 18.93
7604.000 18.08
7605.000 18.87
7606.000 18.59
7607.000 18.81
7608.000 18.36
7609.000 15.87
7610.000 6.27
7611.000 18.67
7612.000 18.68
7613.000 18.94
7614.000 16.64
7615.000 18.69
7616.000 19.18
7617.000 17.72
7618.000 18.97
7619.000 19.28
7620.000 19.31
7621.000 19.31
7622.000 19.28
7623.000 15.62
7624.000 19.22
7625.000 19.01
7626.000 19.04
7627.000 18.93
7628.000 19.23
7629.000 16.52
7630.000 18.50
7631.000 19.12
7632.000 19.21
7633.000 14.96
7634.000 18.13
7635.000 19.14
7636.000 19.23
7637.000 18.51
7638.000 18.80
7639.000 19.07
7640.000 19.25
7641.000 19.17
7642.000 18.68
7643.000 17.64
7644.000 19.25
7645.000 19.26
7646.000 18.77
7647.000 18.78
7648.000 19.17
7649.000 19.28
7650.000 19.27
7651.000 17.44
7652.000 18.64
7653.000 19.19
7654.000 19.25
7655.000 19.29
7656.000 18.73
7657.000 19.01
7658.000 19.24
7659.000 19.26
7660.000 19.30
7661.000 19.25
7662.000 19.23
7663.000 19.24
7664.000 19.30
7665.000 19.30
7666.000 19.29
7667.000 15.62
7668.000 16.88
7669.000 19.30
7670.000 19.30
7671.000 19.30
7672.000 19.30
7673.000 19.25
7674.000 19.22
7675.000 19.30
7676.000 19.30
7677.000 19.30
7678.000 19.30
7679.000 19.28
7680.000 19.27
7681.000 19.30
7682.000 19.30
7683.000 19.30
7684.000 19.30
7685.000 19.21
7686.000 19.00
7687.000 19.30
7688.000 19.30
7689.000 19.29
7690.000 19.30
7691.000 19.29
7692.000 19.29
7693.000 19.29
7694.000 19.29
7695.000 19.29
7696.000 19.29
7697.000 19.29
7698.000 19.14
7699.000 19.03
7700.000 19.29
7701.000 19.29
7702.000 19.29
7703.000 19.29
7704.000 19.29
7705.000 19.29
7706.000 19.28
7707.000 19.29
7708.000 19.29
7709.000 19.29
7710.000 19.29
7711.000 19.29
7712.000 19.25
7713.000 19.25
7714.000 19.29
7715.000 19.29
7716.000 19.28
7717.000 19.28
7718.000 19.28
7719.000 19.28
7720.000 19.28
7721.000 19.28
7722.000 19.28
7723.000 19.28
7724.000 19.28
7725.000 19.28
7726.000 19.28
7727.000 19.27
7728.000 19.27
7729.000 19.28
7730.000 19.28
7731.000 19.28
7732.000 19.28
7733.000 19.28
7734.000 19.28
7735.000 19.28
7736.000 19.26
7737.000 19.27
7738.000 19.27
7739.000 19.27
7740.000 19.27
7741.000 19.27
7742.000 19.27
7743.000 19.27
7744.000 19.27
7745.000 19.27
7746.000 19.27
7747.000 19.27
7748.000 19.27
7749.000 19.27
7750.000 19.27
7751.000 19.27
7752.000 19.27
7753.000 19.27
7754.000 19.27
7755.000 19.27
7756.000 19.27
7757.000 19.27
7758.000 19.27
7759.000 19.27
7760.000 19.26
7761.000 19.26
7762.000 19.26
7763.000 19.26
7764.000 19.26
7765.000 19.26
7766.000 19.26
7767.000 19.26
7768.000 19.26
7769.000 19.26
7770.000 19.26
7771.000 19.26
7772.000 19.26
7773.000 19.26
7774.000 19.26
7775.000 19.26
7776.000 19.26
7777.000 19.26
7778.000 19.26
7779.000 19.26
7780.000 19.26
7781.000 19.25
7782.000 19.25
7783.000 19.25
7784.000 19.25
7785.000 19.25
7786.000 19.25
7787.000 19.25
7788.000 19.25
7789.000 19.25
7790.000 19.25
7791.000 19.25
7792.000 19.25
7793.000 19.25
7794.000 19.25
7795.000 19.25
7796.000 19.25
7797.000 19.25
7798.000 19.25
7799.000 19.25
7800.000 19.25
7801.000 19.25
7802.000 19.25
7803.000 19.24
7804.000 19.24
7805.000 19.24
7806.000 19.24
7807.000 19.24
7808.000 19.24
7809.000 19.24
7810.000 19.24
7811.000 19.24
7812.000 19.24
7813.000 19.24
7814.000 19.24
7815.000 19.24
7816.000 19.24
7817.000 19.24
7818.000 19.24
7819.000 19.24
7820.000 19.24
7821.000 19.24
7822.000 19.24
7823.000 19.24
7824.000 19.23
7825.000 19.23
7826.000 19.23
7827.000 19.23
7828.000 19.23
7829.000 19.23
7830.000 19.23
7831.000 19.23
7832.000 19.23
7833.000 19.23
7834.000 19.23
7835.000 19.23
7836.000 19.23
7837.000 19.23
7838.000 19.23
7839.000 19.23
7840.000 19.23
7841.000 19.23
7842.000 19.23
7843.000 19.23
7844.000 19.23
7845.000 19.23
7846.000 19.22
7847.000 19.22
7848.000 19.22
7849.000 19.22
7850.000 19.22
7851.000 19.22
7852.000 19.22
7853.000 19.22
7854.000 19.22
7855.000 19.22
7856.000 19.22
7857.000 19.22
7858.000 19.22
7859.000 19.22
7860.000 19.22
7861.000 19.22
7862.000 19.22
7863.000 19.22
7864.000 19.22
7865.000 19.22
7866.000 19.22
7867.000 19.21
7868.000 19.21
7869.000 19.21
7870.000 19.21
7871.000 19.21
7872.000 19.21
7873.000 19.21
7874.000 19.21
7875.000 19.20
7876.000 19.21
7877.000 19.21
7878.000 19.21
7879.000 19.21
7880.000 19.21
7881.000 19.21
7882.000 19.20
7883.000 19.20
7884.000 19.20
7885.000 19.21
7886.000 19.21
7887.000 19.20
7888.000 19.20
7889.000 19.20
7890.000 19.20
7891.000 19.20
7892.000 19.20
7893.000 19.20
7894.000 19.19
7895.000 19.20
7896.000 19.20
7897.000 19.19
7898.000 19.20
7899.000 19.20
7900.000 19.20
7901.000 19.20
7902.000 19.20
7903.000 19.18
7904.000 19.15
7905.000 19.19
7906.000 19.19
7907.000 19.20
7908.000 19.20
7909.000 19.19
7910.000 19.19
7911.000 19.15
7912.000 19.19
7913.000 19.19
7914.000 19.19
7915.000 19.19
7916.000 19.19
7917.000 19.19
7918.000 19.19
7919.000 19.19
7920.000 19.19
7921.000 19.19
7922.000 19.19
7923.000 19.18
7924.000 19.19
7925.000 19.19
7926.000 19.19
7927.000 19.19
7928.000 19.19
7929.000 19.19
7930.000 19.18
7931.000 19.18
7932.000 19.18
7933.000 19.18
7934.000 19.17
7935.000 19.18
7936.000 19.18
7937.000 19.18
7938.000 19.18
7939.000 19.18
7940.000 19.18
7941.000 19.18
7942.000 19.18
7943.000 19.18
7944.000 19.17
7945.000 19.18
7946.000 19.18
7947.000 19.18
7948.000 19.18
7949.000 19.17
7950.000 19.17
7951.000 19.17
7952.000 19.17
7953.000 19.17
7954.000 19.17
7955.000 19.17
7956.000 19.16
7957.000 19.17
7958.000 19.17
7959.000 19.17
7960.000 19.17
7961.000 19.17
7962.000 19.17
7963.000 19.14
7964.000 19.17
7965.000 19.15
7966.000 19.17
7967.000 19.17
7968.000 19.17
7969.000 19.17
7970.000 19.16
7971.000 19.16
7972.000 19.16
7973.000 19.16
7974.000 19.16
7975.000 19.16
7976.000 19.16
7977.000 19.16
7978.000 19.16
7979.000 19.16
7980.000 19.16
7981.000 19.16
7982.000 19.16
7983.000 19.16
7984.000 19.16
7985.000 19.16
7986.000 19.16
7987.000 19.16
7988.000 19.16
7989.000 19.15
7990.000 19.15
7991.000 19.15
7992.000 19.15
7993.000 19.15
7994.000 19.15
7995.000 19.15
7996.000 19.15
7997.000 19.15
7998.000 19.15
7999.000 19.15
8000.000 19.15
8001.000 19.15
8002.000 19.15
8003.000 19.15
8004.000 19.15
8005.000 19.15
8006.000 19.15
8007.000 19.15
8008.000 19.15
8009.000 19.14
8010.000 19.13
8011.000 19.14
8012.000 19.14
8013.000 19.14
8014.000 19.14
8015.000 19.13
8016.000 19.14
8017.000 19.14
8018.000 19.14
8019.000 19.14
8020.000 19.14
8021.000 19.14
8022.000 19.14
8023.000 19.13
8024.000 19.14
8025.000 19.14
8026.000 19.13
8027.000 19.14
8028.000 19.13
8029.000 19.13
8030.000 19.12
8031.000 19.13
8032.000 19.13
8033.000 19.13
8034.000 19.13
8035.000 19.13
8036.000 19.13
8037.000 19.13
8038.000 19.13
8039.000 19.13
8040.000 19.13
8041.000 19.13
8042.000 19.13
8043.000 19.13
8044.000 19.13
8045.000 19.13
8046.000 19.12
8047.000 19.12
8048.000 19.12
8049.000 19.12
8050.000 19.12
8051.000 19.12
8052.000 19.12
8053.000 19.12
8054.000 19.12
8055.000 19.12
8056.000 19.12
8057.000 19.12
8058.000 19.12
8059.000 19.12
8060.000 19.12
8061.000 19.11
8062.000 19.12
8063.000 19.12
8064.000 19.12
8065.000 19.11
8066.000 19.11
8067.000 19.11
8068.000 19.11
8069.000 19.11
8070.000 19.11
8071.000 19.11
8072.000 19.11
8073.000 19.11
8074.000 19.11
8075.000 19.11
8076.000 19.11
8077.000 19.10
8078.000 19.11
8079.000 19.11
8080.000 19.11
8081.000 19.11
8082.000 19.11
8083.000 19.11
8084.000 19.11
8085.000 19.10
8086.000 19.10
8087.000 19.10
8088.000 19.10
8089.000 19.10
8090.000 19.10
8091.000 19.10
8092.000 19.10
8093.000 19.10
8094.000 19.10
8095.000 19.10
8096.000 19.10
8097.000 19.10
8098.000 19.10
8099.000 19.09
8100.000 19.10
8101.000 19.09
8102.000 19.09
8103.000 19.10
8104.000 19.09
8105.000 19.09
8106.000 19.09
8107.000 19.08
8108.000 19.09
8109.000 19.09
8110.000 19.06
8111.000 19.09
8112.000 19.09
8113.000 19.09
8114.000 19.09
8115.000 19.09
8116.000 19.07
8117.000 19.08
8118.000 19.09
8119.000 19.08
8120.000 19.09
8121.000 19.08
8122.000 19.08
8123.000 19.07
8124.000 19.08
8125.000 19.07
8126.000 19.08
8127.000 19.08
8128.000 19.08
8129.000 19.06
8130.000 19.08
8131.000 19.08
8132.000 19.08
8133.000 19.07
8134.000 19.07
8135.000 19.08
8136.000 18.84
8137.000 19.07
8138.000 19.07
8139.000 19.07
8140.000 19.07
8141.000 19.05
8142.000 19.02
8143.000 18.97
8144.000 19.05
8145.000 19.07
8146.000 18.98
8147.000 19.07
8148.000 19.07
8149.000 19.07
8150.000 19.07
8151.000 19.06
8152.000 18.96
8153.000 19.07
8154.000 19.07
8155.000 19.06
8156.000 18.95
8157.000 18.88
8158.000 19.06
8159.000 19.06
8160.000 19.05
8161.000 19.06
8162.000 19.06
8163.000 19.06
8164.000 19.04
8165.000 19.04
8166.000 19.04
8167.000 19.00
8168.000 19.06
8169.000 19.05
8170.000 19.06
8171.000 18.90
8172.000 19.02
8173.000 19.05
8174.000 19.05
8175.000 19.05
8176.000 19.04
8177.000 19.03
8178.000 19.05
8179.000 19.00
8180.000 19.02
8181.000 19.03
8182.000 19.05
8183.000 19.05
8184.000 18.91
8185.000 19.05
8186.000 19.05
8187.000 19.05
8188.000 19.04
8189.000 19.04
8190.000 19.04
8191.000 19.04
8192.000 19.03
8193.000 19.04
8194.000 19.04
8195.000 19.03
8196.000 19.03
8197.000 19.04
8198.000 19.04
8199.000 19.04
8200.000 18.32
8201.000 19.04
8202.000 19.03
8203.000 18.89
8204.000 19.04
8205.000 19.04
8206.000 19.04
8207.000 19.02
8208.000 19.04
8209.000 19.03
8210.000 19.04
8211.000 19.03
8212.000 19.03
8213.000 19.03
8214.000 19.03
8215.000 19.03
8216.000 19.03
8217.000 19.03
8218.000 19.03
8219.000 19.03
8220.000 19.02
8221.000 19.03
8222.000 19.03
8223.000 19.03
8224.000 19.01
8225.000 19.03
8226.000 19.02
8227.000 19.02
8228.000 18.92
8229.000 18.97
8230.000 18.99
8231.000 18.75
8232.000 18.74
8233.000 19.01
8234.000 18.78
8235.000 19.02
8236.000 18.98
8237.000 19.00
8238.000 19.02
8239.000 19.02
8240.000 19.02
8241.000 19.02
8242.000 19.01
8243.000 19.02
8244.000 19.02
8245.000 19.01
8246.000 18.99
8247.000 19.01
8248.000 19.01
8249.000 19.01
8250.000 19.01
8251.000 19.01
8252.000 19.01
8253.000 19.01
8254.000 19.01
8255.000 18.89
8256.000 19.01
8257.000 19.01
8258.000 19.01
8259.000 18.96
8260.000 19.00
8261.000 19.01
8262.000 18.81
8263.000 19.00
8264.000 19.00
8265.000 19.00
8266.000 19.00
8267.000 19.00
8268.000 19.00
8269.000 19.00
8270.000 19.00
8271.000 19.00
8272.000 19.00
8273.000 19.00
8274.000 18.99
8275.000 19.00
8276.000 18.99
8277.000 18.98
8278.000 19.00
8279.000 18.82
8280.000 18.99
8281.000 18.98
8282.000 18.93
8283.000 18.99
8284.000 18.97
8285.000 18.99
8286.000 18.99
8287.000 18.99
8288.000 18.99
8289.000 18.99
8290.000 18.95
8291.000 18.99
8292.000 18.97
8293.000 18.99
8294.000 18.99
8295.000 18.99
8296.000 18.98
8297.000 18.97
8298.000 18.98
8299.000 18.99
8300.000 18.98
8301.000 18.98
8302.000 18.98
8303.000 18.97
8304.000 18.98
8305.000 18.98
8306.000 18.98
8307.000 18.97
8308.000 18.98
8309.000 18.98
8310.000 18.98
8311.000 18.97
8312.000 18.98
8313.000 18.98
8314.000 18.94
8315.000 18.98
8316.000 18.97
8317.000 18.97
8318.000 18.97
8319.000 18.97
8320.000 18.97
8321.000 18.97
8322.000 18.97
8323.000 18.97
8324.000 18.92
8325.000 18.97
8326.000 18.97
8327.000 18.97
8328.000 18.96
8329.000 18.96
8330.000 18.97
8331.000 18.96
8332.000 18.77
8333.000 18.96
8334.000 18.96
8335.000 18.95
8336.000 18.95
8337.000 18.96
8338.000 18.96
8339.000 18.96
8340.000 18.96
8341.000 18.93
8342.000 18.96
8343.000 18.96
8344.000 18.96
8345.000 18.96
8346.000 18.96
8347.000 18.96
8348.000 18.96
8349.000 18.96
8350.000 18.95
8351.000 18.95
8352.000 18.95
8353.000 18.95
8354.000 18.95
8355.000 18.95
8356.000 18.92
8357.000 18.93
8358.000 18.95
8359.000 18.95
8360.000 18.95
8361.000 18.95
8362.000 18.94
8363.000 18.95
8364.000 18.94
8365.000 18.94
8366.000 18.95
8367.000 18.94
8368.000 18.94
8369.000 18.94
8370.000 18.94
8371.000 18.94
8372.000 18.94
8373.000 18.94
8374.000 18.94
8375.000 18.94
8376.000 18.89
8377.000 18.94
8378.000 18.93
8379.000 18.93
8380.000 18.94
8381.000 18.94
8382.000 18.94
8383.000 18.94
8384.000 18.93
8385.000 18.93
8386.000 18.93
8387.000 18.93
8388.000 18.92
8389.000 18.93
8390.000 18.92
8391.000 18.93
8392.000 18.93
8393.000 18.93
8394.000 18.93
8395.000 18.93
8396.000 18.92
8397.000 18.92
8398.000 18.93
8399.000 18.93
8400.000 18.92
8401.000 18.92
8402.000 18.92
8403.000 18.92
8404.000 18.92
8405.000 18.92
8406.000 18.92
8407.000 18.92
8408.000 18.91
8409.000 18.92
8410.000 18.92
8411.000 18.90
8412.000 18.91
8413.000 18.92
8414.000 18.92
8415.000 18.92
8416.000 18.91
8417.000 18.91
8418.000 18.91
8419.000 18.91
8420.000 18.91
8421.000 18.90
8422.000 18.91
8423.000 18.91
8424.000 18.91
8425.000 18.91
8426.000 18.91
8427.000 18.91
8428.000 18.91
8429.000 18.91
8430.000 18.90
8431.000 18.91
8432.000 18.90
8433.000 18.90
8434.000 18.90
8435.000 18.90
8436.000 18.90
8437.000 18.90
8438.000 18.90
8439.000 18.90
8440.000 18.90
8441.000 18.90
8442.000 18.90
8443.000 18.89
8444.000 18.90
8445.000 18.90
8446.000 18.90
8447.000 18.89
8448.000 18.89
8449.000 18.89
8450.000 18.89
8451.000 18.89
8452.000 18.89
8453.000 18.89
8454.000 18.89
8455.000 18.89
8456.000 18.89
8457.000 18.89
8458.000 18.89
8459.000 18.89
8460.000 18.89
8461.000 18.89
8462.000 18.89
8463.000 18.88
8464.000 18.88
8465.000 18.88
8466.000 18.88
8467.000 18.88
8468.000 18.88
8469.000 18.88
8470.000 18.88
8471.000 18.88
8472.000 18.88
8473.000 18.88
8474.000 18.88
8475.000 18.88
8476.000 18.88
8477.000 18.88
8478.000 18.88
8479.000 18.87
8480.000 18.87
8481.000 18.87
8482.000 18.87
8483.000 18.87
8484.000 18.87
8485.000 18.87
8486.000 18.87
8487.000 18.87
8488.000 18.87
8489.000 18.87
8490.000 18.87
8491.000 18.87
8492.000 18.87
8493.000 18.87
8494.000 18.86
8495.000 18.86
8496.000 18.86
8497.000 18.86
8498.000 18.86
8499.000 18.86
8500.000 18.86
8501.000 18.86
8502.000 18.86
8503.000 18.86
8504.000 18.86
8505.000 18.86
8506.000 18.86
8507.000 18.86
8508.000 18.85
8509.000 18.86
8510.000 18.85
8511.000 18.85
8512.000 18.85
8513.000 18.85
8514.000 18.85
8515.000 18.85
8516.000 18.85
8517.000 18.85
8518.000 18.85
8519.000 18.85
8520.000 18.85
8521.000 18.85
8522.000 18.83
8523.000 18.85
8524.000 18.85
8525.000 18.84
8526.000 18.84
8527.000 18.84
8528.000 18.84
8529.000 18.84
8530.000 18.84
8531.000 18.84
8532.000 18.84
8533.000 18.84
8534.000 18.84
8535.000 18.84
8536.000 18.84
8537.000 18.83
8538.000 18.84
8539.000 18.83
8540.000 18.83
8541.000 18.83
8542.000 18.83
8543.000 18.83
8544.000 18.83
8545.000 18.83
8546.000 18.83
8547.000 18.83
8548.000 18.83
8549.000 18.83
8550.000 18.83
8551.000 18.83
8552.000 18.83
8553.000 18.83
8554.000 18.83
8555.000 18.82
8556.000 18.82
8557.000 18.82
8558.000 18.82
8559.000 18.82
8560.000 18.82
8561.000 18.82
8562.000 18.82
8563.000 18.82
8564.000 18.82
8565.000 18.82
8566.000 18.82
8567.000 18.82
8568.000 18.82
8569.000 18.81
8570.000 18.81
8571.000 18.81
8572.000 18.81
8573.000 18.81
8574.000 18.81
8575.000 18.81
8576.000 18.81
8577.000 18.81
8578.000 18.81
8579.000 18.81
8580.000 18.81
8581.000 18.81
8582.000 18.81
8583.000 18.81
8584.000 18.80
8585.000 18.80
8586.000 18.80
8587.000 18.80
8588.000 18.80
8589.000 18.80
8590.000 18.80
8591.000 18.80
8592.000 18.80
8593.000 18.80
8594.000 18.80
8595.000 18.80
8596.000 18.80
8597.000 18.80
8598.000 18.80
8599.000 18.79
8600.000 18.79
8601.000 18.79
8602.000 18.79
8603.000 18.79
8604.000 18.79
8605.000 18.79
8606.000 18.79
8607.000 18.79
8608.000 18.79
8609.000 18.79
8610.000 18.79
8611.000 18.79
8612.000 18.79
8613.000 18.78
8614.000 18.78
8615.000 18.78
8616.000 18.78
8617.000 18.78
8618.000 18.78
8619.000 18.78
8620.000 18.78
8621.000 18.78
8622.000 18.78
8623.000 18.78
8624.000 18.78
8625.000 18.78
8626.000 18.78
8627.000 18.77
8628.000 18.77
8629.000 18.77
8630.000 18.77
8631.000 18.77
8632.000 18.77
8633.000 18.77
8634.000 18.77
8635.000 18.77
8636.000 18.77
8637.000 18.77
8638.000 18.77
8639.000 18.77
8640.000 18.77
8641.000 18.77
8642.000 18.76
8643.000 18.76
8644.000 18.76
8645.000 18.76
8646.000 18.76
8647.000 18.76
8648.000 18.76
8649.000 18.76
8650.000 18.76
8651.000 18.76
8652.000 18.76
8653.000 18.76
8654.000 18.76
8655.000 18.76
8656.000 18.75
8657.000 18.75
8658.000 18.75
8659.000 18.75
8660.000 18.75
8661.000 18.75
8662.000 18.75
8663.000 18.75
8664.000 18.75
8665.000 18.75
8666.000 18.75
8667.000 18.75
8668.000 18.75
8669.000 18.75
8670.000 18.74
8671.000 18.74
8672.000 18.74
8673.000 18.74
8674.000 18.74
8675.000 18.74
8676.000 18.74
8677.000 18.74
8678.000 18.74
8679.000 18.74
8680.000 18.74
8681.000 18.74
8682.000 18.74
8683.000 18.74
8684.000 18.73
8685.000 18.73
8686.000 18.73
8687.000 18.73
8688.000 18.73
8689.000 18.73
8690.000 18.73
8691.000 18.73
8692.000 18.73
8693.000 18.73
8694.000 18.73
8695.000 18.73
8696.000 18.73
8697.000 18.73
8698.000 18.72
8699.000 18.72
8700.000 18.72
8701.000 18.72
8702.000 18.72
8703.000 18.72
8704.000 18.72
8705.000 18.72
8706.000 18.72
8707.000 18.72
8708.000 18.72
8709.000 18.72
8710.000 18.72
8711.000 18.71
8712.000 18.71
8713.000 18.71
8714.000 18.71
8715.000 18.71
8716.000 18.71
8717.000 18.71
8718.000 18.71
8719.000 18.71
8720.000 18.71
8721.000 18.71
8722.000 18.71
8723.000 18.71
8724.000 18.71
8725.000 18.70
8726.000 18.70
8727.000 18.70
8728.000 18.70
8729.000 18.70
8730.000 18.70
8731.000 18.70
8732.000 18.70
8733.000 18.70
8734.000 18.70
8735.000 18.70
8736.000 18.70
8737.000 18.70
8738.000 18.69
8739.000 18.69
8740.000 18.69
8741.000 18.69
8742.000 18.69
8743.000 18.69
8744.000 18.69
8745.000 18.69
8746.000 18.69
8747.000 18.69
8748.000 18.69
8749.000 18.69
8750.000 18.69
8751.000 18.68
8752.000 18.68
8753.000 18.68
8754.000 18.68
8755.000 18.68
8756.000 18.68
8757.000 18.68
8758.000 18.68
8759.000 18.68
8760.000 18.68
8761.000 18.68
8762.000 18.68
8763.000 18.68
8764.000 18.67
8765.000 18.67
8766.000 18.67
8767.000 18.67
8768.000 18.67
8769.000 18.67
8770.000 18.67
8771.000 18.67
8772.000 18.67
8773.000 18.67
8774.000 18.67
8775.000 18.67
8776.000 18.67
8777.000 18.66
8778.000 18.66
8779.000 18.66
8780.000 18.66
8781.000 18.66
8782.000 18.66
8783.000 18.66
8784.000 18.66
8785.000 18.66
8786.000 18.66
8787.000 18.66
8788.000 18.66
8789.000 18.66
8790.000 18.65
8791.000 18.65
8792.000 18.65
8793.000 18.65
8794.000 18.65
8795.000 18.65
8796.000 18.65
8797.000 18.65
8798.000 18.65
8799.000 18.65
8800.000 18.65
8801.000 18.65
8802.000 18.65
8803.000 18.64
8804.000 18.64
8805.000 18.64
8806.000 18.64
8807.000 18.64
8808.000 18.64
8809.000 18.64
8810.000 18.64
8811.000 18.64
8812.000 18.64
8813.000 18.64
8814.000 18.63
8815.000 18.64
8816.000 18.63
8817.000 18.63
8818.000 18.63
8819.000 18.63
8820.000 18.63
8821.000 18.63
8822.000 18.63
8823.000 18.63
8824.000 18.63
8825.000 18.63
8826.000 18.63
8827.000 18.63
8828.000 18.63
8829.000 18.62
8830.000 18.62
8831.000 18.62
8832.000 18.62
8833.000 18.62
8834.000 18.62
8835.000 18.62
8836.000 18.62
8837.000 18.62
8838.000 18.62
8839.000 18.62
8840.000 18.62
8841.000 18.61
8842.000 18.61
8843.000 18.61
8844.000 18.61
8845.000 18.61
8846.000 18.61
8847.000 18.61
8848.000 18.61
8849.000 18.61
8850.000 18.61
8851.000 18.61
8852.000 18.61
8853.000 18.60
8854.000 18.60
8855.000 18.60
8856.000 18.60
8857.000 18.60
8858.000 18.60
8859.000 18.60
8860.000 18.59
8861.000 18.60
8862.000 18.60
8863.000 18.60
8864.000 18.60
8865.000 18.60
8866.000 18.59
8867.000 18.59
8868.000 18.59
8869.000 18.59
8870.000 18.59
8871.000 18.59
8872.000 18.59
8873.000 18.59
8874.000 18.59
8875.000 18.59
8876.000 18.59
8877.000 18.59
8878.000 18.58
8879.000 18.58
8880.000 18.58
8881.000 18.58
8882.000 18.58
8883.000 18.58
8884.000 18.58
8885.000 18.58
8886.000 18.58
8887.000 18.58
8888.000 18.58
8889.000 18.58
8890.000 18.57
8891.000 18.57
8892.000 18.57
8893.000 18.57
8894.000 18.57
8895.000 18.57
8896.000 18.57
8897.000 18.57
8898.000 18.57
8899.000 18.56
8900.000 18.57
8901.000 18.57
8902.000 18.56
8903.000 18.55
8904.000 18.56
8905.000 18.56
8906.000 18.56
8907.000 18.56
8908.000 18.56
8909.000 18.56
8910.000 18.55
8911.000 18.56
8912.000 18.56
8913.000 18.56
8914.000 18.55
8915.000 18.55
8916.000 18.55
8917.000 18.55
8918.000 18.55
8919.000 18.55
8920.000 18.52
8921.000 18.55
8922.000 18.54
8923.000 18.55
8924.000 18.54
8925.000 18.55
8926.000 18.54
8927.000 18.54
8928.000 18.54
8929.000 18.54
8930.000 18.54
8931.000 18.54
8932.000 18.53
8933.000 18.53
8934.000 18.54
8935.000 18.54
8936.000 18.54
8937.000 18.53
8938.000 18.53
8939.000 18.53
8940.000 18.53
8941.000 18.53
8942.000 18.53
8943.000 18.49
8944.000 18.53
8945.000 18.52
8946.000 18.53
8947.000 18.53
8948.000 18.53
8949.000 18.50
8950.000 18.52
8951.000 18.48
8952.000 18.52
8953.000 18.52
8954.000 18.51
8955.000 18.52
8956.000 18.52
8957.000 18.50
8958.000 18.51
8959.000 18.51
8960.000 18.51
8961.000 18.49
8962.000 18.51
8963.000 18.51
8964.000 18.51
8965.000 18.31
8966.000 18.27
8967.000 18.51
8968.000 18.21
8969.000 18.45
8970.000 18.51
8971.000 18.51
8972.000 18.50
8973.000 18.50
8974.000 18.21
8975.000 18.49
8976.000 18.50
8977.000 18.47
8978.000 18.50
8979.000 18.46
8980.000 18.50
8981.000 18.50
8982.000 18.49
8983.000 17.68
8984.000 18.47
8985.000 18.49
8986.000 18.49
8987.000 18.49
8988.000 18.49
8989.000 18.05
8990.000 17.94
8991.000 18.48
8992.000 18.39
8993.000 18.45
8994.000 18.31
8995.000 18.47
8996.000 18.48
8997.000 18.48
8998.000 18.48
8999.000 18.48
9000.000 18.48
9001.000 18.48
9002.000 18.47
9003.000 18.34
9004.000 18.47
9005.000 18.47
9006.000 18.20
9007.000 18.47
9008.000 18.47
9009.000 18.47
9010.000 18.16
9011.000 18.47
9012.000 18.47
9013.000 18.47
9014.000 18.44
9015.000 18.46
9016.000 18.44
9017.000 18.46
9018.000 18.46
9019.000 17.97
9020.000 18.45
9021.000 18.46
9022.000 18.46
9023.000 18.46
9024.000 18.46
9025.000 18.14
9026.000 18.45
9027.000 18.45
9028.000 18.42
9029.000 18.44
9030.000 18.45
9031.000 18.45
9032.000 18.42
9033.000 18.45
9034.000 18.34
9035.000 18.45
9036.000 18.45
9037.000 18.45
9038.000 18.45
9039.000 18.45
9040.000 18.44
9041.000 18.44
9042.000 18.44
9043.000 18.44
9044.000 18.44
9045.000 18.42
9046.000 18.44
9047.000 18.44
9048.000 18.44
9049.000 18.44
9050.000 18.40
9051.000 18.40
9052.000 18.43
9053.000 18.43
9054.000 18.43
9055.000 18.42
9056.000 18.42
9057.000 18.43
9058.000 18.43
9059.000 18.43
9060.000 18.43
9061.000 18.42
9062.000 18.42
9063.000 18.24
9064.000 18.42
9065.000 18.40
9066.000 18.42
9067.000 18.42
9068.000 18.40
9069.000 18.42
9070.000 18.41
9071.000 18.40
9072.000 18.37
9073.000 18.41
9074.000 18.39
9075.000 18.40
9076.000 18.41
9077.000 18.37
9078.000 18.41
9079.000 18.41
9080.000 18.41
9081.000 18.40
9082.000 18.33
9083.000 18.36
9084.000 18.32
9085.000 18.40
9086.000 18.40
9087.000 18.40
9088.000 18.35
9089.000 18.21
9090.000 18.38
9091.000 18.40
9092.000 18.39
9093.000 18.37
9094.000 18.39
9095.000 18.11
9096.000 18.37
9097.000 18.39
9098.000 18.37
9099.000 18.39
9100.000 18.39
9101.000 18.26
9102.000 18.34
9103.000 18.02
9104.000 18.36
9105.000 18.38
9106.000 18.38
9107.000 18.38
9108.000 18.12
9109.000 18.37
9110.000 18.28
9111.000 18.33
9112.000 18.38
9113.000 18.35
9114.000 18.38
9115.000 18.37
9116.000 18.37
9117.000 18.37
9118.000 18.35
9119.000 18.36
9120.000 18.35
9121.000 18.33
9122.000 18.35
9123.000 18.36
9124.000 18.37
9125.000 18.37
9126.000 18.36
9127.000 18.35
9128.000 18.36
9129.000 18.36
9130.000 18.36
9131.000 18.28
9132.000 18.34
9133.000 17.93
9134.000 18.35
9135.000 18.21
9136.000 18.35
9137.000 18.33
9138.000 18.33
9139.000 17.87
9140.000 18.34
9141.000 18.35
9142.000 18.35
9143.000 18.30
9144.000 18.34
9145.000 18.34
9146.000 18.31
9147.000 18.30
9148.000 18.34
9149.000 18.34
9150.000 18.34
9151.000 18.33
9152.000 18.34
9153.000 18.32
9154.000 18.32
9155.000 18.12
9156.000 18.31
9157.000 18.33
9158.000 17.99
9159.000 18.32
9160.000 18.33
9161.000 18.33
9162.000 18.33
9163.000 18.32
9164.000 18.33
9165.000 18.30
9166.000 18.32
9167.000 18.32
9168.000 18.32
9169.000 18.32
9170.000 18.31
9171.000 18.31
9172.000 18.30
9173.000 18.32
9174.000 18.30
9175.000 18.17
9176.000 18.31
9177.000 18.23
9178.000 18.28
9179.000 18.27
9180.000 18.31
9181.000 18.21
9182.000 18.31
9183.000 18.31
9184.000 18.30
9185.000 18.31
9186.000 18.27
9187.000 18.08
9188.000 18.30
9189.000 18.28
9190.000 18.30
9191.000 18.30
9192.000 18.30
9193.000 18.30
9194.000 18.29
9195.000 18.20
9196.000 18.30
9197.000 18.29
9198.000 18.08
9199.000 18.29
9200.000 18.29
9201.000 18.29
9202.000 18.29
9203.000 18.29
9204.000 18.29
9205.000 18.29
9206.000 18.29
9207.000 18.27
9208.000 18.25
9209.000 18.28
9210.000 18.28
9211.000 18.26
9212.000 18.27
9213.000 18.28
9214.000 18.28
9215.000 18.27
9216.000 18.27
9217.000 18.24
9218.000 18.27
9219.000 18.27
9220.000 18.13
9221.000 18.27
9222.000 18.26
9223.000 18.26
9224.000 18.27
9225.000 18.27
9226.000 18.27
9227.000 18.26
9228.000 18.26
9229.000 18.26
9230.000 18.26
9231.000 18.25
9232.000 18.24
9233.000 18.21
9234.000 18.25
9235.000 18.25
9236.000 18.26
9237.000 18.25
9238.000 18.25
9239.000 18.25
9240.000 18.25
9241.000 18.24
9242.000 18.25
9243.000 18.22
9244.000 18.25
9245.000 18.24
9246.000 18.24
9247.000 18.16
9248.000 18.24
9249.000 18.19
9250.000 18.24
9251.000 18.24
9252.000 18.18
9253.000 18.24
9254.000 18.22
9255.000 18.21
9256.000 18.23
9257.000 18.21
9258.000 18.23
9259.000 18.23
9260.000 18.23
9261.000 18.22
9262.000 18.20
9263.000 18.11
9264.000 18.21
9265.000 18.21
9266.000 18.22
9267.000 18.22
9268.000 18.22
9269.000 18.22
9270.000 18.22
9271.000 18.22
9272.000 18.21
9273.000 18.22
9274.000 18.21
9275.000 18.21
9276.000 18.20
9277.000 18.21
9278.000 18.21
9279.000 18.21
9280.000 18.16
9281.000 18.17
9282.000 18.19
9283.000 18.19
9284.000 18.20
9285.000 18.20
9286.000 18.20
9287.000 18.18
9288.000 18.18
9289.000 17.84
9290.000 18.19
9291.000 18.15
9292.000 18.19
9293.000 18.19
9294.000 18.06
9295.000 18.19
9296.000 18.17
9297.000 17.86
9298.000 18.16
9299.000 18.15
9300.000 18.11
9301.000 18.16
9302.000 18.18
9303.000 17.79
9304.000 18.16
9305.000 18.17
9306.000 18.16
9307.000 18.12
9308.000 18.16
9309.000 18.16
9310.000 18.14
9311.000 18.11
9312.000 15.03
9313.000 18.15
9314.000 18.15
9315.000 18.15
9316.000 18.16
9317.000 18.15
9318.000 18.07
9319.000 17.77
9320.000 18.09
9321.000 18.13
9322.000 18.08
9323.000 18.13
9324.000 18.15
9325.000 17.63
9326.000 18.07
9327.000 18.03
9328.000 16.94
9329.000 18.12
9330.000 18.06
9331.000 18.08
9332.000 18.14
9333.000 17.90
9334.000 17.07
9335.000 18.12
9336.000 16.40
9337.000 16.34
9338.000 18.07
9339.000 18.04
9340.000 18.08
9341.000 16.91
9342.000 14.90
9343.000 18.10
9344.000 18.08
9345.000 15.68
9346.000 16.95
9347.000 17.62
9348.000 13.49
9349.000 18.00
9350.000 18.10
9351.000 18.06
9352.000 18.11
9353.000 17.80
9354.000 18.11
9355.000 18.08
9356.000 16.73
9357.000 15.61
9358.000 18.04
9359.000 18.02
9360.000 16.16
9361.000 17.16
9362.000 18.05
9363.000 18.08
9364.000 18.07
9365.000 18.10
9366.000 18.03
9367.000 18.04
9368.000 18.03
9369.000 14.60
9370.000 18.01
9371.000 18.05
9372.000 13.62
9373.000 18.00
9374.000 10.03
9375.000 18.01
9376.000 18.07
9377.000 18.07
9378.000 18.00
9379.000 18.06
9380.000 17.34
9381.000 17.99
9382.000 17.94
9383.000 17.95
9384.000 17.21
9385.000 18.03
9386.000 18.00
9387.000 18.07
9388.000 18.07
9389.000 17.45
9390.000 17.96
9391.000 18.07
9392.000 18.08
9393.000 18.08
9394.000 18.05
9395.000 18.07
9396.000 18.07
9397.000 17.94
9398.000 18.07
9399.000 18.03
9400.000 18.07
