# lambda zeropoint
4000.000 18.01
4001.000 18.01
4002.000 18.01
4003.000 18.01
4004.000 18.01
4005.000 18.02
4006.000 18.02
4007.000 18.02
4008.000 18.02
4009.000 18.03
4010.000 18.03
4011.000 18.03
4012.000 18.03
4013.000 18.03
4014.000 18.04
4015.000 18.04
4016.000 18.04
4017.000 18.04
4018.000 18.04
4019.000 18.05
4020.000 18.05
4021.000 18.05
4022.000 18.05
4023.000 18.06
4024.000 18.06
4025.000 18.06
4026.000 18.06
4027.000 18.06
4028.000 18.07
4029.000 18.07
4030.000 18.07
4031.000 18.07
4032.000 18.08
4033.000 18.08
4034.000 18.08
4035.000 18.08
4036.000 18.08
4037.000 18.09
4038.000 18.09
4039.000 18.09
4040.000 18.09
4041.000 18.10
4042.000 18.10
4043.000 18.10
4044.000 18.10
4045.000 18.10
4046.000 18.11
4047.000 18.11
4048.000 18.11
4049.000 18.11
4050.000 18.12
4051.000 18.12
4052.000 18.12
4053.000 18.12
4054.000 18.12
4055.000 18.13
4056.000 18.13
4057.000 18.13
4058.000 18.13
4059.000 18.13
4060.000 18.14
4061.000 18.14
4062.000 18.14
4063.000 18.14
4064.000 18.15
4065.000 18.15
4066.000 18.15
4067.000 18.15
4068.000 18.15
4069.000 18.16
4070.000 18.16
4071.000 18.16
4072.000 18.16
4073.000 18.17
4074.000 18.17
4075.000 18.17
4076.000 18.17
4077.000 18.17
4078.000 18.18
4079.000 18.18
4080.000 18.18
4081.000 18.18
4082.000 18.19
4083.000 18.19
4084.000 18.19
4085.000 18.19
4086.000 18.19
4087.000 18.20
4088.000 18.20
4089.000 18.20
4090.000 18.20
4091.000 18.21
4092.000 18.21
4093.000 18.21
4094.000 18.21
4095.000 18.21
4096.000 18.22
4097.000 18.22
4098.000 18.22
4099.000 18.22
4100.000 18.23
4101.000 18.23
4102.000 18.23
4103.000 18.23
4104.000 18.23
4105.000 18.24
4106.000 18.24
4107.000 18.24
4108.000 18.24
4109.000 18.25
4110.000 18.25
4111.000 18.25
4112.000 18.25
4113.000 18.25
4114.000 18.26
4115.000 18.26
4116.000 18.26
4117.000 18.26
4118.000 18.27
4119.000 18.27
4120.000 18.27
4121.000 18.27
4122.000 18.27
4123.000 18.28
4124.000 18.28
4125.000 18.28
4126.000 18.28
4127.000 18.29
4128.000 18.29
4129.000 18.29
4130.000 18.29
4131.000 18.29
4132.000 18.30
4133.000 18.30
4134.000 18.30
4135.000 18.30
4136.000 18.31
4137.000 18.31
4138.000 18.31
4139.000 18.31
4140.000 18.31
4141.000 18.32
4142.000 18.32
4143.000 18.32
4144.000 18.32
4145.000 18.33
4146.000 18.33
4147.000 18.33
4148.000 18.33
4149.000 18.33
4150.000 18.34
4151.000 18.34
4152.000 18.34
4153.000 18.34
4154.000 18.35
4155.000 18.35
4156.000 18.35
4157.000 18.35
4158.000 18.35
4159.000 18.36
4160.000 18.36
4161.000 18.36
4162.000 18.36
4163.000 18.37
4164.000 18.37
4165.000 18.37
4166.000 18.37
4167.000 18.37
4168.000 18.38
4169.000 18.38
4170.000 18.38
4171.000 18.38
4172.000 18.39
4173.000 18.39
4174.000 18.39
4175.000 18.39
4176.000 18.39
4177.000 18.40
4178.000 18.40
4179.000 18.40
4180.000 18.40
4181.000 18.41
4182.000 18.41
4183.000 18.41
4184.000 18.41
4185.000 18.41
4186.000 18.42
4187.000 18.42
4188.000 18.42
4189.000 18.42
4190.000 18.43
4191.000 18.43
4192.000 18.43
4193.000 18.43
4194.000 18.43
4195.000 18.44
4196.000 18.44
4197.000 18.44
4198.000 18.44
4199.000 18.45
4200.000 18.45
4201.000 18.45
4202.000 18.45
4203.000 18.45
4204.000 18.46
4205.000 18.46
4206.000 18.46
4207.000 18.46
4208.000 18.47
4209.000 18.47
4210.000 18.47
4211.000 18.47
4212.000 18.47
4213.000 18.48
4214.000 18.48
4215.000 18.48
4216.000 18.48
4217.000 18.48
4218.000 18.49
4219.000 18.49
4220.000 18.49
4221.000 18.49
4222.000 18.50
4223.000 18.50
4224.000 18.50
4225.000 18.50
4226.000 18.50
4227.000 18.51
4228.000 18.51
4229.000 18.51
4230.000 18.51
4231.000 18.52
4232.000 18.52
4233.000 18.52
4234.000 18.52
4235.000 18.52
4236.000 18.53
4237.000 18.53
4238.000 18.53
4239.000 18.53
4240.000 18.53
4241.000 18.54
4242.000 18.54
4243.000 18.54
4244.000 18.54
4245.000 18.55
4246.000 18.55
4247.000 18.55
4248.000 18.55
4249.000 18.55
4250.000 18.56
4251.000 18.56
4252.000 18.56
4253.000 18.56
4254.000 18.56
4255.000 18.57
4256.000 18.57
4257.000 18.57
4258.000 18.57
4259.000 18.58
4260.000 18.58
4261.000 18.58
4262.000 18.58
4263.000 18.58
4264.000 18.59
4265.000 18.59
4266.000 18.59
4267.000 18.59
4268.000 18.59
4269.000 18.60
4270.000 18.60
4271.000 18.60
4272.000 18.60
4273.000 18.61
4274.000 18.61
4275.000 18.61
4276.000 18.61
4277.000 18.61
4278.000 18.62
4279.000 18.62
4280.000 18.62
4281.000 18.62
4282.000 18.62
4283.000 18.63
4284.000 18.63
4285.000 18.63
4286.000 18.63
4287.000 18.64
4288.000 18.64
4289.000 18.64
4290.000 18.64
4291.000 18.64
4292.000 18.65
4293.000 18.65
4294.000 18.65
4295.000 18.65
4296.000 18.65
4297.000 18.66
4298.000 18.66
4299.000 18.66
4300.000 18.66
4301.000 18.66
4302.000 18.67
4303.000 18.67
4304.000 18.67
4305.000 18.67
4306.000 18.68
4307.000 18.68
4308.000 18.68
4309.000 18.68
4310.000 18.68
4311.000 18.69
4312.000 18.69
4313.000 18.69
4314.000 18.69
4315.000 18.69
4316.000 18.70
4317.000 18.70
4318.000 18.70
4319.000 18.70
4320.000 18.70
4321.000 18.71
4322.000 18.71
4323.000 18.71
4324.000 18.71
4325.000 18.71
4326.000 18.72
4327.000 18.72
4328.000 18.72
4329.000 18.72
4330.000 18.72
4331.000 18.73
4332.000 18.73
4333.000 18.73
4334.000 18.73
4335.000 18.74
4336.000 18.74
4337.000 18.74
4338.000 18.74
4339.000 18.74
4340.000 18.75
4341.000 18.75
4342.000 18.75
4343.000 18.75
4344.000 18.75
4345.000 18.76
4346.000 18.76
4347.000 18.76
4348.000 18.76
4349.000 18.76
4350.000 18.77
4351.000 18.77
4352.000 18.77
4353.000 18.77
4354.000 18.77
4355.000 18.78
4356.000 18.78
4357.000 18.78
4358.000 18.78
4359.000 18.78
4360.000 18.79
4361.000 18.79
4362.000 18.79
4363.000 18.79
4364.000 18.79
4365.000 18.80
4366.000 18.80
4367.000 18.80
4368.000 18.80
4369.000 18.80
4370.000 18.81
4371.000 18.81
4372.000 18.81
4373.000 18.81
4374.000 18.81
4375.000 18.82
4376.000 18.82
4377.000 18.82
4378.000 18.82
4379.000 18.82
4380.000 18.83
4381.000 18.83
4382.000 18.83
4383.000 18.83
4384.000 18.83
4385.000 18.84
4386.000 18.84
4387.000 18.84
4388.000 18.84
4389.000 18.84
4390.000 18.85
4391.000 18.85
4392.000 18.85
4393.000 18.85
4394.000 18.85
4395.000 18.86
4396.000 18.86
4397.000 18.86
4398.000 18.86
4399.000 18.86
4400.000 18.86
4401.000 18.87
4402.000 18.87
4403.000 18.87
4404.000 18.87
4405.000 18.87
4406.000 18.88
4407.000 18.88
4408.000 18.88
4409.000 18.88
4410.000 18.88
4411.000 18.89
4412.000 18.89
4413.000 18.89
4414.000 18.89
4415.000 18.89
4416.000 18.90
4417.000 18.90
4418.000 18.90
4419.000 18.90
4420.000 18.90
4421.000 18.90
4422.000 18.91
4423.000 18.91
4424.000 18.91
4425.000 18.91
4426.000 18.91
4427.000 18.92
4428.000 18.92
4429.000 18.92
4430.000 18.92
4431.000 18.92
4432.000 18.93
4433.000 18.93
4434.000 18.93
4435.000 18.93
4436.000 18.93
4437.000 18.94
4438.000 18.94
4439.000 18.94
4440.000 18.94
4441.000 18.94
4442.000 18.94
4443.000 18.95
4444.000 18.95
4445.000 18.95
4446.000 18.95
4447.000 18.95
4448.000 18.96
4449.000 18.96
4450.000 18.96
4451.000 18.96
4452.000 18.96
4453.000 18.96
4454.000 18.97
4455.000 18.97
4456.000 18.97
4457.000 18.97
4458.000 18.97
4459.000 18.98
4460.000 18.98
4461.000 18.98
4462.000 18.98
4463.000 18.98
4464.000 18.98
4465.000 18.99
4466.000 18.99
4467.000 18.99
4468.000 18.99
4469.000 18.99
4470.000 19.00
4471.000 19.00
4472.000 19.00
4473.000 19.00
4474.000 19.00
4475.000 19.00
4476.000 19.01
4477.000 19.01
4478.000 19.01
4479.000 19.01
4480.000 19.01
4481.000 19.02
4482.000 19.02
4483.000 19.02
4484.000 19.02
4485.000 19.02
4486.000 19.02
4487.000 19.03
4488.000 19.03
4489.000 19.03
4490.000 19.03
4491.000 19.03
4492.000 19.04
4493.000 19.04
4494.000 19.04
4495.000 19.04
4496.000 19.04
4497.000 19.04
4498.000 19.05
4499.000 19.05
4500.000 19.05
4501.000 19.05
4502.000 19.05
4503.000 19.05
4504.000 19.06
4505.000 19.06
4506.000 19.06
4507.000 19.06
4508.000 19.06
4509.000 19.06
4510.000 19.07
4511.000 19.07
4512.000 19.07
4513.000 19.07
4514.000 19.07
4515.000 19.08
4516.000 19.08
4517.000 19.08
4518.000 19.08
4519.000 19.08
4520.000 19.08
4521.000 19.09
4522.000 19.09
4523.000 19.09
4524.000 19.09
4525.000 19.09
4526.000 19.09
4527.000 19.10
4528.000 19.10
4529.000 19.10
4530.000 19.10
4531.000 19.10
4532.000 19.10
4533.000 19.11
4534.000 19.11
4535.000 19.11
4536.000 19.11
4537.000 19.11
4538.000 19.11
4539.000 19.12
4540.000 19.12
4541.000 19.12
4542.000 19.12
4543.000 19.12
4544.000 19.12
4545.000 19.13
4546.000 19.13
4547.000 19.13
4548.000 19.13
4549.000 19.13
4550.000 19.13
4551.000 19.14
4552.000 19.14
4553.000 19.14
4554.000 19.14
4555.000 19.14
4556.000 19.14
4557.000 19.15
4558.000 19.15
4559.000 19.15
4560.000 19.15
4561.000 19.15
4562.000 19.15
4563.000 19.15
4564.000 19.16
4565.000 19.16
4566.000 19.16
4567.000 19.16
4568.000 19.16
4569.000 19.16
4570.000 19.17
4571.000 19.17
4572.000 19.17
4573.000 19.17
4574.000 19.17
4575.000 19.17
4576.000 19.18
4577.000 19.18
4578.000 19.18
4579.000 19.18
4580.000 19.18
4581.000 19.18
4582.000 19.18
4583.000 19.19
4584.000 19.19
4585.000 19.19
4586.000 19.19
4587.000 19.19
4588.000 19.19
4589.000 19.20
4590.000 19.20
4591.000 19.20
4592.000 19.20
4593.000 19.20
4594.000 19.20
4595.000 19.20
4596.000 19.21
4597.000 19.21
4598.000 19.21
4599.000 19.21
4600.000 19.21
4601.000 19.21
4602.000 19.21
4603.000 19.22
4604.000 19.22
4605.000 19.22
4606.000 19.22
4607.000 19.22
4608.000 19.22
4609.000 19.23
4610.000 19.23
4611.000 19.23
4612.000 19.23
4613.000 19.23
4614.000 19.23
4615.000 19.23
4616.000 19.24
4617.000 19.24
4618.000 19.24
4619.000 19.24
4620.000 19.24
4621.000 19.24
4622.000 19.24
4623.000 19.25
4624.000 19.25
4625.000 19.25
4626.000 19.25
4627.000 19.25
4628.000 19.25
4629.000 19.25
4630.000 19.26
4631.000 19.26
4632.000 19.26
4633.000 19.26
4634.000 19.26
4635.000 19.26
4636.000 19.26
4637.000 19.27
4638.000 19.27
4639.000 19.27
4640.000 19.27
4641.000 19.27
4642.000 19.27
4643.000 19.27
4644.000 19.28
4645.000 19.28
4646.000 19.28
4647.000 19.28
4648.000 19.28
4649.000 19.28
4650.000 19.28
4651.000 19.29
4652.000 19.29
4653.000 19.29
4654.000 19.29
4655.000 19.29
4656.000 19.29
4657.000 19.29
4658.000 19.30
4659.000 19.30
4660.000 19.30
4661.000 19.30
4662.000 19.30
4663.000 19.30
4664.000 19.30
4665.000 19.31
4666.000 19.31
4667.000 19.31
4668.000 19.31
4669.000 19.31
4670.000 19.31
4671.000 19.31
4672.000 19.31
4673.000 19.32
4674.000 19.32
4675.000 19.32
4676.000 19.32
4677.000 19.32
4678.000 19.32
4679.000 19.32
4680.000 19.33
4681.000 19.33
4682.000 19.33
4683.000 19.33
4684.000 19.33
4685.000 19.33
4686.000 19.33
4687.000 19.33
4688.000 19.34
4689.000 19.34
4690.000 19.34
4691.000 19.34
4692.000 19.34
4693.000 19.34
4694.000 19.34
4695.000 19.34
4696.000 19.35
4697.000 19.35
4698.000 19.35
4699.000 19.35
4700.000 19.35
4701.000 19.35
4702.000 19.35
4703.000 19.35
4704.000 19.36
4705.000 19.36
4706.000 19.36
4707.000 19.36
4708.000 19.36
4709.000 19.36
4710.000 19.36
4711.000 19.36
4712.000 19.37
4713.000 19.37
4714.000 19.37
4715.000 19.37
4716.000 19.37
4717.000 19.37
4718.000 19.37
4719.000 19.37
4720.000 19.38
4721.000 19.38
4722.000 19.38
4723.000 19.38
4724.000 19.38
4725.000 19.38
4726.000 19.38
4727.000 19.38
4728.000 19.38
4729.000 19.39
4730.000 19.39
4731.000 19.39
4732.000 19.39
4733.000 19.39
4734.000 19.39
4735.000 19.39
4736.000 19.39
4737.000 19.39
4738.000 19.40
4739.000 19.40
4740.000 19.40
4741.000 19.40
4742.000 19.40
4743.000 19.40
4744.000 19.40
4745.000 19.40
4746.000 19.40
4747.000 19.41
4748.000 19.41
4749.000 19.41
4750.000 19.41
4751.000 19.41
4752.000 19.41
4753.000 19.41
4754.000 19.41
4755.000 19.41
4756.000 19.41
4757.000 19.42
4758.000 19.42
4759.000 19.42
4760.000 19.42
4761.000 19.42
4762.000 19.42
4763.000 19.42
4764.000 19.42
4765.000 19.42
4766.000 19.42
4767.000 19.43
4768.000 19.43
4769.000 19.43
4770.000 19.43
4771.000 19.43
4772.000 19.43
4773.000 19.43
4774.000 19.43
4775.000 19.43
4776.000 19.44
4777.000 19.44
4778.000 19.44
4779.000 19.44
4780.000 19.44
4781.000 19.44
4782.000 19.44
4783.000 19.44
4784.000 19.44
4785.000 19.45
4786.000 19.45
4787.000 19.45
4788.000 19.45
4789.000 19.45
4790.000 19.45
4791.000 19.45
4792.000 19.45
4793.000 19.45
4794.000 19.46
4795.000 19.46
4796.000 19.46
4797.000 19.46
4798.000 19.46
4799.000 19.46
4800.000 19.46
4801.000 19.46
4802.000 19.46
4803.000 19.46
4804.000 19.47
4805.000 19.47
4806.000 19.47
4807.000 19.47
4808.000 19.47
4809.000 19.47
4810.000 19.47
4811.000 19.47
4812.000 19.47
4813.000 19.48
4814.000 19.48
4815.000 19.48
4816.000 19.48
4817.000 19.48
4818.000 19.48
4819.000 19.48
4820.000 19.48
4821.000 19.48
4822.000 19.48
4823.000 19.49
4824.000 19.49
4825.000 19.49
4826.000 19.49
4827.000 19.49
4828.000 19.49
4829.000 19.49
4830.000 19.49
4831.000 19.49
4832.000 19.49
4833.000 19.50
4834.000 19.50
4835.000 19.50
4836.000 19.50
4837.000 19.50
4838.000 19.50
4839.000 19.50
4840.000 19.50
4841.000 19.50
4842.000 19.50
4843.000 19.51
4844.000 19.51
4845.000 19.51
4846.000 19.51
4847.000 19.51
4848.000 19.51
4849.000 19.51
4850.000 19.51
4851.000 19.51
4852.000 19.51
4853.000 19.51
4854.000 19.52
4855.000 19.52
4856.000 19.52
4857.000 19.52
4858.000 19.52
4859.000 19.52
4860.000 19.52
4861.000 19.52
4862.000 19.52
4863.000 19.52
4864.000 19.52
4865.000 19.53
4866.000 19.53
4867.000 19.53
4868.000 19.53
4869.000 19.53
4870.000 19.53
4871.000 19.53
4872.000 19.53
4873.000 19.53
4874.000 19.53
4875.000 19.53
4876.000 19.54
4877.000 19.54
4878.000 19.54
4879.000 19.54
4880.000 19.54
4881.000 19.54
4882.000 19.54
4883.000 19.54
4884.000 19.54
4885.000 19.54
4886.000 19.54
4887.000 19.54
4888.000 19.55
4889.000 19.55
4890.000 19.55
4891.000 19.55
4892.000 19.55
4893.000 19.55
4894.000 19.55
4895.000 19.55
4896.000 19.55
4897.000 19.55
4898.000 19.55
4899.000 19.55
4900.000 19.55
4901.000 19.56
4902.000 19.56
4903.000 19.56
4904.000 19.56
4905.000 19.56
4906.000 19.56
4907.000 19.56
4908.000 19.56
4909.000 19.56
4910.000 19.56
4911.000 19.56
4912.000 19.56
4913.000 19.56
4914.000 19.56
4915.000 19.57
4916.000 19.57
4917.000 19.57
4918.000 19.57
4919.000 19.57
4920.000 19.57
4921.000 19.57
4922.000 19.57
4923.000 19.57
4924.000 19.57
4925.000 19.57
4926.000 19.57
4927.000 19.57
4928.000 19.57
4929.000 19.58
4930.000 19.58
4931.000 19.58
4932.000 19.58
4933.000 19.58
4934.000 19.58
4935.000 19.58
4936.000 19.58
4937.000 19.58
4938.000 19.58
4939.000 19.58
4940.000 19.58
4941.000 19.58
4942.000 19.58
4943.000 19.59
4944.000 19.59
4945.000 19.59
4946.000 19.59
4947.000 19.59
4948.000 19.59
4949.000 19.59
4950.000 19.59
4951.000 19.59
4952.000 19.59
4953.000 19.59
4954.000 19.59
4955.000 19.59
4956.000 19.59
4957.000 19.59
4958.000 19.59
4959.000 19.60
4960.000 19.60
4961.000 19.60
4962.000 19.60
4963.000 19.60
4964.000 19.60
4965.000 19.60
4966.000 19.60
4967.000 19.60
4968.000 19.60
4969.000 19.60
4970.000 19.60
4971.000 19.60
4972.000 19.60
4973.000 19.60
4974.000 19.60
4975.000 19.60
4976.000 19.61
4977.000 19.61
4978.000 19.61
4979.000 19.61
4980.000 19.61
4981.000 19.61
4982.000 19.61
4983.000 19.61
4984.000 19.61
4985.000 19.61
4986.000 19.61
4987.000 19.61
4988.000 19.61
4989.000 19.61
4990.000 19.61
4991.000 19.61
4992.000 19.61
4993.000 19.61
4994.000 19.61
4995.000 19.62
4996.000 19.62
4997.000 19.62
4998.000 19.62
4999.000 19.62
5000.000 19.62
5001.000 19.62
5002.000 19.62
5003.000 19.62
5004.000 19.62
5005.000 19.62
5006.000 19.62
5007.000 19.62
5008.000 19.62
5009.000 19.62
5010.000 19.62
5011.000 19.62
5012.000 19.62
5013.000 19.62
5014.000 19.62
5015.000 19.62
5016.000 19.63
5017.000 19.63
5018.000 19.63
5019.000 19.63
5020.000 19.63
5021.000 19.63
5022.000 19.63
5023.000 19.63
5024.000 19.63
5025.000 19.63
5026.000 19.63
5027.000 19.63
5028.000 19.63
5029.000 19.63
5030.000 19.63
5031.000 19.63
5032.000 19.63
5033.000 19.63
5034.000 19.63
5035.000 19.63
5036.000 19.63
5037.000 19.63
5038.000 19.63
5039.000 19.63
5040.000 19.64
5041.000 19.63
5042.000 19.64
5043.000 19.64
5044.000 19.64
5045.000 19.64
5046.000 19.64
5047.000 19.64
5048.000 19.64
5049.000 19.64
5050.000 19.64
5051.000 19.64
5052.000 19.64
5053.000 19.64
5054.000 19.64
5055.000 19.64
5056.000 19.64
5057.000 19.64
5058.000 19.64
5059.000 19.64
5060.000 19.64
5061.000 19.64
5062.000 19.65
5063.000 19.65
5064.000 19.65
5065.000 19.65
5066.000 19.65
5067.000 19.65
5068.000 19.65
5069.000 19.65
5070.000 19.65
5071.000 19.65
5072.000 19.65
5073.000 19.65
5074.000 19.65
5075.000 19.65
5076.000 19.65
5077.000 19.65
5078.000 19.65
5079.000 19.65
5080.000 19.65
5081.000 19.65
5082.000 19.65
5083.000 19.65
5084.000 19.65
5085.000 19.65
5086.000 19.65
5087.000 19.66
5088.000 19.65
5089.000 19.66
5090.000 19.66
5091.000 19.66
5092.000 19.66
5093.000 19.66
5094.000 19.66
5095.000 19.66
5096.000 19.66
5097.000 19.66
5098.000 19.66
5099.000 19.66
5100.000 19.66
5101.000 19.66
5102.000 19.66
5103.000 19.66
5104.000 19.66
5105.000 19.66
5106.000 19.66
5107.000 19.66
5108.000 19.66
5109.000 19.66
5110.000 19.66
5111.000 19.66
5112.000 19.66
5113.000 19.66
5114.000 19.66
5115.000 19.67
5116.000 19.67
5117.000 19.67
5118.000 19.67
5119.000 19.67
5120.000 19.67
5121.000 19.67
5122.000 19.67
5123.000 19.67
5124.000 19.67
5125.000 19.67
5126.000 19.67
5127.000 19.67
5128.000 19.67
5129.000 19.67
5130.000 19.67
5131.000 19.67
5132.000 19.67
5133.000 19.67
5134.000 19.67
5135.000 19.67
5136.000 19.67
5137.000 19.67
5138.000 19.67
5139.000 19.67
5140.000 19.67
5141.000 19.67
5142.000 19.67
5143.000 19.67
5144.000 19.67
5145.000 19.67
5146.000 19.67
5147.000 19.67
5148.000 19.67
5149.000 19.67
5150.000 19.67
5151.000 19.67
5152.000 19.67
5153.000 19.68
5154.000 19.68
5155.000 19.68
5156.000 19.68
5157.000 19.68
5158.000 19.68
5159.000 19.68
5160.000 19.68
5161.000 19.68
5162.000 19.68
5163.000 19.68
5164.000 19.68
5165.000 19.68
5166.000 19.68
5167.000 19.68
5168.000 19.68
5169.000 19.68
5170.000 19.68
5171.000 19.68
5172.000 19.68
5173.000 19.68
5174.000 19.68
5175.000 19.68
5176.000 19.68
5177.000 19.68
5178.000 19.68
5179.000 19.68
5180.000 19.68
5181.000 19.68
5182.000 19.68
5183.000 19.68
5184.000 19.68
5185.000 19.68
5186.000 19.68
5187.000 19.68
5188.000 19.68
5189.000 19.68
5190.000 19.68
5191.000 19.68
5192.000 19.68
5193.000 19.68
5194.000 19.68
5195.000 19.68
5196.000 19.68
5197.000 19.68
5198.000 19.68
5199.000 19.68
5200.000 19.68
5201.000 19.68
5202.000 19.68
5203.000 19.68
5204.000 19.68
5205.000 19.68
5206.000 19.68
5207.000 19.68
5208.000 19.68
5209.000 19.68
5210.000 19.68
5211.000 19.68
5212.000 19.69
5213.000 19.69
5214.000 19.69
5215.000 19.69
5216.000 19.69
5217.000 19.69
5218.000 19.69
5219.000 19.69
5220.000 19.69
5221.000 19.69
5222.000 19.69
5223.000 19.69
5224.000 19.69
5225.000 19.69
5226.000 19.69
5227.000 19.69
5228.000 19.69
5229.000 19.69
5230.000 19.69
5231.000 19.69
5232.000 19.69
5233.000 19.69
5234.000 19.69
5235.000 19.69
5236.000 19.69
5237.000 19.69
5238.000 19.69
5239.000 19.69
5240.000 19.69
5241.000 19.69
5242.000 19.69
5243.000 19.69
5244.000 19.69
5245.000 19.69
5246.000 19.69
5247.000 19.69
5248.000 19.69
5249.000 19.69
5250.000 19.69
5251.000 19.69
5252.000 19.69
5253.000 19.69
5254.000 19.69
5255.000 19.69
5256.000 19.69
5257.000 19.69
5258.000 19.69
5259.000 19.69
5260.000 19.69
5261.000 19.69
5262.000 19.69
5263.000 19.69
5264.000 19.69
5265.000 19.69
5266.000 19.69
5267.000 19.69
5268.000 19.69
5269.000 19.69
5270.000 19.69
5271.000 19.69
5272.000 19.69
5273.000 19.69
5274.000 19.69
5275.000 19.69
5276.000 19.69
5277.000 19.69
5278.000 19.69
5279.000 19.69
5280.000 19.69
5281.000 19.69
5282.000 19.69
5283.000 19.69
5284.000 19.69
5285.000 19.69
5286.000 19.69
5287.000 19.69
5288.000 19.69
5289.000 19.69
5290.000 19.69
5291.000 19.69
5292.000 19.69
5293.000 19.69
5294.000 19.69
5295.000 19.69
5296.000 19.69
5297.000 19.69
5298.000 19.69
5299.000 19.69
5300.000 19.69
5301.000 19.69
5302.000 19.69
5303.000 19.69
5304.000 19.69
5305.000 19.69
5306.000 19.69
5307.000 19.69
5308.000 19.69
5309.000 19.69
5310.000 19.69
5311.000 19.69
5312.000 19.69
5313.000 19.69
5314.000 19.69
5315.000 19.69
5316.000 19.69
5317.000 19.69
5318.000 19.69
5319.000 19.69
5320.000 19.69
5321.000 19.69
5322.000 19.69
5323.000 19.69
5324.000 19.69
5325.000 19.69
5326.000 19.69
5327.000 19.69
5328.000 19.69
5329.000 19.69
5330.000 19.69
5331.000 19.69
5332.000 19.69
5333.000 19.69
5334.000 19.69
5335.000 19.69
5336.000 19.69
5337.000 19.69
5338.000 19.69
5339.000 19.69
5340.000 19.69
5341.000 19.69
5342.000 19.68
5343.000 19.68
5344.000 19.68
5345.000 19.68
5346.000 19.68
5347.000 19.68
5348.000 19.68
5349.000 19.68
5350.000 19.68
5351.000 19.68
5352.000 19.68
5353.000 19.68
5354.000 19.68
5355.000 19.68
5356.000 19.68
5357.000 19.68
5358.000 19.68
5359.000 19.68
5360.000 19.68
5361.000 19.68
5362.000 19.68
5363.000 19.68
5364.000 19.68
5365.000 19.68
5366.000 19.68
5367.000 19.68
5368.000 19.68
5369.000 19.68
5370.000 19.68
5371.000 19.68
5372.000 19.68
5373.000 19.68
5374.000 19.68
5375.000 19.68
5376.000 19.68
5377.000 19.68
5378.000 19.68
5379.000 19.68
5380.000 19.68
5381.000 19.68
5382.000 19.68
5383.000 19.68
5384.000 19.68
5385.000 19.68
5386.000 19.68
5387.000 19.68
5388.000 19.68
5389.000 19.68
5390.000 19.68
5391.000 19.68
5392.000 19.68
5393.000 19.68
5394.000 19.68
5395.000 19.68
5396.000 19.68
5397.000 19.68
5398.000 19.68
5399.000 19.68
5400.000 19.68
5401.000 19.68
5402.000 19.68
5403.000 19.68
5404.000 19.68
5405.000 19.68
5406.000 19.68
5407.000 19.68
5408.000 19.68
5409.000 19.68
5410.000 19.68
5411.000 19.68
5412.000 19.68
5413.000 19.68
5414.000 19.68
5415.000 19.68
5416.000 19.68
5417.000 19.68
5418.000 19.68
5419.000 19.68
5420.000 19.68
5421.000 19.68
5422.000 19.68
5423.000 19.68
5424.000 19.68
5425.000 19.68
5426.000 19.68
5427.000 19.68
5428.000 19.68
5429.000 19.68
5430.000 19.68
5431.000 19.68
5432.000 19.68
5433.000 19.68
5434.000 19.68
5435.000 19.68
5436.000 19.68
5437.000 19.68
5438.000 19.68
5439.000 19.68
5440.000 19.68
5441.000 19.68
5442.000 19.68
5443.000 19.68
5444.000 19.68
5445.000 19.68
5446.000 19.68
5447.000 19.68
5448.000 19.68
5449.000 19.68
5450.000 19.68
5451.000 19.67
5452.000 19.67
5453.000 19.67
5454.000 19.67
5455.000 19.67
5456.000 19.67
5457.000 19.67
5458.000 19.67
5459.000 19.67
5460.000 19.67
5461.000 19.67
5462.000 19.67
5463.000 19.67
5464.000 19.67
5465.000 19.67
5466.000 19.67
5467.000 19.67
5468.000 19.67
5469.000 19.67
5470.000 19.67
5471.000 19.67
5472.000 19.67
5473.000 19.67
5474.000 19.67
5475.000 19.67
5476.000 19.67
5477.000 19.67
5478.000 19.67
5479.000 19.67
5480.000 19.67
5481.000 19.67
5482.000 19.67
5483.000 19.67
5484.000 19.67
5485.000 19.67
5486.000 19.67
5487.000 19.67
5488.000 19.67
5489.000 19.67
5490.000 19.67
5491.000 19.67
5492.000 19.67
5493.000 19.67
5494.000 19.67
5495.000 19.67
5496.000 19.67
5497.000 19.67
5498.000 19.67
5499.000 19.67
5500.000 19.67
5501.000 19.67
5502.000 19.67
5503.000 19.67
5504.000 19.67
5505.000 19.67
5506.000 19.67
5507.000 19.67
5508.000 19.67
5509.000 19.67
5510.000 19.67
5511.000 19.67
5512.000 19.67
5513.000 19.67
5514.000 19.67
5515.000 19.66
5516.000 19.66
5517.000 19.66
5518.000 19.66
5519.000 19.66
5520.000 19.66
5521.000 19.66
5522.000 19.66
5523.000 19.66
5524.000 19.66
5525.000 19.66
5526.000 19.66
5527.000 19.66
5528.000 19.66
5529.000 19.66
5530.000 19.66
5531.000 19.66
5532.000 19.66
5533.000 19.66
5534.000 19.66
5535.000 19.66
5536.000 19.66
5537.000 19.66
5538.000 19.66
5539.000 19.66
5540.000 19.66
5541.000 19.66
5542.000 19.66
5543.000 19.66
5544.000 19.66
5545.000 19.66
5546.000 19.66
5547.000 19.66
5548.000 19.66
5549.000 19.66
5550.000 19.66
5551.000 19.66
5552.000 19.66
5553.000 19.66
5554.000 19.66
5555.000 19.66
5556.000 19.66
5557.000 19.66
5558.000 19.66
5559.000 19.66
5560.000 19.66
5561.000 19.66
5562.000 19.66
5563.000 19.66
5564.000 19.66
5565.000 19.65
5566.000 19.65
5567.000 19.65
5568.000 19.65
5569.000 19.65
5570.000 19.65
5571.000 19.65
5572.000 19.65
5573.000 19.65
5574.000 19.65
5575.000 19.65
5576.000 19.65
5577.000 19.65
5578.000 19.65
5579.000 19.65
5580.000 19.65
5581.000 19.65
5582.000 19.65
5583.000 19.65
5584.000 19.65
5585.000 19.65
5586.000 19.65
5587.000 19.65
5588.000 19.65
5589.000 19.65
5590.000 19.65
5591.000 19.65
5592.000 19.65
5593.000 19.65
5594.000 19.65
5595.000 19.65
5596.000 19.65
5597.000 19.65
5598.000 19.65
5599.000 19.65
5600.000 19.65
5601.000 19.65
5602.000 19.65
5603.000 19.65
5604.000 19.65
5605.000 19.65
5606.000 19.64
5607.000 19.64
5608.000 19.64
5609.000 19.64
5610.000 19.64
5611.000 19.64
5612.000 19.64
5613.000 19.64
5614.000 19.64
5615.000 19.64
5616.000 19.64
5617.000 19.64
5618.000 19.64
5619.000 19.64
5620.000 19.64
5621.000 19.64
5622.000 19.64
5623.000 19.64
5624.000 19.64
5625.000 19.64
5626.000 19.64
5627.000 19.64
5628.000 19.64
5629.000 19.64
5630.000 19.64
5631.000 19.64
5632.000 19.64
5633.000 19.64
5634.000 19.64
5635.000 19.64
5636.000 19.64
5637.000 19.64
5638.000 19.64
5639.000 19.64
5640.000 19.64
5641.000 19.64
5642.000 19.64
5643.000 19.64
5644.000 19.63
5645.000 19.63
5646.000 19.63
5647.000 19.63
5648.000 19.63
5649.000 19.63
5650.000 19.63
5651.000 19.63
5652.000 19.63
5653.000 19.63
5654.000 19.63
5655.000 19.63
5656.000 19.63
5657.000 19.63
5658.000 19.63
5659.000 19.63
5660.000 19.63
5661.000 19.63
5662.000 19.63
5663.000 19.63
5664.000 19.63
5665.000 19.63
5666.000 19.63
5667.000 19.63
5668.000 19.63
5669.000 19.63
5670.000 19.63
5671.000 19.63
5672.000 19.63
5673.000 19.63
5674.000 19.63
5675.000 19.63
5676.000 19.63
5677.000 19.63
5678.000 19.63
5679.000 19.63
5680.000 19.63
5681.000 19.62
5682.000 19.62
5683.000 19.62
5684.000 19.62
5685.000 19.62
5686.000 19.62
5687.000 19.62
5688.000 19.62
5689.000 19.62
5690.000 19.62
5691.000 19.62
5692.000 19.61
5693.000 19.62
5694.000 19.61
5695.000 19.62
5696.000 19.62
5697.000 19.62
5698.000 19.62
5699.000 19.62
5700.000 19.62
5701.000 19.62
5702.000 19.62
5703.000 19.62
5704.000 19.62
5705.000 19.62
5706.000 19.62
5707.000 19.62
5708.000 19.62
5709.000 19.62
5710.000 19.62
5711.000 19.62
5712.000 19.62
5713.000 19.61
5714.000 19.62
5715.000 19.62
5716.000 19.61
5717.000 19.61
5718.000 19.61
5719.000 19.61
5720.000 19.61
5721.000 19.61
5722.000 19.61
5723.000 19.61
5724.000 19.61
5725.000 19.61
5726.000 19.61
5727.000 19.61
5728.000 19.61
5729.000 19.61
5730.000 19.61
5731.000 19.61
5732.000 19.61
5733.000 19.61
5734.000 19.61
5735.000 19.61
5736.000 19.61
5737.000 19.61
5738.000 19.61
5739.000 19.61
5740.000 19.61
5741.000 19.61
5742.000 19.61
5743.000 19.61
5744.000 19.61
5745.000 19.61
5746.000 19.61
5747.000 19.61
5748.000 19.61
5749.000 19.61
5750.000 19.61
5751.000 19.61
5752.000 19.61
5753.000 19.61
5754.000 19.61
5755.000 19.61
5756.000 19.61
5757.000 19.61
5758.000 19.61
5759.000 19.60
5760.000 19.60
5761.000 19.60
5762.000 19.60
5763.000 19.60
5764.000 19.60
5765.000 19.60
5766.000 19.60
5767.000 19.60
5768.000 19.60
5769.000 19.60
5770.000 19.60
5771.000 19.60
5772.000 19.60
5773.000 19.60
5774.000 19.60
5775.000 19.60
5776.000 19.60
5777.000 19.60
5778.000 19.60
5779.000 19.60
5780.000 19.60
5781.000 19.60
5782.000 19.60
5783.000 19.60
5784.000 19.60
5785.000 19.60
5786.000 19.60
5787.000 19.60
5788.000 19.60
5789.000 19.60
5790.000 19.60
5791.000 19.60
5792.000 19.60
5793.000 19.60
5794.000 19.60
5795.000 19.60
5796.000 19.60
5797.000 19.60
5798.000 19.60
5799.000 19.60
5800.000 19.60
5801.000 19.60
5802.000 19.60
5803.000 19.60
5804.000 19.60
5805.000 19.60
5806.000 19.60
5807.000 19.60
5808.000 19.60
5809.000 19.60
5810.000 19.60
5811.000 19.60
5812.000 19.60
5813.000 19.60
5814.000 19.60
5815.000 19.60
5816.000 19.60
5817.000 19.60
5818.000 19.60
5819.000 19.60
5820.000 19.60
5821.000 19.60
5822.000 19.60
5823.000 19.60
5824.000 19.60
5825.000 19.60
5826.000 19.60
5827.000 19.60
5828.000 19.60
5829.000 19.60
5830.000 19.60
5831.000 19.60
5832.000 19.60
5833.000 19.60
5834.000 19.60
5835.000 19.60
5836.000 19.60
5837.000 19.60
5838.000 19.60
5839.000 19.60
5840.000 19.60
5841.000 19.60
5842.000 19.60
5843.000 19.60
5844.000 19.60
5845.000 19.60
5846.000 19.60
5847.000 19.60
5848.000 19.60
5849.000 19.60
5850.000 19.60
5851.000 19.60
5852.000 19.60
5853.000 19.60
5854.000 19.60
5855.000 19.60
5856.000 19.60
5857.000 19.60
5858.000 19.60
5859.000 19.60
5860.000 19.60
5861.000 19.60
5862.000 19.60
5863.000 19.60
5864.000 19.60
5865.000 19.60
5866.000 19.60
5867.000 19.60
5868.000 19.60
5869.000 19.60
5870.000 19.60
5871.000 19.60
5872.000 19.60
5873.000 19.60
5874.000 19.60
5875.000 19.60
5876.000 19.60
5877.000 19.60
5878.000 19.60
5879.000 19.60
5880.000 19.60
5881.000 19.60
5882.000 19.60
5883.000 19.60
5884.000 19.60
5885.000 19.60
5886.000 19.60
5887.000 19.60
5888.000 19.59
5889.000 19.60
5890.000 19.60
5891.000 19.60
5892.000 19.60
5893.000 19.60
5894.000 19.58
5895.000 19.60
5896.000 19.59
5897.000 19.60
5898.000 19.59
5899.000 19.60
5900.000 19.59
5901.000 19.60
5902.000 19.60
5903.000 19.59
5904.000 19.60
5905.000 19.60
5906.000 19.59
5907.000 19.59
5908.000 19.59
5909.000 19.59
5910.000 19.59
5911.000 19.59
5912.000 19.59
5913.000 19.59
5914.000 19.59
5915.000 19.59
5916.000 19.59
5917.000 19.59
5918.000 19.59
5919.000 19.59
5920.000 19.58
5921.000 19.59
5922.000 19.59
5923.000 19.59
5924.000 19.59
5925.000 19.59
5926.000 19.59
5927.000 19.59
5928.000 19.59
5929.000 19.59
5930.000 19.59
5931.000 19.59
5932.000 19.59
5933.000 19.59
5934.000 19.59
5935.000 19.59
5936.000 19.59
5937.000 19.59
5938.000 19.59
5939.000 19.59
5940.000 19.59
5941.000 19.59
5942.000 19.58
5943.000 19.59
5944.000 19.58
5945.000 19.59
5946.000 19.58
5947.000 19.58
5948.000 19.59
5949.000 19.59
5950.000 19.59
5951.000 19.59
5952.000 19.58
5953.000 19.59
5954.000 19.59
5955.000 19.59
5956.000 19.59
5957.000 19.59
5958.000 19.58
5959.000 19.59
5960.000 19.59
5961.000 19.59
5962.000 19.59
5963.000 19.59
5964.000 19.59
5965.000 19.59
5966.000 19.59
5967.000 19.59
5968.000 19.58
5969.000 19.58
5970.000 19.58
5971.000 19.59
5972.000 19.59
5973.000 19.57
5974.000 19.59
5975.000 19.59
5976.000 19.59
5977.000 19.58
5978.000 19.58
5979.000 19.58
5980.000 19.58
5981.000 19.58
5982.000 19.58
5983.000 19.58
5984.000 19.58
5985.000 19.58
5986.000 19.58
5987.000 19.58
5988.000 19.58
5989.000 19.58
5990.000 19.58
5991.000 19.58
5992.000 19.58
5993.000 19.58
5994.000 19.58
5995.000 19.58
5996.000 19.58
5997.000 19.58
5998.000 19.58
5999.000 19.58
6000.000 19.58
6001.000 19.58
6002.000 19.58
6003.000 19.58
6004.000 19.58
6005.000 19.58
6006.000 19.58
6007.000 19.58
6008.000 19.58
6009.000 19.58
6010.000 19.58
6011.000 19.58
6012.000 19.58
6013.000 19.58
6014.000 19.58
6015.000 19.58
6016.000 19.58
6017.000 19.58
6018.000 19.58
6019.000 19.58
6020.000 19.58
6021.000 19.58
6022.000 19.58
6023.000 19.58
6024.000 19.58
6025.000 19.58
6026.000 19.58
6027.000 19.58
6028.000 19.58
6029.000 19.58
6030.000 19.58
6031.000 19.58
6032.000 19.58
6033.000 19.58
6034.000 19.58
6035.000 19.58
6036.000 19.58
6037.000 19.58
6038.000 19.58
6039.000 19.58
6040.000 19.58
6041.000 19.58
6042.000 19.58
6043.000 19.58
6044.000 19.58
6045.000 19.58
6046.000 19.58
6047.000 19.58
6048.000 19.58
6049.000 19.58
6050.000 19.58
6051.000 19.58
6052.000 19.58
6053.000 19.58
6054.000 19.58
6055.000 19.58
6056.000 19.58
6057.000 19.58
6058.000 19.58
6059.000 19.58
6060.000 19.58
6061.000 19.58
6062.000 19.58
6063.000 19.58
6064.000 19.58
6065.000 19.58
6066.000 19.58
6067.000 19.58
6068.000 19.58
6069.000 19.58
6070.000 19.58
6071.000 19.58
6072.000 19.58
6073.000 19.58
6074.000 19.58
6075.000 19.58
6076.000 19.58
6077.000 19.58
6078.000 19.58
6079.000 19.58
6080.000 19.58
6081.000 19.58
6082.000 19.58
6083.000 19.58
6084.000 19.58
6085.000 19.58
6086.000 19.58
6087.000 19.58
6088.000 19.58
6089.000 19.58
6090.000 19.58
6091.000 19.58
6092.000 19.58
6093.000 19.58
6094.000 19.58
6095.000 19.58
6096.000 19.58
6097.000 19.58
6098.000 19.58
6099.000 19.58
6100.000 19.58
6101.000 19.58
6102.000 19.58
6103.000 19.58
6104.000 19.58
6105.000 19.58
6106.000 19.58
6107.000 19.58
6108.000 19.58
6109.000 19.58
6110.000 19.58
6111.000 19.58
6112.000 19.58
6113.000 19.58
6114.000 19.58
6115.000 19.58
6116.000 19.58
6117.000 19.58
6118.000 19.58
6119.000 19.58
6120.000 19.58
6121.000 19.58
6122.000 19.58
6123.000 19.58
6124.000 19.58
6125.000 19.58
6126.000 19.58
6127.000 19.58
6128.000 19.58
6129.000 19.58
6130.000 19.58
6131.000 19.58
6132.000 19.58
6133.000 19.58
6134.000 19.58
6135.000 19.58
6136.000 19.58
6137.000 19.58
6138.000 19.58
6139.000 19.58
6140.000 19.58
6141.000 19.58
6142.000 19.58
6143.000 19.58
6144.000 19.58
6145.000 19.58
6146.000 19.58
6147.000 19.58
6148.000 19.58
6149.000 19.58
6150.000 19.58
6151.000 19.58
6152.000 19.58
6153.000 19.58
6154.000 19.58
6155.000 19.58
6156.000 19.58
6157.000 19.58
6158.000 19.58
6159.000 19.58
6160.000 19.58
6161.000 19.58
6162.000 19.58
6163.000 19.58
6164.000 19.58
6165.000 19.58
6166.000 19.58
6167.000 19.58
6168.000 19.58
6169.000 19.58
6170.000 19.58
6171.000 19.58
6172.000 19.58
6173.000 19.58
6174.000 19.58
6175.000 19.58
6176.000 19.58
6177.000 19.58
6178.000 19.58
6179.000 19.58
6180.000 19.58
6181.000 19.58
6182.000 19.58
6183.000 19.58
6184.000 19.58
6185.000 19.58
6186.000 19.58
6187.000 19.58
6188.000 19.58
6189.000 19.58
6190.000 19.58
6191.000 19.58
6192.000 19.58
6193.000 19.58
6194.000 19.58
6195.000 19.58
6196.000 19.58
6197.000 19.58
6198.000 19.58
6199.000 19.58
6200.000 19.58
6201.000 19.58
6202.000 19.58
6203.000 19.58
6204.000 19.58
6205.000 19.58
6206.000 19.58
6207.000 19.58
6208.000 19.58
6209.000 19.58
6210.000 19.58
6211.000 19.58
6212.000 19.58
6213.000 19.58
6214.000 19.58
6215.000 19.58
6216.000 19.58
6217.000 19.58
6218.000 19.58
6219.000 19.58
6220.000 19.58
6221.000 19.58
6222.000 19.58
6223.000 19.58
6224.000 19.58
6225.000 19.58
6226.000 19.58
6227.000 19.58
6228.000 19.58
6229.000 19.58
6230.000 19.58
6231.000 19.58
6232.000 19.58
6233.000 19.58
6234.000 19.58
6235.000 19.58
6236.000 19.58
6237.000 19.58
6238.000 19.58
6239.000 19.58
6240.000 19.58
6241.000 19.58
6242.000 19.58
6243.000 19.58
6244.000 19.58
6245.000 19.58
6246.000 19.58
6247.000 19.58
6248.000 19.58
6249.000 19.58
6250.000 19.58
6251.000 19.58
6252.000 19.58
6253.000 19.58
6254.000 19.58
6255.000 19.58
6256.000 19.58
6257.000 19.58
6258.000 19.58
6259.000 19.58
6260.000 19.58
6261.000 19.58
6262.000 19.58
6263.000 19.58
6264.000 19.57
6265.000 19.57
6266.000 19.57
6267.000 19.57
6268.000 19.57
6269.000 19.57
6270.000 19.57
6271.000 19.57
6272.000 19.57
6273.000 19.57
6274.000 19.57
6275.000 19.57
6276.000 19.57
6277.000 19.57
6278.000 19.57
6279.000 19.49
6280.000 19.57
6281.000 19.56
6282.000 19.57
6283.000 19.55
6284.000 19.57
6285.000 19.57
6286.000 19.57
6287.000 19.57
6288.000 19.57
6289.000 19.57
6290.000 19.57
6291.000 19.57
6292.000 19.48
6293.000 19.57
6294.000 19.56
6295.000 19.57
6296.000 19.57
6297.000 19.56
6298.000 19.57
6299.000 19.56
6300.000 19.57
6301.000 19.43
6302.000 19.57
6303.000 19.57
6304.000 19.57
6305.000 19.57
6306.000 19.57
6307.000 19.57
6308.000 19.57
6309.000 19.57
6310.000 19.57
6311.000 19.57
6312.000 19.57
6313.000 19.57
6314.000 19.57
6315.000 19.57
6316.000 19.51
6317.000 19.57
6318.000 19.57
6319.000 19.57
6320.000 19.57
6321.000 19.57
6322.000 19.57
6323.000 19.57
6324.000 19.57
6325.000 19.57
6326.000 19.57
6327.000 19.57
6328.000 19.57
6329.000 19.57
6330.000 19.57
6331.000 19.57
6332.000 19.57
6333.000 19.57
6334.000 19.57
6335.000 19.57
6336.000 19.57
6337.000 19.57
6338.000 19.57
6339.000 19.57
6340.000 19.57
6341.000 19.58
6342.000 19.58
6343.000 19.57
6344.000 19.57
6345.000 19.57
6346.000 19.58
6347.000 19.58
6348.000 19.58
6349.000 19.57
6350.000 19.58
6351.000 19.58
6352.000 19.58
6353.000 19.58
6354.000 19.58
6355.000 19.58
6356.000 19.58
6357.000 19.57
6358.000 19.58
6359.000 19.58
6360.000 19.58
6361.000 19.58
6362.000 19.58
6363.000 19.57
6364.000 19.58
6365.000 19.58
6366.000 19.58
6367.000 19.58
6368.000 19.58
6369.000 19.58
6370.000 19.58
6371.000 19.58
6372.000 19.58
6373.000 19.57
6374.000 19.58
6375.000 19.58
6376.000 19.58
6377.000 19.58
6378.000 19.58
6379.000 19.58
6380.000 19.58
6381.000 19.58
6382.000 19.58
6383.000 19.58
6384.000 19.58
6385.000 19.58
6386.000 19.58
6387.000 19.58
6388.000 19.58
6389.000 19.58
6390.000 19.58
6391.000 19.58
6392.000 19.58
6393.000 19.58
6394.000 19.58
6395.000 19.58
6396.000 19.58
6397.000 19.58
6398.000 19.58
6399.000 19.58
6400.000 19.58
6401.000 19.58
6402.000 19.58
6403.000 19.58
6404.000 19.58
6405.000 19.58
6406.000 19.58
6407.000 19.58
6408.000 19.58
6409.000 19.58
6410.000 19.58
6411.000 19.58
6412.000 19.58
6413.000 19.58
6414.000 19.58
6415.000 19.58
6416.000 19.58
6417.000 19.58
6418.000 19.58
6419.000 19.58
6420.000 19.58
6421.000 19.58
6422.000 19.58
6423.000 19.58
6424.000 19.58
6425.000 19.58
6426.000 19.58
6427.000 19.58
6428.000 19.58
6429.000 19.58
6430.000 19.58
6431.000 19.58
6432.000 19.58
6433.000 19.58
6434.000 19.58
6435.000 19.58
6436.000 19.58
6437.000 19.58
6438.000 19.58
6439.000 19.58
6440.000 19.58
6441.000 19.58
6442.000 19.58
6443.000 19.58
6444.000 19.58
6445.000 19.58
6446.000 19.58
6447.000 19.58
6448.000 19.58
6449.000 19.58
6450.000 19.58
6451.000 19.58
6452.000 19.58
6453.000 19.58
6454.000 19.58
6455.000 19.58
6456.000 19.57
6457.000 19.58
6458.000 19.58
6459.000 19.58
6460.000 19.58
6461.000 19.58
6462.000 19.57
6463.000 19.58
6464.000 19.58
6465.000 19.57
6466.000 19.58
6467.000 19.58
6468.000 19.57
6469.000 19.58
6470.000 19.58
6471.000 19.58
6472.000 19.58
6473.000 19.58
6474.000 19.58
6475.000 19.56
6476.000 19.58
6477.000 19.55
6478.000 19.58
6479.000 19.58
6480.000 19.58
6481.000 19.56
6482.000 19.57
6483.000 19.58
6484.000 19.58
6485.000 19.54
6486.000 19.58
6487.000 19.58
6488.000 19.58
6489.000 19.58
6490.000 19.58
6491.000 19.57
6492.000 19.58
6493.000 19.58
6494.000 19.58
6495.000 19.57
6496.000 19.57
6497.000 19.58
6498.000 19.57
6499.000 19.57
6500.000 19.57
6501.000 19.57
6502.000 19.57
6503.000 19.57
6504.000 19.57
6505.000 19.57
6506.000 19.57
6507.000 19.57
6508.000 19.57
6509.000 19.57
6510.000 19.57
6511.000 19.57
6512.000 19.57
6513.000 19.57
6514.000 19.57
6515.000 19.57
6516.000 19.57
6517.000 19.57
6518.000 19.57
6519.000 19.57
6520.000 19.57
6521.000 19.57
6522.000 19.57
6523.000 19.57
6524.000 19.57
6525.000 19.57
6526.000 19.57
6527.000 19.57
6528.000 19.57
6529.000 19.57
6530.000 19.57
6531.000 19.57
6532.000 19.57
6533.000 19.57
6534.000 19.57
6535.000 19.57
6536.000 19.57
6537.000 19.57
6538.000 19.57
6539.000 19.57
6540.000 19.57
6541.000 19.57
6542.000 19.57
6543.000 19.57
6544.000 19.57
6545.000 19.57
6546.000 19.57
6547.000 19.57
6548.000 19.57
6549.000 19.57
6550.000 19.57
6551.000 19.57
6552.000 19.57
6553.000 19.57
6554.000 19.57
6555.000 19.57
6556.000 19.57
6557.000 19.57
6558.000 19.57
6559.000 19.55
6560.000 19.56
6561.000 19.57
6562.000 19.57
6563.000 19.57
6564.000 19.57
6565.000 19.57
6566.000 19.55
6567.000 19.57
6568.000 19.57
6569.000 19.57
6570.000 19.57
6571.000 19.57
6572.000 19.57
6573.000 19.57
6574.000 19.56
6575.000 19.57
6576.000 19.57
6577.000 19.57
6578.000 19.57
6579.000 19.57
6580.000 19.57
6581.000 19.57
6582.000 19.57
6583.000 19.57
6584.000 19.57
6585.000 19.57
6586.000 19.57
6587.000 19.57
6588.000 19.57
6589.000 19.57
6590.000 19.57
6591.000 19.57
6592.000 19.57
6593.000 19.57
6594.000 19.57
6595.000 19.57
6596.000 19.57
6597.000 19.57
6598.000 19.56
6599.000 19.56
6600.000 19.56
6601.000 19.56
6602.000 19.56
6603.000 19.56
6604.000 19.56
6605.000 19.56
6606.000 19.56
6607.000 19.56
6608.000 19.56
6609.000 19.56
6610.000 19.56
6611.000 19.56
6612.000 19.56
6613.000 19.56
6614.000 19.56
6615.000 19.56
6616.000 19.56
6617.000 19.56
6618.000 19.56
6619.000 19.56
6620.000 19.56
6621.000 19.56
6622.000 19.56
6623.000 19.56
6624.000 19.56
6625.000 19.56
6626.000 19.56
6627.000 19.56
6628.000 19.56
6629.000 19.56
6630.000 19.56
6631.000 19.56
6632.000 19.56
6633.000 19.56
6634.000 19.56
6635.000 19.56
6636.000 19.56
6637.000 19.56
6638.000 19.56
6639.000 19.56
6640.000 19.56
6641.000 19.56
6642.000 19.56
6643.000 19.56
6644.000 19.56
6645.000 19.56
6646.000 19.56
6647.000 19.56
6648.000 19.56
6649.000 19.56
6650.000 19.56
6651.000 19.56
6652.000 19.56
6653.000 19.56
6654.000 19.56
6655.000 19.56
6656.000 19.56
6657.000 19.56
6658.000 19.56
6659.000 19.56
6660.000 19.56
6661.000 19.56
6662.000 19.56
6663.000 19.56
6664.000 19.56
6665.000 19.55
6666.000 19.55
6667.000 19.55
6668.000 19.55
6669.000 19.55
6670.000 19.55
6671.000 19.55
6672.000 19.55
6673.000 19.55
6674.000 19.55
6675.000 19.55
6676.000 19.55
6677.000 19.55
6678.000 19.55
6679.000 19.55
6680.000 19.55
6681.000 19.55
6682.000 19.55
6683.000 19.55
6684.000 19.55
6685.000 19.55
6686.000 19.55
6687.000 19.55
6688.000 19.55
6689.000 19.55
6690.000 19.55
6691.000 19.55
6692.000 19.55
6693.000 19.55
6694.000 19.55
6695.000 19.55
6696.000 19.55
6697.000 19.55
6698.000 19.55
6699.000 19.55
6700.000 19.55
6701.000 19.55
6702.000 19.55
6703.000 19.55
6704.000 19.55
6705.000 19.55
6706.000 19.55
6707.000 19.55
6708.000 19.55
6709.000 19.55
6710.000 19.55
6711.000 19.55
6712.000 19.55
6713.000 19.55
6714.000 19.55
6715.000 19.55
6716.000 19.54
6717.000 19.54
6718.000 19.54
6719.000 19.54
6720.000 19.54
6721.000 19.54
6722.000 19.54
6723.000 19.54
6724.000 19.54
6725.000 19.54
6726.000 19.54
6727.000 19.54
6728.000 19.54
6729.000 19.54
6730.000 19.54
6731.000 19.54
6732.000 19.54
6733.000 19.54
6734.000 19.54
6735.000 19.54
6736.000 19.54
6737.000 19.54
6738.000 19.54
6739.000 19.54
6740.000 19.54
6741.000 19.54
6742.000 19.54
6743.000 19.54
6744.000 19.54
6745.000 19.54
6746.000 19.54
6747.000 19.54
6748.000 19.54
6749.000 19.54
6750.000 19.54
6751.000 19.54
6752.000 19.54
6753.000 19.54
6754.000 19.54
6755.000 19.54
6756.000 19.54
6757.000 19.54
6758.000 19.53
6759.000 19.53
6760.000 19.53
6761.000 19.53
6762.000 19.53
6763.000 19.53
6764.000 19.53
6765.000 19.53
6766.000 19.53
6767.000 19.53
6768.000 19.53
6769.000 19.53
6770.000 19.53
6771.000 19.53
6772.000 19.53
6773.000 19.53
6774.000 19.53
6775.000 19.53
6776.000 19.53
6777.000 19.53
6778.000 19.53
6779.000 19.53
6780.000 19.53
6781.000 19.53
6782.000 19.53
6783.000 19.53
6784.000 19.53
6785.000 19.53
6786.000 19.53
6787.000 19.53
6788.000 19.53
6789.000 19.53
6790.000 19.53
6791.000 19.53
6792.000 19.53
6793.000 19.53
6794.000 19.53
6795.000 19.53
6796.000 19.52
6797.000 19.52
6798.000 19.52
6799.000 19.52
6800.000 19.52
6801.000 19.52
6802.000 19.52
6803.000 19.52
6804.000 19.52
6805.000 19.52
6806.000 19.52
6807.000 19.52
6808.000 19.52
6809.000 19.52
6810.000 19.52
6811.000 19.52
6812.000 19.52
6813.000 19.52
6814.000 19.52
6815.000 19.52
6816.000 19.52
6817.000 19.52
6818.000 19.52
6819.000 19.52
6820.000 19.52
6821.000 19.52
6822.000 19.52
6823.000 19.52
6824.000 19.52
6825.000 19.52
6826.000 19.52
6827.000 19.52
6828.000 19.52
6829.000 19.51
6830.000 19.51
6831.000 19.51
6832.000 19.51
6833.000 19.51
6834.000 19.51
6835.000 19.51
6836.000 19.51
6837.000 19.51
6838.000 19.51
6839.000 19.51
6840.000 19.51
6841.000 19.51
6842.000 19.51
6843.000 19.51
6844.000 19.51
6845.000 19.51
6846.000 19.51
6847.000 19.51
6848.000 19.51
6849.000 19.51
6850.000 19.51
6851.000 19.51
6852.000 19.51
6853.000 19.51
6854.000 19.51
6855.000 19.51
6856.000 19.51
6857.000 19.51
6858.000 19.51
6859.000 19.51
6860.000 19.50
6861.000 19.50
6862.000 19.50
6863.000 19.50
6864.000 19.50
6865.000 19.50
6866.000 19.50
6867.000 19.50
6868.000 19.50
6869.000 19.35
6870.000 17.61
6871.000 18.32
6872.000 19.28
6873.000 19.29
6874.000 19.31
6875.000 19.44
6876.000 19.45
6877.000 19.47
6878.000 19.48
6879.000 19.47
6880.000 19.49
6881.000 18.83
6882.000 19.47
6883.000 19.49
6884.000 19.50
6885.000 19.49
6886.000 19.47
6887.000 19.49
6888.000 19.47
6889.000 19.46
6890.000 19.49
6891.000 19.36
6892.000 19.40
6893.000 19.49
6894.000 19.45
6895.000 19.40
6896.000 19.48
6897.000 19.49
6898.000 18.57
6899.000 19.26
6900.000 19.49
6901.000 19.49
6902.000 19.35
6903.000 19.44
6904.000 19.49
6905.000 19.48
6906.000 17.51
6907.000 18.85
6908.000 19.48
6909.000 19.48
6910.000 19.48
6911.000 19.47
6912.000 19.48
6913.000 19.48
6914.000 19.49
6915.000 19.37
6916.000 18.63
6917.000 19.48
6918.000 19.48
6919.000 19.48
6920.000 18.93
6921.000 19.32
6922.000 19.48
6923.000 19.48
6924.000 19.48
6925.000 19.47
6926.000 19.41
6927.000 19.48
6928.000 19.48
6929.000 19.48
6930.000 19.48
6931.000 19.46
6932.000 19.48
6933.000 19.48
6934.000 19.47
6935.000 19.48
6936.000 19.48
6937.000 19.47
6938.000 19.47
6939.000 19.48
6940.000 19.47
6941.000 19.48
6942.000 19.46
6943.000 19.46
6944.000 19.44
6945.000 19.47
6946.000 19.47
6947.000 19.47
6948.000 19.47
6949.000 19.47
6950.000 19.47
6951.000 19.42
6952.000 19.47
6953.000 19.47
6954.000 19.47
6955.000 19.45
6956.000 19.47
6957.000 19.47
6958.000 19.47
6959.000 19.47
6960.000 19.47
6961.000 19.47
6962.000 19.47
6963.000 19.46
6964.000 19.47
6965.000 19.47
6966.000 19.47
6967.000 19.46
6968.000 19.47
6969.000 19.46
6970.000 19.46
6971.000 19.46
6972.000 19.46
6973.000 19.46
6974.000 19.46
6975.000 19.46
6976.000 19.46
6977.000 19.46
6978.000 19.46
6979.000 19.46
6980.000 19.46
6981.000 19.46
6982.000 19.46
6983.000 19.46
6984.000 19.46
6985.000 19.46
6986.000 19.46
6987.000 19.46
6988.000 19.46
6989.000 19.46
6990.000 19.46
6991.000 19.42
6992.000 19.45
6993.000 19.44
6994.000 19.45
6995.000 19.45
6996.000 19.42
6997.000 19.45
6998.000 19.45
6999.000 19.45
7000.000 19.44
7001.000 19.44
7002.000 19.45
7003.000 19.45
7004.000 19.44
7005.000 19.45
7006.000 19.45
7007.000 19.43
7008.000 19.45
7009.000 19.45
7010.000 19.45
7011.000 19.45
7012.000 19.45
7013.000 19.44
7014.000 19.45
7015.000 19.45
7016.000 19.44
7017.000 19.44
7018.000 19.44
7019.000 19.44
7020.000 19.44
7021.000 19.44
7022.000 19.44
7023.000 19.44
7024.000 19.44
7025.000 19.44
7026.000 19.44
7027.000 19.44
7028.000 19.44
7029.000 19.43
7030.000 19.44
7031.000 19.43
7032.000 19.44
7033.000 19.44
7034.000 19.44
7035.000 19.44
7036.000 19.44
7037.000 19.44
7038.000 19.43
7039.000 19.43
7040.000 19.43
7041.000 19.43
7042.000 19.43
7043.000 19.43
7044.000 19.43
7045.000 19.43
7046.000 19.43
7047.000 19.43
7048.000 19.43
7049.000 19.43
7050.000 19.43
7051.000 19.43
7052.000 19.43
7053.000 19.43
7054.000 19.43
7055.000 19.43
7056.000 19.43
7057.000 19.43
7058.000 19.43
7059.000 19.40
7060.000 19.42
7061.000 19.42
7062.000 19.42
7063.000 19.42
7064.000 19.42
7065.000 19.42
7066.000 19.42
7067.000 19.42
7068.000 19.42
7069.000 19.42
7070.000 19.42
7071.000 19.42
7072.000 19.42
7073.000 19.42
7074.000 19.41
7075.000 19.42
7076.000 19.42
7077.000 19.41
7078.000 19.42
7079.000 19.42
7080.000 19.41
7081.000 19.41
7082.000 19.41
7083.000 19.41
7084.000 19.41
7085.000 19.41
7086.000 19.41
7087.000 19.41
7088.000 19.41
7089.000 19.41
7090.000 19.40
7091.000 19.41
7092.000 19.41
7093.000 19.41
7094.000 19.41
7095.000 19.40
7096.000 19.40
7097.000 19.40
7098.000 19.41
7099.000 19.41
7100.000 19.40
7101.000 19.40
7102.000 19.40
7103.000 19.40
7104.000 19.40
7105.000 19.40
7106.000 19.40
7107.000 19.40
7108.000 19.40
7109.000 19.40
7110.000 19.40
7111.000 19.40
7112.000 19.40
7113.000 19.40
7114.000 19.40
7115.000 19.40
7116.000 19.40
7117.000 19.40
7118.000 19.40
7119.000 19.40
7120.000 19.40
7121.000 19.39
7122.000 19.39
7123.000 19.39
7124.000 19.39
7125.000 19.39
7126.000 19.39
7127.000 19.39
7128.000 19.39
7129.000 19.39
7130.000 19.39
7131.000 19.39
7132.000 19.39
7133.000 19.39
7134.000 19.39
7135.000 19.39
7136.000 19.38
7137.000 19.39
7138.000 19.39
7139.000 19.39
7140.000 19.38
7141.000 19.38
7142.000 19.38
7143.000 19.38
7144.000 19.38
7145.000 19.37
7146.000 19.38
7147.000 19.38
7148.000 19.38
7149.000 19.38
7150.000 19.38
7151.000 19.38
7152.000 19.38
7153.000 19.38
7154.000 19.38
7155.000 19.38
7156.000 19.38
7157.000 19.37
7158.000 19.38
7159.000 19.38
7160.000 19.37
7161.000 19.37
7162.000 19.37
7163.000 19.37
7164.000 19.35
7165.000 19.37
7166.000 19.37
7167.000 19.37
7168.000 19.36
7169.000 19.36
7170.000 19.33
7171.000 19.35
7172.000 19.34
7173.000 19.36
7174.000 19.35
7175.000 19.35
7176.000 19.36
7177.000 19.37
7178.000 19.31
7179.000 19.32
7180.000 19.36
7181.000 19.36
7182.000 19.36
7183.000 19.36
7184.000 19.36
7185.000 19.36
7186.000 19.35
7187.000 19.35
7188.000 19.33
7189.000 19.16
7190.000 19.36
7191.000 19.34
7192.000 19.36
7193.000 19.35
7194.000 19.34
7195.000 19.35
7196.000 19.35
7197.000 19.24
7198.000 19.35
7199.000 19.35
7200.000 19.34
7201.000 19.35
7202.000 19.34
7203.000 19.31
7204.000 19.35
7205.000 19.35
7206.000 19.33
7207.000 19.35
7208.000 19.34
7209.000 19.35
7210.000 19.35
7211.000 19.35
7212.000 19.34
7213.000 19.34
7214.000 19.33
7215.000 19.35
7216.000 19.34
7217.000 19.34
7218.000 19.34
7219.000 19.34
7220.000 19.31
7221.000 19.33
7222.000 19.34
7223.000 19.34
7224.000 19.34
7225.000 19.32
7226.000 19.34
7227.000 19.34
7228.000 19.34
7229.000 19.34
7230.000 19.33
7231.000 19.34
7232.000 19.34
7233.000 19.32
7234.000 19.33
7235.000 19.20
7236.000 19.33
7237.000 19.31
7238.000 19.30
7239.000 19.33
7240.000 19.32
7241.000 19.32
7242.000 19.32
7243.000 19.30
7244.000 19.33
7245.000 19.33
7246.000 19.32
7247.000 19.33
7248.000 19.32
7249.000 19.31
7250.000 19.33
7251.000 19.29
7252.000 19.32
7253.000 19.32
7254.000 19.31
7255.000 19.30
7256.000 19.32
7257.000 19.32
7258.000 19.32
7259.000 19.31
7260.000 19.24
7261.000 19.32
7262.000 19.31
7263.000 19.32
7264.000 19.24
7265.000 19.26
7266.000 19.31
7267.000 19.31
7268.000 19.31
7269.000 19.32
7270.000 19.31
7271.000 19.31
7272.000 19.30
7273.000 19.31
7274.000 19.31
7275.000 18.85
7276.000 19.31
7277.000 19.31
7278.000 19.30
7279.000 19.29
7280.000 19.27
7281.000 19.31
7282.000 19.31
7283.000 19.28
7284.000 19.31
7285.000 19.31
7286.000 19.31
7287.000 19.31
7288.000 19.30
7289.000 19.30
7290.000 19.29
7291.000 19.30
7292.000 19.30
7293.000 19.28
7294.000 19.29
7295.000 19.30
7296.000 19.30
7297.000 19.23
7298.000 19.30
7299.000 19.30
7300.000 19.30
7301.000 19.30
7302.000 19.24
7303.000 19.29
7304.000 19.29
7305.000 19.28
7306.000 19.26
7307.000 19.28
7308.000 19.29
7309.000 19.29
7310.000 19.29
7311.000 19.29
7312.000 19.29
7313.000 19.28
7314.000 19.29
7315.000 19.27
7316.000 19.29
7317.000 19.29
7318.000 19.28
7319.000 19.28
7320.000 19.27
7321.000 19.28
7322.000 19.29
7323.000 19.27
7324.000 19.28
7325.000 19.28
7326.000 19.23
7327.000 19.28
7328.000 19.28
7329.000 19.27
7330.000 19.28
7331.000 19.28
7332.000 19.28
7333.000 19.26
7334.000 19.28
7335.000 19.26
7336.000 19.28
7337.000 19.28
7338.000 19.28
7339.000 19.27
7340.000 19.28
7341.000 19.27
7342.000 19.27
7343.000 19.27
7344.000 19.27
7345.000 19.27
7346.000 19.23
7347.000 19.27
7348.000 19.27
7349.000 19.27
7350.000 19.26
7351.000 19.27
7352.000 19.26
7353.000 19.27
7354.000 19.27
7355.000 19.26
7356.000 19.26
7357.000 19.26
7358.000 19.26
7359.000 19.26
7360.000 19.26
7361.000 19.26
7362.000 19.26
7363.000 19.25
7364.000 19.26
7365.000 19.26
7366.000 19.26
7367.000 19.26
7368.000 19.26
7369.000 19.26
7370.000 19.26
7371.000 19.25
7372.000 19.25
7373.000 19.26
7374.000 19.25
7375.000 19.25
7376.000 19.25
7377.000 19.25
7378.000 19.25
7379.000 19.25
7380.000 19.25
7381.000 19.25
7382.000 19.25
7383.000 19.25
7384.000 19.25
7385.000 19.25
7386.000 19.25
7387.000 19.25
7388.000 19.25
7389.000 19.25
7390.000 19.25
7391.000 19.24
7392.000 19.24
7393.000 19.24
7394.000 19.24
7395.000 19.24
7396.000 19.24
7397.000 19.24
7398.000 19.23
7399.000 19.24
7400.000 19.24
7401.000 19.24
7402.000 19.24
7403.000 19.24
7404.000 19.24
7405.000 19.24
7406.000 19.23
7407.000 19.24
7408.000 19.23
7409.000 19.23
7410.000 19.23
7411.000 19.23
7412.000 19.23
7413.000 19.23
7414.000 19.23
7415.000 19.23
7416.000 19.23
7417.000 19.23
7418.000 19.23
7419.000 19.23
7420.000 19.23
7421.000 19.23
7422.000 19.23
7423.000 19.22
7424.000 19.22
7425.000 19.22
7426.000 19.22
7427.000 19.22
7428.000 19.22
7429.000 19.22
7430.000 19.22
7431.000 19.22
7432.000 19.22
7433.000 19.22
7434.000 19.22
7435.000 19.22
7436.000 19.22
7437.000 19.22
7438.000 19.22
7439.000 19.22
7440.000 19.21
7441.000 19.21
7442.000 19.21
7443.000 19.21
7444.000 19.21
7445.000 19.21
7446.000 19.21
7447.000 19.21
7448.000 19.21
7449.000 19.21
7450.000 19.21
7451.000 19.21
7452.000 19.21
7453.000 19.21
7454.000 19.21
7455.000 19.21
7456.000 19.20
7457.000 19.20
7458.000 19.20
7459.000 19.20
7460.000 19.20
7461.000 19.20
7462.000 19.20
7463.000 19.20
7464.000 19.20
7465.000 19.20
7466.000 19.20
7467.000 19.20
7468.000 19.20
7469.000 19.20
7470.000 19.20
7471.000 19.20
7472.000 19.20
7473.000 19.19
7474.000 19.19
7475.000 19.19
7476.000 19.19
7477.000 19.19
7478.000 19.19
7479.000 19.19
7480.000 19.19
7481.000 19.19
7482.000 19.19
7483.000 19.19
7484.000 19.19
7485.000 19.19
7486.000 19.19
7487.000 19.19
7488.000 19.19
7489.000 19.18
7490.000 19.18
7491.000 19.18
7492.000 19.18
7493.000 19.18
7494.000 19.18
7495.000 19.18
7496.000 19.18
7497.000 19.18
7498.000 19.18
7499.000 19.18
7500.000 19.18
7501.000 19.18
7502.000 19.18
7503.000 19.18
7504.000 19.18
7505.000 19.17
7506.000 19.17
7507.000 19.17
7508.000 19.17
7509.000 19.17
7510.000 19.17
7511.000 19.17
7512.000 19.17
7513.000 19.17
7514.000 19.17
7515.000 19.17
7516.000 19.17
7517.000 19.17
7518.000 19.17
7519.000 19.17
7520.000 19.17
7521.000 19.17
7522.000 19.16
7523.000 19.16
7524.000 19.16
7525.000 19.16
7526.000 19.16
7527.000 19.16
7528.000 19.16
7529.000 19.16
7530.000 19.16
7531.000 19.16
7532.000 19.16
7533.000 19.16
7534.000 19.16
7535.000 19.16
7536.000 19.16
7537.000 19.16
7538.000 19.15
7539.000 19.15
7540.000 19.15
7541.000 19.15
7542.000 19.15
7543.000 19.15
7544.000 19.15
7545.000 19.15
7546.000 19.15
7547.000 19.15
7548.000 19.15
7549.000 19.15
7550.000 19.15
7551.000 19.15
7552.000 19.15
7553.000 19.15
7554.000 19.14
7555.000 19.14
7556.000 19.14
7557.000 19.14
7558.000 19.14
7559.000 19.14
7560.000 19.14
7561.000 19.14
7562.000 19.14
7563.000 19.14
7564.000 19.14
7565.000 19.14
7566.000 19.14
7567.000 19.14
7568.000 19.14
7569.000 19.14
7570.000 19.14
7571.000 19.13
7572.000 19.13
7573.000 19.13
7574.000 19.13
7575.000 19.13
7576.000 19.13
7577.000 19.13
7578.000 19.13
7579.000 19.13
7580.000 19.13
7581.000 19.13
7582.000 19.13
7583.000 19.13
7584.000 19.13
7585.000 19.13
7586.000 19.13
7587.000 19.12
7588.000 19.12
7589.000 19.12
7590.000 19.12
7591.000 19.12
7592.000 19.12
7593.000 19.12
7594.000 19.11
7595.000 19.11
7596.000 18.68
7597.000 18.45
7598.000 18.73
7599.000 18.89
7600.000 18.86
7601.000 13.29
7602.000 17.50
7603.000 18.71
7604.000 17.86
7605.000 18.65
7606.000 18.37
7607.000 18.59
7608.000 18.13
7609.000 15.65
7610.000 6.05
7611.000 18.45
7612.000 18.46
7613.000 18.72
7614.000 16.41
7615.000 18.47
7616.000 18.96
7617.000 17.50
7618.000 18.75
7619.000 19.06
7620.000 19.08
7621.000 19.08
7622.000 19.06
7623.000 15.39
7624.000 19.00
7625.000 18.78
7626.000 18.82
7627.000 18.70
7628.000 19.00
7629.000 16.29
7630.000 18.27
7631.000 18.90
7632.000 18.99
7633.000 14.73
7634.000 17.90
7635.000 18.91
7636.000 19.01
7637.000 18.28
7638.000 18.57
7639.000 18.85
7640.000 19.03
7641.000 18.94
7642.000 18.45
7643.000 17.41
7644.000 19.02
7645.000 19.03
7646.000 18.54
7647.000 18.55
7648.000 18.94
7649.000 19.05
7650.000 19.05
7651.000 17.21
7652.000 18.41
7653.000 18.96
7654.000 19.02
7655.000 19.06
7656.000 18.50
7657.000 18.77
7658.000 19.00
7659.000 19.02
7660.000 19.07
7661.000 19.02
7662.000 18.99
7663.000 19.01
7664.000 19.07
7665.000 19.07
7666.000 19.06
7667.000 15.39
7668.000 16.65
7669.000 19.06
7670.000 19.07
7671.000 19.07
7672.000 19.06
7673.000 19.02
7674.000 18.98
7675.000 19.07
7676.000 19.07
7677.000 19.06
7678.000 19.06
7679.000 19.05
7680.000 19.04
7681.000 19.06
7682.000 19.06
7683.000 19.06
7684.000 19.06
7685.000 18.98
7686.000 18.76
7687.000 19.06
7688.000 19.06
7689.000 19.06
7690.000 19.06
7691.000 19.06
7692.000 19.06
7693.000 19.05
7694.000 19.06
7695.000 19.06
7696.000 19.06
7697.000 19.05
7698.000 18.90
7699.000 18.79
7700.000 19.05
7701.000 19.05
7702.000 19.05
7703.000 19.05
7704.000 19.05
7705.000 19.05
7706.000 19.04
7707.000 19.05
7708.000 19.05
7709.000 19.05
7710.000 19.05
7711.000 19.05
7712.000 19.01
7713.000 19.01
7714.000 19.04
7715.000 19.04
7716.000 19.04
7717.000 19.04
7718.000 19.04
7719.000 19.04
7720.000 19.04
7721.000 19.04
7722.000 19.04
7723.000 19.04
7724.000 19.04
7725.000 19.04
7726.000 19.04
7727.000 19.03
7728.000 19.03
7729.000 19.03
7730.000 19.03
7731.000 19.03
7732.000 19.03
7733.000 19.03
7734.000 19.03
7735.000 19.03
7736.000 19.02
7737.000 19.03
7738.000 19.03
7739.000 19.03
7740.000 19.03
7741.000 19.02
7742.000 19.03
7743.000 19.03
7744.000 19.02
7745.000 19.02
7746.000 19.02
7747.000 19.02
7748.000 19.02
7749.000 19.02
7750.000 19.02
7751.000 19.02
7752.000 19.02
7753.000 19.02
7754.000 19.02
7755.000 19.02
7756.000 19.02
7757.000 19.02
7758.000 19.02
7759.000 19.02
7760.000 19.01
7761.000 19.01
7762.000 19.01
7763.000 19.01
7764.000 19.01
7765.000 19.01
7766.000 19.01
7767.000 19.01
7768.000 19.01
7769.000 19.01
7770.000 19.01
7771.000 19.01
7772.000 19.01
7773.000 19.01
7774.000 19.01
7775.000 19.01
7776.000 19.00
7777.000 19.00
7778.000 19.00
7779.000 19.00
7780.000 19.00
7781.000 19.00
7782.000 19.00
7783.000 19.00
7784.000 19.00
7785.000 19.00
7786.000 19.00
7787.000 19.00
7788.000 19.00
7789.000 19.00
7790.000 19.00
7791.000 19.00
7792.000 18.99
7793.000 18.99
7794.000 18.99
7795.000 18.99
7796.000 18.99
7797.000 18.99
7798.000 18.99
7799.000 18.99
7800.000 18.99
7801.000 18.99
7802.000 18.99
7803.000 18.99
7804.000 18.99
7805.000 18.99
7806.000 18.99
7807.000 18.98
7808.000 18.98
7809.000 18.98
7810.000 18.98
7811.000 18.98
7812.000 18.98
7813.000 18.98
7814.000 18.98
7815.000 18.98
7816.000 18.98
7817.000 18.98
7818.000 18.98
7819.000 18.98
7820.000 18.98
7821.000 18.98
7822.000 18.98
7823.000 18.97
7824.000 18.97
7825.000 18.97
7826.000 18.97
7827.000 18.97
7828.000 18.97
7829.000 18.97
7830.000 18.97
7831.000 18.97
7832.000 18.97
7833.000 18.97
7834.000 18.97
7835.000 18.97
7836.000 18.97
7837.000 18.97
7838.000 18.97
7839.000 18.96
7840.000 18.96
7841.000 18.96
7842.000 18.96
7843.000 18.96
7844.000 18.96
7845.000 18.96
7846.000 18.96
7847.000 18.96
7848.000 18.96
7849.000 18.96
7850.000 18.96
7851.000 18.96
7852.000 18.96
7853.000 18.96
7854.000 18.96
7855.000 18.96
7856.000 18.95
7857.000 18.95
7858.000 18.95
7859.000 18.95
7860.000 18.95
7861.000 18.95
7862.000 18.95
7863.000 18.95
7864.000 18.95
7865.000 18.95
7866.000 18.95
7867.000 18.95
7868.000 18.95
7869.000 18.95
7870.000 18.95
7871.000 18.94
7872.000 18.94
7873.000 18.94
7874.000 18.94
7875.000 18.93
7876.000 18.94
7877.000 18.94
7878.000 18.94
7879.000 18.94
7880.000 18.94
7881.000 18.94
7882.000 18.93
7883.000 18.93
7884.000 18.93
7885.000 18.94
7886.000 18.94
7887.000 18.93
7888.000 18.93
7889.000 18.93
7890.000 18.93
7891.000 18.93
7892.000 18.93
7893.000 18.93
7894.000 18.92
7895.000 18.93
7896.000 18.93
7897.000 18.92
7898.000 18.92
7899.000 18.93
7900.000 18.93
7901.000 18.93
7902.000 18.93
7903.000 18.90
7904.000 18.87
7905.000 18.92
7906.000 18.92
7907.000 18.92
7908.000 18.92
7909.000 18.92
7910.000 18.92
7911.000 18.88
7912.000 18.92
7913.000 18.91
7914.000 18.92
7915.000 18.92
7916.000 18.92
7917.000 18.92
7918.000 18.91
7919.000 18.91
7920.000 18.91
7921.000 18.91
7922.000 18.91
7923.000 18.90
7924.000 18.91
7925.000 18.91
7926.000 18.91
7927.000 18.91
7928.000 18.91
7929.000 18.91
7930.000 18.91
7931.000 18.90
7932.000 18.91
7933.000 18.91
7934.000 18.89
7935.000 18.90
7936.000 18.90
7937.000 18.90
7938.000 18.90
7939.000 18.90
7940.000 18.90
7941.000 18.90
7942.000 18.90
7943.000 18.90
7944.000 18.89
7945.000 18.90
7946.000 18.90
7947.000 18.90
7948.000 18.90
7949.000 18.89
7950.000 18.89
7951.000 18.89
7952.000 18.89
7953.000 18.89
7954.000 18.89
7955.000 18.89
7956.000 18.88
7957.000 18.89
7958.000 18.89
7959.000 18.89
7960.000 18.89
7961.000 18.89
7962.000 18.89
7963.000 18.86
7964.000 18.88
7965.000 18.87
7966.000 18.88
7967.000 18.88
7968.000 18.88
7969.000 18.88
7970.000 18.88
7971.000 18.88
7972.000 18.88
7973.000 18.88
7974.000 18.88
7975.000 18.88
7976.000 18.88
7977.000 18.88
7978.000 18.88
7979.000 18.88
7980.000 18.88
7981.000 18.88
7982.000 18.87
7983.000 18.87
7984.000 18.87
7985.000 18.87
7986.000 18.87
7987.000 18.87
7988.000 18.87
7989.000 18.87
7990.000 18.87
7991.000 18.87
7992.000 18.87
7993.000 18.86
7994.000 18.87
7995.000 18.87
7996.000 18.86
7997.000 18.87
7998.000 18.86
7999.000 18.86
8000.000 18.86
8001.000 18.86
8002.000 18.86
8003.000 18.86
8004.000 18.86
8005.000 18.86
8006.000 18.86
8007.000 18.86
8008.000 18.86
8009.000 18.86
8010.000 18.84
8011.000 18.86
8012.000 18.86
8013.000 18.85
8014.000 18.85
8015.000 18.85
8016.000 18.85
8017.000 18.85
8018.000 18.85
8019.000 18.85
8020.000 18.85
8021.000 18.85
8022.000 18.85
8023.000 18.84
8024.000 18.85
8025.000 18.85
8026.000 18.84
8027.000 18.85
8028.000 18.84
8029.000 18.84
8030.000 18.83
8031.000 18.84
8032.000 18.84
8033.000 18.84
8034.000 18.84
8035.000 18.84
8036.000 18.84
8037.000 18.84
8038.000 18.84
8039.000 18.84
8040.000 18.84
8041.000 18.84
8042.000 18.83
8043.000 18.84
8044.000 18.83
8045.000 18.83
8046.000 18.83
8047.000 18.83
8048.000 18.83
8049.000 18.83
8050.000 18.83
8051.000 18.83
8052.000 18.83
8053.000 18.83
8054.000 18.83
8055.000 18.83
8056.000 18.83
8057.000 18.83
8058.000 18.83
8059.000 18.82
8060.000 18.82
8061.000 18.82
8062.000 18.82
8063.000 18.82
8064.000 18.82
8065.000 18.82
8066.000 18.82
8067.000 18.82
8068.000 18.82
8069.000 18.82
8070.000 18.82
8071.000 18.82
8072.000 18.82
8073.000 18.82
8074.000 18.82
8075.000 18.82
8076.000 18.81
8077.000 18.81
8078.000 18.81
8079.000 18.81
8080.000 18.81
8081.000 18.81
8082.000 18.81
8083.000 18.81
8084.000 18.81
8085.000 18.81
8086.000 18.81
8087.000 18.80
8088.000 18.80
8089.000 18.81
8090.000 18.81
8091.000 18.80
8092.000 18.80
8093.000 18.80
8094.000 18.80
8095.000 18.80
8096.000 18.80
8097.000 18.80
8098.000 18.80
8099.000 18.80
8100.000 18.80
8101.000 18.79
8102.000 18.80
8103.000 18.80
8104.000 18.79
8105.000 18.79
8106.000 18.79
8107.000 18.79
8108.000 18.79
8109.000 18.79
8110.000 18.76
8111.000 18.79
8112.000 18.79
8113.000 18.79
8114.000 18.79
8115.000 18.79
8116.000 18.77
8117.000 18.78
8118.000 18.79
8119.000 18.78
8120.000 18.79
8121.000 18.78
8122.000 18.78
8123.000 18.77
8124.000 18.78
8125.000 18.77
8126.000 18.78
8127.000 18.78
8128.000 18.78
8129.000 18.76
8130.000 18.78
8131.000 18.78
8132.000 18.78
8133.000 18.77
8134.000 18.77
8135.000 18.77
8136.000 18.54
8137.000 18.77
8138.000 18.77
8139.000 18.77
8140.000 18.77
8141.000 18.75
8142.000 18.71
8143.000 18.66
8144.000 18.75
8145.000 18.77
8146.000 18.68
8147.000 18.77
8148.000 18.77
8149.000 18.76
8150.000 18.76
8151.000 18.76
8152.000 18.66
8153.000 18.76
8154.000 18.76
8155.000 18.75
8156.000 18.64
8157.000 18.58
8158.000 18.76
8159.000 18.76
8160.000 18.74
8161.000 18.76
8162.000 18.76
8163.000 18.75
8164.000 18.73
8165.000 18.74
8166.000 18.74
8167.000 18.69
8168.000 18.75
8169.000 18.75
8170.000 18.75
8171.000 18.59
8172.000 18.71
8173.000 18.75
8174.000 18.75
8175.000 18.75
8176.000 18.73
8177.000 18.72
8178.000 18.74
8179.000 18.69
8180.000 18.72
8181.000 18.73
8182.000 18.74
8183.000 18.74
8184.000 18.60
8185.000 18.74
8186.000 18.74
8187.000 18.74
8188.000 18.74
8189.000 18.73
8190.000 18.73
8191.000 18.73
8192.000 18.73
8193.000 18.74
8194.000 18.74
8195.000 18.72
8196.000 18.73
8197.000 18.73
8198.000 18.73
8199.000 18.73
8200.000 18.01
8201.000 18.73
8202.000 18.72
8203.000 18.58
8204.000 18.73
8205.000 18.73
8206.000 18.73
8207.000 18.71
8208.000 18.73
8209.000 18.72
8210.000 18.73
8211.000 18.72
8212.000 18.72
8213.000 18.72
8214.000 18.72
8215.000 18.72
8216.000 18.72
8217.000 18.72
8218.000 18.72
8219.000 18.72
8220.000 18.71
8221.000 18.72
8222.000 18.72
8223.000 18.72
8224.000 18.70
8225.000 18.71
8226.000 18.70
8227.000 18.71
8228.000 18.61
8229.000 18.66
8230.000 18.68
8231.000 18.44
8232.000 18.43
8233.000 18.70
8234.000 18.47
8235.000 18.71
8236.000 18.66
8237.000 18.69
8238.000 18.71
8239.000 18.71
8240.000 18.70
8241.000 18.70
8242.000 18.70
8243.000 18.70
8244.000 18.70
8245.000 18.70
8246.000 18.67
8247.000 18.70
8248.000 18.70
8249.000 18.70
8250.000 18.70
8251.000 18.69
8252.000 18.70
8253.000 18.70
8254.000 18.70
8255.000 18.57
8256.000 18.69
8257.000 18.69
8258.000 18.69
8259.000 18.65
8260.000 18.69
8261.000 18.69
8262.000 18.50
8263.000 18.69
8264.000 18.69
8265.000 18.68
8266.000 18.68
8267.000 18.69
8268.000 18.69
8269.000 18.69
8270.000 18.69
8271.000 18.68
8272.000 18.68
8273.000 18.68
8274.000 18.68
8275.000 18.68
8276.000 18.68
8277.000 18.67
8278.000 18.68
8279.000 18.50
8280.000 18.68
8281.000 18.66
8282.000 18.61
8283.000 18.68
8284.000 18.66
8285.000 18.67
8286.000 18.67
8287.000 18.67
8288.000 18.67
8289.000 18.67
8290.000 18.63
8291.000 18.67
8292.000 18.65
8293.000 18.67
8294.000 18.67
8295.000 18.67
8296.000 18.66
8297.000 18.65
8298.000 18.66
8299.000 18.67
8300.000 18.66
8301.000 18.66
8302.000 18.66
8303.000 18.65
8304.000 18.66
8305.000 18.66
8306.000 18.66
8307.000 18.65
8308.000 18.66
8309.000 18.66
8310.000 18.65
8311.000 18.65
8312.000 18.65
8313.000 18.65
8314.000 18.62
8315.000 18.65
8316.000 18.65
8317.000 18.65
8318.000 18.65
8319.000 18.65
8320.000 18.65
8321.000 18.65
8322.000 18.65
8323.000 18.65
8324.000 18.59
8325.000 18.65
8326.000 18.65
8327.000 18.65
8328.000 18.64
8329.000 18.64
8330.000 18.64
8331.000 18.64
8332.000 18.45
8333.000 18.64
8334.000 18.64
8335.000 18.63
8336.000 18.62
8337.000 18.64
8338.000 18.63
8339.000 18.64
8340.000 18.64
8341.000 18.60
8342.000 18.63
8343.000 18.64
8344.000 18.63
8345.000 18.63
8346.000 18.63
8347.000 18.63
8348.000 18.63
8349.000 18.63
8350.000 18.63
8351.000 18.63
8352.000 18.63
8353.000 18.63
8354.000 18.63
8355.000 18.62
8356.000 18.59
8357.000 18.60
8358.000 18.62
8359.000 18.62
8360.000 18.62
8361.000 18.62
8362.000 18.62
8363.000 18.62
8364.000 18.62
8365.000 18.62
8366.000 18.62
8367.000 18.62
8368.000 18.62
8369.000 18.62
8370.000 18.61
8371.000 18.62
8372.000 18.61
8373.000 18.61
8374.000 18.61
8375.000 18.61
8376.000 18.56
8377.000 18.61
8378.000 18.61
8379.000 18.60
8380.000 18.61
8381.000 18.61
8382.000 18.61
8383.000 18.61
8384.000 18.61
8385.000 18.60
8386.000 18.60
8387.000 18.60
8388.000 18.59
8389.000 18.60
8390.000 18.59
8391.000 18.60
8392.000 18.60
8393.000 18.60
8394.000 18.60
8395.000 18.60
8396.000 18.59
8397.000 18.59
8398.000 18.59
8399.000 18.59
8400.000 18.59
8401.000 18.59
8402.000 18.59
8403.000 18.59
8404.000 18.59
8405.000 18.59
8406.000 18.59
8407.000 18.59
8408.000 18.58
8409.000 18.59
8410.000 18.59
8411.000 18.57
8412.000 18.58
8413.000 18.58
8414.000 18.58
8415.000 18.58
8416.000 18.58
8417.000 18.58
8418.000 18.58
8419.000 18.58
8420.000 18.58
8421.000 18.57
8422.000 18.58
8423.000 18.58
8424.000 18.58
8425.000 18.57
8426.000 18.57
8427.000 18.57
8428.000 18.57
8429.000 18.57
8430.000 18.57
8431.000 18.57
8432.000 18.57
8433.000 18.56
8434.000 18.57
8435.000 18.57
8436.000 18.57
8437.000 18.56
8438.000 18.57
8439.000 18.56
8440.000 18.56
8441.000 18.56
8442.000 18.56
8443.000 18.56
8444.000 18.56
8445.000 18.56
8446.000 18.56
8447.000 18.56
8448.000 18.56
8449.000 18.56
8450.000 18.56
8451.000 18.56
8452.000 18.55
8453.000 18.55
8454.000 18.55
8455.000 18.55
8456.000 18.55
8457.000 18.55
8458.000 18.55
8459.000 18.55
8460.000 18.55
8461.000 18.55
8462.000 18.55
8463.000 18.55
8464.000 18.54
8465.000 18.54
8466.000 18.54
8467.000 18.54
8468.000 18.54
8469.000 18.54
8470.000 18.54
8471.000 18.54
8472.000 18.54
8473.000 18.54
8474.000 18.54
8475.000 18.54
8476.000 18.54
8477.000 18.54
8478.000 18.53
8479.000 18.53
8480.000 18.53
8481.000 18.53
8482.000 18.53
8483.000 18.53
8484.000 18.53
8485.000 18.53
8486.000 18.53
8487.000 18.53
8488.000 18.53
8489.000 18.53
8490.000 18.52
8491.000 18.52
8492.000 18.52
8493.000 18.52
8494.000 18.52
8495.000 18.52
8496.000 18.52
8497.000 18.52
8498.000 18.52
8499.000 18.52
8500.000 18.52
8501.000 18.52
8502.000 18.52
8503.000 18.51
8504.000 18.51
8505.000 18.51
8506.000 18.51
8507.000 18.51
8508.000 18.51
8509.000 18.51
8510.000 18.51
8511.000 18.51
8512.000 18.51
8513.000 18.51
8514.000 18.50
8515.000 18.50
8516.000 18.50
8517.000 18.50
8518.000 18.50
8519.000 18.50
8520.000 18.50
8521.000 18.50
8522.000 18.48
8523.000 18.50
8524.000 18.50
8525.000 18.50
8526.000 18.50
8527.000 18.49
8528.000 18.49
8529.000 18.49
8530.000 18.49
8531.000 18.49
8532.000 18.49
8533.000 18.49
8534.000 18.49
8535.000 18.49
8536.000 18.49
8537.000 18.49
8538.000 18.49
8539.000 18.48
8540.000 18.48
8541.000 18.48
8542.000 18.48
8543.000 18.48
8544.000 18.48
8545.000 18.48
8546.000 18.48
8547.000 18.48
8548.000 18.48
8549.000 18.48
8550.000 18.48
8551.000 18.48
8552.000 18.47
8553.000 18.47
8554.000 18.47
8555.000 18.47
8556.000 18.47
8557.000 18.47
8558.000 18.47
8559.000 18.47
8560.000 18.47
8561.000 18.47
8562.000 18.47
8563.000 18.47
8564.000 18.46
8565.000 18.46
8566.000 18.46
8567.000 18.46
8568.000 18.46
8569.000 18.46
8570.000 18.46
8571.000 18.46
8572.000 18.46
8573.000 18.46
8574.000 18.45
8575.000 18.46
8576.000 18.45
8577.000 18.45
8578.000 18.45
8579.000 18.45
8580.000 18.45
8581.000 18.45
8582.000 18.45
8583.000 18.45
8584.000 18.45
8585.000 18.45
8586.000 18.45
8587.000 18.45
8588.000 18.44
8589.000 18.44
8590.000 18.44
8591.000 18.44
8592.000 18.44
8593.000 18.44
8594.000 18.44
8595.000 18.44
8596.000 18.44
8597.000 18.44
8598.000 18.44
8599.000 18.44
8600.000 18.43
8601.000 18.43
8602.000 18.43
8603.000 18.43
8604.000 18.43
8605.000 18.43
8606.000 18.43
8607.000 18.43
8608.000 18.43
8609.000 18.43
8610.000 18.43
8611.000 18.42
8612.000 18.42
8613.000 18.42
8614.000 18.42
8615.000 18.42
8616.000 18.42
8617.000 18.42
8618.000 18.42
8619.000 18.42
8620.000 18.42
8621.000 18.42
8622.000 18.42
8623.000 18.41
8624.000 18.41
8625.000 18.41
8626.000 18.41
8627.000 18.41
8628.000 18.41
8629.000 18.41
8630.000 18.41
8631.000 18.41
8632.000 18.41
8633.000 18.41
8634.000 18.40
8635.000 18.40
8636.000 18.40
8637.000 18.40
8638.000 18.40
8639.000 18.40
8640.000 18.40
8641.000 18.40
8642.000 18.40
8643.000 18.40
8644.000 18.40
8645.000 18.40
8646.000 18.39
8647.000 18.39
8648.000 18.39
8649.000 18.39
8650.000 18.39
8651.000 18.39
8652.000 18.39
8653.000 18.39
8654.000 18.39
8655.000 18.39
8656.000 18.39
8657.000 18.38
8658.000 18.38
8659.000 18.38
8660.000 18.38
8661.000 18.38
8662.000 18.38
8663.000 18.38
8664.000 18.38
8665.000 18.38
8666.000 18.38
8667.000 18.38
8668.000 18.37
8669.000 18.37
8670.000 18.37
8671.000 18.37
8672.000 18.37
8673.000 18.37
8674.000 18.37
8675.000 18.37
8676.000 18.37
8677.000 18.37
8678.000 18.37
8679.000 18.36
8680.000 18.36
8681.000 18.36
8682.000 18.36
8683.000 18.36
8684.000 18.36
8685.000 18.36
8686.000 18.36
8687.000 18.36
8688.000 18.36
8689.000 18.35
8690.000 18.35
8691.000 18.35
8692.000 18.35
8693.000 18.35
8694.000 18.35
8695.000 18.35
8696.000 18.35
8697.000 18.35
8698.000 18.35
8699.000 18.35
8700.000 18.34
8701.000 18.34
8702.000 18.34
8703.000 18.34
8704.000 18.34
8705.000 18.34
8706.000 18.34
8707.000 18.34
8708.000 18.34
8709.000 18.34
8710.000 18.34
8711.000 18.33
8712.000 18.33
8713.000 18.33
8714.000 18.33
8715.000 18.33
8716.000 18.33
8717.000 18.33
8718.000 18.33
8719.000 18.33
8720.000 18.33
8721.000 18.32
8722.000 18.32
8723.000 18.32
8724.000 18.32
8725.000 18.32
8726.000 18.32
8727.000 18.32
8728.000 18.32
8729.000 18.32
8730.000 18.32
8731.000 18.31
8732.000 18.31
8733.000 18.31
8734.000 18.31
8735.000 18.31
8736.000 18.31
8737.000 18.31
8738.000 18.31
8739.000 18.31
8740.000 18.31
8741.000 18.31
8742.000 18.30
8743.000 18.30
8744.000 18.30
8745.000 18.30
8746.000 18.30
8747.000 18.30
8748.000 18.30
8749.000 18.30
8750.000 18.30
8751.000 18.29
8752.000 18.29
8753.000 18.29
8754.000 18.29
8755.000 18.29
8756.000 18.29
8757.000 18.29
8758.000 18.29
8759.000 18.29
8760.000 18.29
8761.000 18.29
8762.000 18.28
8763.000 18.28
8764.000 18.28
8765.000 18.28
8766.000 18.28
8767.000 18.28
8768.000 18.28
8769.000 18.28
8770.000 18.28
8771.000 18.28
8772.000 18.27
8773.000 18.27
8774.000 18.27
8775.000 18.27
8776.000 18.27
8777.000 18.27
8778.000 18.27
8779.000 18.27
8780.000 18.27
8781.000 18.27
8782.000 18.26
8783.000 18.26
8784.000 18.26
8785.000 18.26
8786.000 18.26
8787.000 18.26
8788.000 18.26
8789.000 18.26
8790.000 18.26
8791.000 18.25
8792.000 18.25
8793.000 18.25
8794.000 18.25
8795.000 18.25
8796.000 18.25
8797.000 18.25
8798.000 18.25
8799.000 18.25
8800.000 18.25
8801.000 18.24
8802.000 18.24
8803.000 18.24
8804.000 18.24
8805.000 18.24
8806.000 18.24
8807.000 18.24
8808.000 18.24
8809.000 18.24
8810.000 18.24
8811.000 18.23
8812.000 18.23
8813.000 18.23
8814.000 18.23
8815.000 18.23
8816.000 18.23
8817.000 18.23
8818.000 18.23
8819.000 18.23
8820.000 18.22
8821.000 18.22
8822.000 18.22
8823.000 18.22
8824.000 18.22
8825.000 18.22
8826.000 18.22
8827.000 18.22
8828.000 18.22
8829.000 18.22
8830.000 18.21
8831.000 18.21
8832.000 18.21
8833.000 18.21
8834.000 18.21
8835.000 18.21
8836.000 18.21
8837.000 18.21
8838.000 18.20
8839.000 18.20
8840.000 18.20
8841.000 18.20
8842.000 18.20
8843.000 18.20
8844.000 18.20
8845.000 18.20
8846.000 18.20
8847.000 18.20
8848.000 18.19
8849.000 18.19
8850.000 18.19
8851.000 18.19
8852.000 18.19
8853.000 18.19
8854.000 18.19
8855.000 18.19
8856.000 18.19
8857.000 18.18
8858.000 18.18
8859.000 18.18
8860.000 18.18
8861.000 18.18
8862.000 18.18
8863.000 18.18
8864.000 18.18
8865.000 18.18
8866.000 18.18
8867.000 18.17
8868.000 18.17
8869.000 18.17
8870.000 18.17
8871.000 18.17
8872.000 18.17
8873.000 18.17
8874.000 18.17
8875.000 18.16
8876.000 18.16
8877.000 18.16
8878.000 18.16
8879.000 18.16
8880.000 18.16
8881.000 18.16
8882.000 18.15
8883.000 18.16
8884.000 18.15
8885.000 18.15
8886.000 18.15
8887.000 18.15
8888.000 18.15
8889.000 18.15
8890.000 18.15
8891.000 18.15
8892.000 18.15
8893.000 18.14
8894.000 18.14
8895.000 18.14
8896.000 18.14
8897.000 18.14
8898.000 18.14
8899.000 18.13
8900.000 18.14
8901.000 18.14
8902.000 18.13
8903.000 18.12
8904.000 18.13
8905.000 18.13
8906.000 18.13
8907.000 18.13
8908.000 18.13
8909.000 18.13
8910.000 18.12
8911.000 18.12
8912.000 18.12
8913.000 18.12
8914.000 18.12
8915.000 18.12
8916.000 18.12
8917.000 18.12
8918.000 18.12
8919.000 18.11
8920.000 18.08
8921.000 18.11
8922.000 18.10
8923.000 18.11
8924.000 18.11
8925.000 18.11
8926.000 18.11
8927.000 18.11
8928.000 18.10
8929.000 18.10
8930.000 18.10
8931.000 18.10
8932.000 18.09
8933.000 18.09
8934.000 18.10
8935.000 18.09
8936.000 18.09
8937.000 18.09
8938.000 18.09
8939.000 18.09
8940.000 18.09
8941.000 18.09
8942.000 18.09
8943.000 18.05
8944.000 18.08
8945.000 18.08
8946.000 18.08
8947.000 18.08
8948.000 18.08
8949.000 18.05
8950.000 18.08
8951.000 18.03
8952.000 18.08
8953.000 18.07
8954.000 18.07
8955.000 18.07
8956.000 18.07
8957.000 18.05
8958.000 18.06
8959.000 18.07
8960.000 18.06
8961.000 18.04
8962.000 18.06
8963.000 18.06
8964.000 18.06
8965.000 17.86
8966.000 17.82
8967.000 18.06
8968.000 17.76
8969.000 18.00
8970.000 18.05
8971.000 18.05
8972.000 18.05
8973.000 18.05
8974.000 17.76
8975.000 18.04
8976.000 18.04
8977.000 18.02
8978.000 18.04
8979.000 18.01
8980.000 18.04
8981.000 18.04
8982.000 18.04
8983.000 17.22
8984.000 18.02
8985.000 18.04
8986.000 18.03
8987.000 18.03
8988.000 18.03
8989.000 17.59
8990.000 17.48
8991.000 18.02
8992.000 17.93
8993.000 17.99
8994.000 17.85
8995.000 18.01
8996.000 18.01
8997.000 18.02
8998.000 18.02
8999.000 18.02
9000.000 18.02
