# lambda zeropoint
4230.000 19.13
4232.000 19.13
4234.000 19.14
4236.000 19.15
4238.000 19.15
4240.000 19.16
4242.000 19.16
4244.000 19.17
4246.000 19.17
4248.000 19.18
4250.000 19.18
4252.000 19.19
4254.000 19.19
4256.000 19.20
4258.000 19.20
4260.000 19.21
4262.000 19.21
4264.000 19.21
4266.000 19.22
4268.000 19.22
4270.000 19.23
4272.000 19.23
4274.000 19.24
4276.000 19.24
4278.000 19.25
4280.000 19.25
4282.000 19.26
4284.000 19.26
4286.000 19.26
4288.000 19.27
4290.000 19.27
4292.000 19.28
4294.000 19.28
4296.000 19.29
4298.000 19.29
4300.000 19.29
4302.000 19.30
4304.000 19.30
4306.000 19.31
4308.000 19.31
4310.000 19.31
4312.000 19.32
4314.000 19.32
4316.000 19.33
4318.000 19.33
4320.000 19.33
4322.000 19.34
4324.000 19.34
4326.000 19.35
4328.000 19.35
4330.000 19.35
4332.000 19.36
4334.000 19.36
4336.000 19.36
4338.000 19.37
4340.000 19.37
4342.000 19.37
4344.000 19.38
4346.000 19.38
4348.000 19.38
4350.000 19.39
4352.000 19.39
4354.000 19.40
4356.000 19.40
4358.000 19.40
4360.000 19.40
4362.000 19.41
4364.000 19.41
4366.000 19.41
4368.000 19.42
4370.000 19.42
4372.000 19.42
4374.000 19.43
4376.000 19.43
4378.000 19.43
4380.000 19.44
4382.000 19.44
4384.000 19.44
4386.000 19.45
4388.000 19.45
4390.000 19.45
4392.000 19.45
4394.000 19.46
4396.000 19.46
4398.000 19.46
4400.000 19.46
4402.000 19.47
4404.000 19.47
4406.000 19.47
4408.000 19.48
4410.000 19.48
4412.000 19.48
4414.000 19.48
4416.000 19.49
4418.000 19.49
4420.000 19.49
4422.000 19.49
4424.000 19.50
4426.000 19.50
4428.000 19.50
4430.000 19.50
4432.000 19.51
4434.000 19.51
4436.000 19.51
4438.000 19.51
4440.000 19.51
4442.000 19.52
4444.000 19.52
4446.000 19.52
4448.000 19.52
4450.000 19.53
4452.000 19.53
4454.000 19.53
4456.000 19.53
4458.000 19.53
4460.000 19.54
4462.000 19.54
4464.000 19.54
4466.000 19.54
4468.000 19.54
4470.000 19.55
4472.000 19.55
4474.000 19.55
4476.000 19.55
4478.000 19.55
4480.000 19.56
4482.000 19.56
4484.000 19.56
4486.000 19.56
4488.000 19.56
4490.000 19.56
4492.000 19.57
4494.000 19.57
4496.000 19.57
4498.000 19.57
4500.000 19.57
4502.000 19.57
4504.000 19.58
4506.000 19.58
4508.000 19.58
4510.000 19.58
4512.000 19.58
4514.000 19.58
4516.000 19.59
4518.000 19.59
4520.000 19.59
4522.000 19.59
4524.000 19.59
4526.000 19.59
4528.000 19.59
4530.000 19.60
4532.000 19.60
4534.000 19.60
4536.000 19.60
4538.000 19.60
4540.000 19.60
4542.000 19.60
4544.000 19.61
4546.000 19.61
4548.000 19.61
4550.000 19.61
4552.000 19.61
4554.000 19.61
4556.000 19.61
4558.000 19.61
4560.000 19.62
4562.000 19.62
4564.000 19.62
4566.000 19.62
4568.000 19.62
4570.000 19.62
4572.000 19.62
4574.000 19.62
4576.000 19.62
4578.000 19.62
4580.000 19.63
4582.000 19.63
4584.000 19.63
4586.000 19.63
4588.000 19.63
4590.000 19.63
4592.000 19.63
4594.000 19.63
4596.000 19.63
4598.000 19.63
4600.000 19.63
4602.000 19.64
4604.000 19.64
4606.000 19.64
4608.000 19.64
4610.000 19.64
4612.000 19.64
4614.000 19.64
4616.000 19.64
4618.000 19.64
4620.000 19.64
4622.000 19.64
4624.000 19.64
4626.000 19.64
4628.000 19.65
4630.000 19.65
4632.000 19.65
4634.000 19.65
4636.000 19.65
4638.000 19.65
4640.000 19.65
4642.000 19.65
4644.000 19.65
4646.000 19.65
4648.000 19.65
4650.000 19.65
4652.000 19.65
4654.000 19.65
4656.000 19.66
4658.000 19.66
4660.000 19.66
4662.000 19.66
4664.000 19.66
4666.000 19.66
4668.000 19.66
4670.000 19.66
4672.000 19.66
4674.000 19.66
4676.000 19.66
4678.000 19.66
4680.000 19.66
4682.000 19.66
4684.000 19.66
4686.000 19.66
4688.000 19.66
4690.000 19.66
4692.000 19.66
4694.000 19.66
4696.000 19.66
4698.000 19.66
4700.000 19.67
4702.000 19.67
4704.000 19.67
4706.000 19.67
4708.000 19.67
4710.000 19.67
4712.000 19.67
4714.000 19.67
4716.000 19.67
4718.000 19.67
4720.000 19.67
4722.000 19.67
4724.000 19.67
4726.000 19.67
4728.000 19.67
4730.000 19.67
4732.000 19.67
4734.000 19.67
4736.000 19.67
4738.000 19.67
4740.000 19.67
4742.000 19.67
4744.000 19.67
4746.000 19.67
4748.000 19.67
4750.000 19.67
4752.000 19.67
4754.000 19.67
4756.000 19.67
4758.000 19.67
4760.000 19.67
4762.000 19.67
4764.000 19.67
4766.000 19.67
4768.000 19.67
4770.000 19.67
4772.000 19.67
4774.000 19.67
4776.000 19.67
4778.000 19.67
4780.000 19.67
4782.000 19.67
4784.000 19.67
4786.000 19.67
4788.000 19.67
4790.000 19.67
4792.000 19.68
4794.000 19.68
4796.000 19.68
4798.000 19.68
4800.000 19.68
4802.000 19.68
4804.000 19.68
4806.000 19.68
4808.000 19.68
4810.000 19.68
4812.000 19.68
4814.000 19.68
4816.000 19.68
4818.000 19.68
4820.000 19.68
4822.000 19.68
4824.000 19.68
4826.000 19.68
4828.000 19.68
4830.000 19.68
4832.000 19.68
4834.000 19.68
4836.000 19.68
4838.000 19.68
4840.000 19.68
4842.000 19.68
4844.000 19.68
4846.000 19.68
4848.000 19.68
4850.000 19.68
4852.000 19.68
4854.000 19.68
4856.000 19.69
4858.000 19.69
4860.000 19.69
4862.000 19.69
4864.000 19.69
4866.000 19.69
4868.000 19.69
4870.000 19.69
4872.000 19.69
4874.000 19.69
4876.000 19.69
4878.000 19.69
4880.000 19.69
4882.000 19.69
4884.000 19.69
4886.000 19.69
4888.000 19.69
4890.000 19.69
4892.000 19.69
4894.000 19.69
4896.000 19.69
4898.000 19.69
4900.000 19.69
4902.000 19.69
4904.000 19.69
4906.000 19.69
4908.000 19.69
4910.000 19.69
4912.000 19.69
4914.000 19.69
4916.000 19.69
4918.000 19.69
4920.000 19.69
4922.000 19.69
4924.000 19.69
4926.000 19.69
4928.000 19.69
4930.000 19.69
4932.000 19.69
4934.000 19.69
4936.000 19.69
4938.000 19.69
4940.000 19.69
4942.000 19.69
4944.000 19.69
4946.000 19.69
4948.000 19.69
4950.000 19.69
4952.000 19.69
4954.000 19.69
4956.000 19.69
4958.000 19.69
4960.000 19.69
4962.000 19.69
4964.000 19.69
4966.000 19.69
4968.000 19.69
4970.000 19.69
4972.000 19.69
4974.000 19.69
4976.000 19.69
4978.000 19.69
4980.000 19.69
4982.000 19.69
4984.000 19.69
4986.000 19.69
4988.000 19.69
4990.000 19.69
4992.000 19.69
4994.000 19.69
4996.000 19.69
4998.000 19.69
5000.000 19.69
5002.000 19.69
5004.000 19.69
5006.000 19.69
5008.000 19.69
5010.000 19.69
5012.000 19.69
5014.000 19.69
5016.000 19.69
5018.000 19.69
5020.000 19.69
5022.000 19.69
5024.000 19.69
5026.000 19.69
5028.000 19.69
5030.000 19.69
5032.000 19.69
5034.000 19.69
5036.000 19.68
5038.000 19.69
5040.000 19.69
5042.000 19.69
5044.000 19.69
5046.000 19.69
5048.000 19.69
5050.000 19.69
5052.000 19.69
5054.000 19.69
5056.000 19.69
5058.000 19.69
5060.000 19.69
5062.000 19.69
5064.000 19.69
5066.000 19.69
5068.000 19.69
5070.000 19.69
5072.000 19.69
5074.000 19.69
5076.000 19.69
5078.000 19.69
5080.000 19.69
5082.000 19.69
5084.000 19.69
5086.000 19.69
5088.000 19.68
5090.000 19.69
5092.000 19.69
5094.000 19.68
5096.000 19.69
5098.000 19.69
5100.000 19.69
5102.000 19.69
5104.000 19.69
5106.000 19.69
5108.000 19.69
5110.000 19.69
5112.000 19.68
5114.000 19.68
5116.000 19.68
5118.000 19.68
5120.000 19.68
5122.000 19.68
5124.000 19.68
5126.000 19.68
5128.000 19.68
5130.000 19.68
5132.000 19.68
5134.000 19.68
5136.000 19.68
5138.000 19.68
5140.000 19.68
5142.000 19.68
5144.000 19.68
5146.000 19.68
5148.000 19.68
5150.000 19.68
5152.000 19.68
5154.000 19.68
5156.000 19.68
5158.000 19.68
5160.000 19.68
5162.000 19.68
5164.000 19.68
5166.000 19.68
5168.000 19.68
5170.000 19.68
5172.000 19.68
5174.000 19.68
5176.000 19.68
5178.000 19.68
5180.000 19.68
5182.000 19.68
5184.000 19.68
5186.000 19.68
5188.000 19.68
5190.000 19.68
5192.000 19.68
5194.000 19.68
5196.000 19.68
5198.000 19.68
5200.000 19.68
5202.000 19.68
5204.000 19.68
5206.000 19.68
5208.000 19.68
5210.000 19.67
5212.000 19.67
5214.000 19.67
5216.000 19.67
5218.000 19.67
5220.000 19.67
5222.000 19.67
5224.000 19.67
5226.000 19.67
5228.000 19.67
5230.000 19.67
5232.000 19.67
5234.000 19.67
5236.000 19.67
5238.000 19.67
5240.000 19.67
5242.000 19.67
5244.000 19.67
5246.000 19.67
5248.000 19.67
5250.000 19.67
5252.000 19.67
5254.000 19.67
5256.000 19.67
5258.000 19.67
5260.000 19.67
5262.000 19.67
5264.000 19.66
5266.000 19.66
5268.000 19.66
5270.000 19.66
5272.000 19.66
5274.000 19.66
5276.000 19.66
5278.000 19.66
5280.000 19.66
5282.000 19.66
5284.000 19.66
5286.000 19.66
5288.000 19.66
5290.000 19.66
5292.000 19.66
5294.000 19.66
5296.000 19.66
5298.000 19.66
5300.000 19.66
5302.000 19.66
5304.000 19.66
5306.000 19.66
5308.000 19.66
5310.000 19.65
5312.000 19.65
5314.000 19.65
5316.000 19.65
5318.000 19.65
5320.000 19.65
5322.000 19.65
5324.000 19.65
5326.000 19.65
5328.000 19.65
5330.000 19.65
5332.000 19.65
5334.000 19.65
5336.000 19.65
5338.000 19.65
5340.000 19.65
5342.000 19.65
5344.000 19.65
5346.000 19.65
5348.000 19.65
5350.000 19.65
5352.000 19.65
5354.000 19.65
5356.000 19.65
5358.000 19.65
5360.000 19.65
5362.000 19.65
5364.000 19.65
5366.000 19.64
5368.000 19.64
5370.000 19.64
5372.000 19.64
5374.000 19.64
5376.000 19.64
5378.000 19.64
5380.000 19.64
5382.000 19.64
5384.000 19.64
5386.000 19.64
5388.000 19.64
5390.000 19.64
5392.000 19.64
5394.000 19.64
5396.000 19.64
5398.000 19.64
5400.000 19.64
5402.000 19.64
5404.000 19.64
5406.000 19.64
5408.000 19.64
5410.000 19.64
5412.000 19.64
5414.000 19.63
5416.000 19.63
5418.000 19.63
5420.000 19.63
5422.000 19.63
5424.000 19.63
5426.000 19.63
5428.000 19.63
5430.000 19.63
5432.000 19.63
5434.000 19.63
5436.000 19.63
5438.000 19.63
5440.000 19.63
5442.000 19.63
5444.000 19.63
5446.000 19.63
5448.000 19.63
5450.000 19.63
5452.000 19.63
5454.000 19.62
5456.000 19.62
5458.000 19.62
5460.000 19.62
5462.000 19.62
5464.000 19.62
5466.000 19.62
5468.000 19.62
5470.000 19.62
5472.000 19.62
5474.000 19.62
5476.000 19.62
5478.000 19.62
5480.000 19.62
5482.000 19.62
5484.000 19.62
5486.000 19.62
5488.000 19.62
5490.000 19.62
5492.000 19.62
5494.000 19.61
5496.000 19.61
5498.000 19.61
5500.000 19.61
5502.000 19.61
5504.000 19.61
5506.000 19.61
5508.000 19.61
5510.000 19.61
5512.000 19.61
5514.000 19.61
5516.000 19.61
5518.000 19.61
5520.000 19.61
5522.000 19.61
5524.000 19.61
5526.000 19.61
5528.000 19.61
5530.000 19.60
5532.000 19.60
5534.000 19.60
5536.000 19.60
5538.000 19.60
5540.000 19.60
5542.000 19.60
5544.000 19.60
5546.000 19.60
5548.000 19.60
5550.000 19.60
5552.000 19.60
5554.000 19.60
5556.000 19.60
5558.000 19.60
5560.000 19.60
5562.000 19.60
5564.000 19.59
5566.000 19.59
5568.000 19.59
5570.000 19.59
5572.000 19.59
5574.000 19.59
5576.000 19.59
5578.000 19.59
5580.000 19.59
5582.000 19.59
5584.000 19.59
5586.000 19.59
5588.000 19.59
5590.000 19.59
5592.000 19.59
5594.000 19.58
5596.000 19.58
5598.000 19.58
5600.000 19.58
5602.000 19.58
5604.000 19.58
5606.000 19.58
5608.000 19.58
5610.000 19.58
5612.000 19.58
5614.000 19.58
5616.000 19.58
5618.000 19.58
5620.000 19.58
5622.000 19.58
5624.000 19.57
5626.000 19.57
5628.000 19.57
5630.000 19.57
5632.000 19.57
5634.000 19.57
5636.000 19.57
5638.000 19.57
5640.000 19.57
5642.000 19.57
5644.000 19.57
5646.000 19.57
5648.000 19.57
5650.000 19.57
5652.000 19.56
5654.000 19.56
5656.000 19.56
5658.000 19.56
5660.000 19.56
5662.000 19.56
5664.000 19.56
5666.000 19.56
5668.000 19.56
5670.000 19.56
5672.000 19.56
5674.000 19.56
5676.000 19.56
5678.000 19.55
5680.000 19.55
5682.000 19.55
5684.000 19.55
5686.000 19.55
5688.000 19.55
5690.000 19.55
5692.000 19.54
5694.000 19.54
5696.000 19.55
5698.000 19.55
5700.000 19.55
5702.000 19.55
5704.000 19.54
5706.000 19.54
5708.000 19.54
5710.000 19.54
5712.000 19.54
5714.000 19.54
5716.000 19.54
5718.000 19.54
5720.000 19.54
5722.000 19.54
5724.000 19.54
5726.000 19.54
5728.000 19.54
5730.000 19.53
5732.000 19.53
5734.000 19.53
5736.000 19.53
5738.000 19.53
5740.000 19.53
5742.000 19.53
5744.000 19.53
5746.000 19.53
5748.000 19.53
5750.000 19.53
5752.000 19.53
5754.000 19.53
5756.000 19.53
5758.000 19.53
5760.000 19.52
5762.000 19.52
5764.000 19.52
5766.000 19.52
5768.000 19.52
5770.000 19.52
5772.000 19.52
5774.000 19.52
5776.000 19.52
5778.000 19.52
5780.000 19.52
5782.000 19.52
5784.000 19.52
5786.000 19.52
5788.000 19.52
5790.000 19.52
5792.000 19.52
5794.000 19.52
5796.000 19.52
5798.000 19.52
5800.000 19.52
5802.000 19.52
5804.000 19.52
5806.000 19.52
5808.000 19.52
5810.000 19.52
5812.000 19.52
5814.000 19.51
5816.000 19.51
5818.000 19.51
5820.000 19.51
5822.000 19.51
5824.000 19.51
5826.000 19.51
5828.000 19.51
5830.000 19.51
