# lambda zeropoint
3613.200 11.82
3617.400 11.94
3621.600 12.05
3625.800 12.16
3630.000 12.28
3634.200 12.38
3638.400 12.49
3642.600 12.60
3646.800 12.70
3651.000 12.80
3655.200 12.90
3659.400 12.99
3663.600 13.09
3667.800 13.18
3672.000 13.27
3676.200 13.36
3680.400 13.44
3684.600 13.53
3688.800 13.61
3693.000 13.69
3697.200 13.77
3701.400 13.85
3705.600 13.93
3709.800 14.00
3714.000 14.08
3718.200 14.15
3722.400 14.22
3726.600 14.29
3730.800 14.36
3735.000 14.43
3739.200 14.49
3743.400 14.55
3747.600 14.62
3751.800 14.68
3756.000 14.74
3760.200 14.80
3764.400 14.85
3768.600 14.91
3772.800 14.97
3777.000 15.02
3781.200 15.07
3785.400 15.13
3789.600 15.18
3793.800 15.23
3798.000 15.28
3802.200 15.32
3806.400 15.37
3810.600 15.42
3814.800 15.46
3819.000 15.51
3823.200 15.55
3827.400 15.59
3831.600 15.63
3835.800 15.68
3840.000 15.72
3844.200 15.75
3848.400 15.79
3852.600 15.83
3856.800 15.87
3861.000 15.90
3865.200 15.94
3869.400 15.98
3873.600 16.01
3877.800 16.04
3882.000 16.08
3886.200 16.11
3890.400 16.14
3894.600 16.17
3898.800 16.20
3903.000 16.23
3907.200 16.26
3911.400 16.29
3915.600 16.32
3919.800 16.35
3924.000 16.37
3928.200 16.40
3932.400 16.43
3936.600 16.45
3940.800 16.48
3945.000 16.50
3949.200 16.53
3953.400 16.55
3957.600 16.58
3961.800 16.60
3966.000 16.62
3970.200 16.64
3974.400 16.67
3978.600 16.69
3982.800 16.71
3987.000 16.73
3991.200 16.75
3995.400 16.77
3999.600 16.79
4003.800 16.81
4008.000 16.83
4012.200 16.85
4016.400 16.87
4020.600 16.89
4024.800 16.91
4029.000 16.92
4033.200 16.94
4037.400 16.96
4041.600 16.98
4045.800 16.99
4050.000 17.01
4054.200 17.03
4058.400 17.04
4062.600 17.06
4066.800 17.07
4071.000 17.09
4075.200 17.10
4079.400 17.12
4083.600 17.14
4087.800 17.15
4092.000 17.16
4096.200 17.18
4100.400 17.19
4104.600 17.21
4108.800 17.22
4113.000 17.24
4117.200 17.25
4121.400 17.26
4125.600 17.28
4129.800 17.29
4134.000 17.30
4138.200 17.31
4142.400 17.33
4146.600 17.34
4150.800 17.35
4155.000 17.36
4159.200 17.38
4163.400 17.39
4167.600 17.40
4171.800 17.41
4176.000 17.43
4180.200 17.44
4184.400 17.45
4188.600 17.46
4192.800 17.47
4197.000 17.48
4201.200 17.49
4205.400 17.50
4209.600 17.52
4213.800 17.53
4218.000 17.54
4222.200 17.55
4226.400 17.56
4230.600 17.57
4234.800 17.58
4239.000 17.59
4243.200 17.60
4247.400 17.61
4251.600 17.62
4255.800 17.63
4260.000 17.64
4264.200 17.65
4268.400 17.66
4272.600 17.67
4276.800 17.68
4281.000 17.69
4285.200 17.70
4289.400 17.71
4293.600 17.72
4297.800 17.73
4302.000 17.74
4306.200 17.75
4310.400 17.76
4314.600 17.77
4318.800 17.78
4323.000 17.79
4327.200 17.80
4331.400 17.80
4335.600 17.81
4339.800 17.82
4344.000 17.83
4348.200 17.84
4352.400 17.85
4356.600 17.86
4360.800 17.87
4365.000 17.88
4369.200 17.89
4373.400 17.89
4377.600 17.90
4381.800 17.91
4386.000 17.92
4390.200 17.93
4394.400 17.94
4398.600 17.95
4402.800 17.95
4407.000 17.96
4411.200 17.97
4415.400 17.98
4419.600 17.99
4423.800 18.00
4428.000 18.00
4432.200 18.01
4436.400 18.02
4440.600 18.03
4444.800 18.04
4449.000 18.05
4453.200 18.05
4457.400 18.06
4461.600 18.07
4465.800 18.08
4470.000 18.09
4474.200 18.09
4478.400 18.10
4482.600 18.11
4486.800 18.12
4491.000 18.12
4495.200 18.13
4499.400 18.14
4503.600 18.15
4507.800 18.15
4512.000 18.16
4516.200 18.17
4520.400 18.18
4524.600 18.18
4528.800 18.19
4533.000 18.20
4537.200 18.21
4541.400 18.21
4545.600 18.22
4549.800 18.23
4554.000 18.24
4558.200 18.24
4562.400 18.25
4566.600 18.26
4570.800 18.27
4575.000 18.27
4579.200 18.28
4583.400 18.29
4587.600 18.29
4591.800 18.30
4596.000 18.31
4600.200 18.31
4604.400 18.32
4608.600 18.33
4612.800 18.33
4617.000 18.34
4621.200 18.35
4625.400 18.35
4629.600 18.36
4633.800 18.37
4638.000 18.37
4642.200 18.38
4646.400 18.39
4650.600 18.39
4654.800 18.40
4659.000 18.41
4663.200 18.41
4667.400 18.42
4671.600 18.43
4675.800 18.43
4680.000 18.44
4684.200 18.44
4688.400 18.45
4692.600 18.46
4696.800 18.46
4701.000 18.47
4705.200 18.48
4709.400 18.48
4713.600 18.49
4717.800 18.49
4722.000 18.50
4726.200 18.51
4730.400 18.51
4734.600 18.52
4738.800 18.52
4743.000 18.53
4747.200 18.53
4751.400 18.54
4755.600 18.55
4759.800 18.55
4764.000 18.56
4768.200 18.56
4772.400 18.57
4776.600 18.57
4780.800 18.58
4785.000 18.58
4789.200 18.59
4793.400 18.59
4797.600 18.60
4801.800 18.60
4806.000 18.61
4810.200 18.62
4814.400 18.62
4818.600 18.63
4822.800 18.63
4827.000 18.64
4831.200 18.64
4835.400 18.65
4839.600 18.65
4843.800 18.66
4848.000 18.66
4852.200 18.66
4856.400 18.67
4860.600 18.67
4864.800 18.68
4869.000 18.68
4873.200 18.69
4877.400 18.69
4881.600 18.70
4885.800 18.70
4890.000 18.71
4894.200 18.71
4898.400 18.72
4902.600 18.72
4906.800 18.72
4911.000 18.73
4915.200 18.73
4919.400 18.74
4923.600 18.74
4927.800 18.75
4932.000 18.75
4936.200 18.75
4940.400 18.76
4944.600 18.76
4948.800 18.77
4953.000 18.77
4957.200 18.77
4961.400 18.78
4965.600 18.78
4969.800 18.79
4974.000 18.79
4978.200 18.79
4982.400 18.80
4986.600 18.80
4990.800 18.81
4995.000 18.81
4999.200 18.81
5003.400 18.82
5007.600 18.82
5011.800 18.82
5016.000 18.83
5020.200 18.83
5024.400 18.83
5028.600 18.84
5032.800 18.84
5037.000 18.85
5041.200 18.85
5045.400 18.85
5049.600 18.86
5053.800 18.86
5058.000 18.86
5062.200 18.87
5066.400 18.87
5070.600 18.87
5074.800 18.87
5079.000 18.88
5083.200 18.88
5087.400 18.88
5091.600 18.89
5095.800 18.89
5100.000 18.89
5104.200 18.90
5108.400 18.90
5112.600 18.90
5116.800 18.90
5121.000 18.91
5125.200 18.91
5129.400 18.91
5133.600 18.92
5137.800 18.92
5142.000 18.92
5146.200 18.92
5150.400 18.93
5154.600 18.93
5158.800 18.93
5163.000 18.94
5167.200 18.94
5171.400 18.94
5175.600 18.94
5179.800 18.95
5184.000 18.95
5188.200 18.95
5192.400 18.95
5196.600 18.96
5200.800 18.96
5205.000 18.96
5209.200 18.96
5213.400 18.97
5217.600 18.97
5221.800 18.97
5226.000 18.97
5230.200 18.97
5234.400 18.98
5238.600 18.98
5242.800 18.98
5247.000 18.98
5251.200 18.99
5255.400 18.99
5259.600 18.99
5263.800 18.99
5268.000 18.99
5272.200 19.00
5276.400 19.00
5280.600 19.00
5284.800 19.00
5289.000 19.00
5293.200 19.01
5297.400 19.01
5301.600 19.01
5305.800 19.01
5310.000 19.01
5314.200 19.02
5318.400 19.02
5322.600 19.02
5326.800 19.02
5331.000 19.02
5335.200 19.03
5339.400 19.03
5343.600 19.03
5347.800 19.03
5352.000 19.03
5356.200 19.03
5360.400 19.04
5364.600 19.04
5368.800 19.04
5373.000 19.04
5377.200 19.04
5381.400 19.04
5385.600 19.05
5389.800 19.05
5394.000 19.05
5398.200 19.05
5402.400 19.05
5406.600 19.05
5410.800 19.06
5415.000 19.06
5419.200 19.06
5423.400 19.06
5427.600 19.06
5431.800 19.06
5436.000 19.06
5440.200 19.07
5444.400 19.07
5448.600 19.07
5452.800 19.07
5457.000 19.07
5461.200 19.07
5465.400 19.07
5469.600 19.08
5473.800 19.08
5478.000 19.08
5482.200 19.08
5486.400 19.08
5490.600 19.08
5494.800 19.08
5499.000 19.09
5503.200 19.09
5507.400 19.09
5511.600 19.09
5515.800 19.09
5520.000 19.09
5524.200 19.09
5528.400 19.09
5532.600 19.10
5536.800 19.10
5541.000 19.10
5545.200 19.10
5549.400 19.10
5553.600 19.10
5557.800 19.10
5562.000 19.10
5566.200 19.10
5570.400 19.11
5574.600 19.11
5578.800 19.11
5583.000 19.11
5587.200 19.11
5591.400 19.11
5595.600 19.11
5599.800 19.11
5604.000 19.11
5608.200 19.12
5612.400 19.12
5616.600 19.12
5620.800 19.12
5625.000 19.12
5629.200 19.12
5633.400 19.12
5637.600 19.12
5641.800 19.12
5646.000 19.12
5650.200 19.13
5654.400 19.13
5658.600 19.13
5662.800 19.13
5667.000 19.13
5671.200 19.13
5675.400 19.13
5679.600 19.13
5683.800 19.13
5688.000 19.13
5692.200 19.13
5696.400 19.14
5700.600 19.14
5704.800 19.14
5709.000 19.14
5713.200 19.14
5717.400 19.14
5721.600 19.14
5725.800 19.14
5730.000 19.14
5734.200 19.14
5738.400 19.14
5742.600 19.14
5746.800 19.15
5751.000 19.15
5755.200 19.15
5759.400 19.15
5763.600 19.15
5767.800 19.15
5772.000 19.15
5776.200 19.15
5780.400 19.15
5784.600 19.15
5788.800 19.15
5793.000 19.15
5797.200 19.15
5801.400 19.16
5805.600 19.16
5809.800 19.16
5814.000 19.16
5818.200 19.16
5822.400 19.16
5826.600 19.16
5830.800 19.16
5835.000 19.16
5839.200 19.16
5843.400 19.16
5847.600 19.16
5851.800 19.16
5856.000 19.16
5860.200 19.17
5864.400 19.17
5868.600 19.17
5872.800 19.17
5877.000 19.17
5881.200 19.17
5885.400 19.17
5889.600 19.17
5893.800 19.17
5898.000 19.17
5902.200 19.17
5906.400 19.17
5910.600 19.17
5914.800 19.17
5919.000 19.17
5923.200 19.17
5927.400 19.17
5931.600 19.18
5935.800 19.18
5940.000 19.18
5944.200 19.18
5948.400 19.18
5952.600 19.18
5956.800 19.18
5961.000 19.18
5965.200 19.18
5969.400 19.18
5973.600 19.18
5977.800 19.18
5982.000 19.18
5986.200 19.18
5990.400 19.18
5994.600 19.18
5998.800 19.18
6003.000 19.18
6007.200 19.18
6011.400 19.18
6015.600 19.18
6019.800 19.19
6024.000 19.19
6028.200 19.19
6032.400 19.19
6036.600 19.19
6040.800 19.19
6045.000 19.19
6049.200 19.19
6053.400 19.19
6057.600 19.19
6061.800 19.19
6066.000 19.19
6070.200 19.19
6074.400 19.19
6078.600 19.19
6082.800 19.19
6087.000 19.19
6091.200 19.19
6095.400 19.19
6099.600 19.19
6103.800 19.19
6108.000 19.19
6112.200 19.19
6116.400 19.19
6120.600 19.19
6124.800 19.19
6129.000 19.19
6133.200 19.19
6137.400 19.20
6141.600 19.20
6145.800 19.20
6150.000 19.20
6154.200 19.20
6158.400 19.20
6162.600 19.20
6166.800 19.20
6171.000 19.20
6175.200 19.20
6179.400 19.20
6183.600 19.20
6187.800 19.20
6192.000 19.20
6196.200 19.20
6200.400 19.20
6204.600 19.20
6208.800 19.20
6213.000 19.20
6217.200 19.20
6221.400 19.20
6225.600 19.20
6229.800 19.20
6234.000 19.20
6238.200 19.20
6242.400 19.20
6246.600 19.20
6250.800 19.20
6255.000 19.20
6259.200 19.20
6263.400 19.20
6267.600 19.20
6271.800 19.20
6276.000 19.20
6280.200 19.20
6284.400 19.20
6288.600 19.20
6292.800 19.20
6297.000 19.20
6301.200 19.20
6305.400 19.20
6309.600 19.20
6313.800 19.20
6318.000 19.20
6322.200 19.20
6326.400 19.20
6330.600 19.20
6334.800 19.20
6339.000 19.20
6343.200 19.20
6347.400 19.20
6351.600 19.20
6355.800 19.20
6360.000 19.20
6364.200 19.20
6368.400 19.20
6372.600 19.20
6376.800 19.20
6381.000 19.20
6385.200 19.20
6389.400 19.20
6393.600 19.20
6397.800 19.20
6402.000 19.20
6406.200 19.20
6410.400 19.20
6414.600 19.20
6418.800 19.20
6423.000 19.20
6427.200 19.20
6431.400 19.20
6435.600 19.20
6439.800 19.20
6444.000 19.20
6448.200 19.20
6452.400 19.20
6456.600 19.20
6460.800 19.20
6465.000 19.20
6469.200 19.20
6473.400 19.20
6477.600 19.20
6481.800 19.20
6486.000 19.20
6490.200 19.20
6494.400 19.20
6498.600 19.20
6502.800 19.20
6507.000 19.20
6511.200 19.20
6515.400 19.20
6519.600 19.20
6523.800 19.20
6528.000 19.20
6532.200 19.20
6536.400 19.20
6540.600 19.20
6544.800 19.20
6549.000 19.20
6553.200 19.20
6557.400 19.20
6561.600 19.20
6565.800 19.20
6570.000 19.20
6574.200 19.20
6578.400 19.20
6582.600 19.19
6586.800 19.19
6591.000 19.19
6595.200 19.19
6599.400 19.19
6603.600 19.19
6607.800 19.19
6612.000 19.19
6616.200 19.19
6620.400 19.19
6624.600 19.19
6628.800 19.19
6633.000 19.19
6637.200 19.19
6641.400 19.19
6645.600 19.19
6649.800 19.19
6654.000 19.19
6658.200 19.19
6662.400 19.19
6666.600 19.19
6670.800 19.19
6675.000 19.19
6679.200 19.19
6683.400 19.19
6687.600 19.19
6691.800 19.19
6696.000 19.19
6700.200 19.19
6704.400 19.18
6708.600 19.18
6712.800 19.18
6717.000 19.18
6721.200 19.18
6725.400 19.18
6729.600 19.18
6733.800 19.18
6738.000 19.18
6742.200 19.18
6746.400 19.18
6750.600 19.18
6754.800 19.18
6759.000 19.18
6763.200 19.18
6767.400 19.18
6771.600 19.18
6775.800 19.18
6780.000 19.18
6784.200 19.18
6788.400 19.18
6792.600 19.18
6796.800 19.17
6801.000 19.17
6805.200 19.17
6809.400 19.17
6813.600 19.17
6817.800 19.17
6822.000 19.17
6826.200 19.17
6830.400 19.17
6834.600 19.17
6838.800 19.17
6843.000 19.17
6847.200 19.17
6851.400 19.17
6855.600 19.17
6859.800 19.17
6864.000 19.17
6868.200 19.17
6872.400 19.17
6876.600 19.16
6880.800 19.16
6885.000 19.16
6889.200 19.16
6893.400 19.16
6897.600 19.16
6901.800 19.16
6906.000 19.16
6910.200 19.16
6914.400 19.16
6918.600 19.16
6922.800 19.16
6927.000 19.16
6931.200 19.16
6935.400 19.16
6939.600 19.16
6943.800 19.15
6948.000 19.15
6952.200 19.15
6956.400 19.15
6960.600 19.15
6964.800 19.15
6969.000 19.15
6973.200 19.15
6977.400 19.15
6981.600 19.15
6985.800 19.15
6990.000 19.15
6994.200 19.15
6998.400 19.15
7002.600 19.15
7006.800 19.14
7011.000 19.14
7015.200 19.14
7019.400 19.14
7023.600 19.14
7027.800 19.14
7032.000 19.14
7036.200 19.14
7040.400 19.14
7044.600 19.14
7048.800 19.14
7053.000 19.14
7057.200 19.14
7061.400 19.13
7065.600 19.13
7069.800 19.13
7074.000 19.13
7078.200 19.13
7082.400 19.13
7086.600 19.13
7090.800 19.13
7095.000 19.13
7099.200 19.13
7103.400 19.13
7107.600 19.13
7111.800 19.13
7116.000 19.12
7120.200 19.12
7124.400 19.12
7128.600 19.12
7132.800 19.12
7137.000 19.12
7141.200 19.12
7145.400 19.12
7149.600 19.12
7153.800 19.12
7158.000 19.12
7162.200 19.12
7166.400 19.11
7170.600 19.11
7174.800 19.11
7179.000 19.11
7183.200 19.11
7187.400 19.11
7191.600 19.11
7195.800 19.11
7200.000 19.11
7204.200 19.11
7208.400 19.11
7212.600 19.10
7216.800 19.10
7221.000 19.10
7225.200 19.10
7229.400 19.10
7233.600 19.10
7237.800 19.10
7242.000 19.10
7246.200 19.10
7250.400 19.10
7254.600 19.09
7258.800 19.09
7263.000 19.09
7267.200 19.09
7271.400 19.09
7275.600 19.09
7279.800 19.09
7284.000 19.09
7288.200 19.09
7292.400 19.09
7296.600 19.08
7300.800 19.08
7305.000 19.08
7309.200 19.08
7313.400 19.08
7317.600 19.08
7321.800 19.08
7326.000 19.08
7330.200 19.08
7334.400 19.07
7338.600 19.07
7342.800 19.07
7347.000 19.07
7351.200 19.07
7355.400 19.07
7359.600 19.07
7363.800 19.07
7368.000 19.07
7372.200 19.06
7376.400 19.06
7380.600 19.06
7384.800 19.06
7389.000 19.06
7393.200 19.06
7397.400 19.06
7401.600 19.06
7405.800 19.05
7410.000 19.05
7414.200 19.05
7418.400 19.05
7422.600 19.05
7426.800 19.05
7431.000 19.05
7435.200 19.05
7439.400 19.05
7443.600 19.04
7447.800 19.04
7452.000 19.04
7456.200 19.04
7460.400 19.04
7464.600 19.04
7468.800 19.04
7473.000 19.04
7477.200 19.03
7481.400 19.03
7485.600 19.03
7489.800 19.03
7494.000 19.03
7498.200 19.03
7502.400 19.03
7506.600 19.02
7510.800 19.02
7515.000 19.02
7519.200 19.02
7523.400 19.02
7527.600 19.02
7531.800 19.02
7536.000 19.02
7540.200 19.01
7544.400 19.01
7548.600 19.01
7552.800 19.01
7557.000 19.01
7561.200 19.01
7565.400 19.01
7569.600 19.00
7573.800 19.00
7578.000 19.00
7582.200 19.00
7586.400 19.00
7590.600 19.00
7594.800 19.00
7599.000 18.99
7603.200 18.99
7607.400 18.99
7611.600 18.99
7615.800 18.99
7620.000 18.99
7624.200 18.99
7628.400 18.98
7632.600 18.98
7636.800 18.98
7641.000 18.98
7645.200 18.98
7649.400 18.98
7653.600 18.97
7657.800 18.97
7662.000 18.97
7666.200 18.97
7670.400 18.97
7674.600 18.97
7678.800 18.97
7683.000 18.96
7687.200 18.96
7691.400 18.96
7695.600 18.96
7699.800 18.96
7704.000 18.96
7708.200 18.95
7712.400 18.95
7716.600 18.95
7720.800 18.95
7725.000 18.95
7729.200 18.95
7733.400 18.94
7737.600 18.94
7741.800 18.94
7746.000 18.94
7750.200 18.94
7754.400 18.94
7758.600 18.93
7762.800 18.93
7767.000 18.93
7771.200 18.93
7775.400 18.93
7779.600 18.93
7783.800 18.92
7788.000 18.92
7792.200 18.92
7796.400 18.92
7800.600 18.92
7804.800 18.92
7809.000 18.91
7813.200 18.91
7817.400 18.91
7821.600 18.91
7825.800 18.91
7830.000 18.91
7834.200 18.90
7838.400 18.90
7842.600 18.90
7846.800 18.90
7851.000 18.90
7855.200 18.90
7859.400 18.89
7863.600 18.89
7867.800 18.89
7872.000 18.89
7876.200 18.89
7880.400 18.89
7884.600 18.88
7888.800 18.88
7893.000 18.88
7897.200 18.88
7901.400 18.88
7905.600 18.87
7909.800 18.87
7914.000 18.87
7918.200 18.87
7922.400 18.87
7926.600 18.87
7930.800 18.86
7935.000 18.86
7939.200 18.86
7943.400 18.86
7947.600 18.86
7951.800 18.86
7956.000 18.85
7960.200 18.85
7964.400 18.85
7968.600 18.85
7972.800 18.85
7977.000 18.84
7981.200 18.84
7985.400 18.84
7989.600 18.84
7993.800 18.84
7998.000 18.84
8002.200 18.83
8006.400 18.83
8010.600 18.83
8014.800 18.83
8019.000 18.83
8023.200 18.82
8027.400 18.82
8031.600 18.82
8035.800 18.82
8040.000 18.82
8044.200 18.82
8048.400 18.81
8052.600 18.81
8056.800 18.81
8061.000 18.81
8065.200 18.81
8069.400 18.81
8073.600 18.80
8077.800 18.80
8082.000 18.80
8086.200 18.80
8090.400 18.80
8094.600 18.79
8098.800 18.79
8103.000 18.79
8107.200 18.79
8111.400 18.79
8115.600 18.79
8119.800 18.78
8124.000 18.78
8128.200 18.78
8132.400 18.78
8136.600 18.78
8140.800 18.77
8145.000 18.77
8149.200 18.77
8153.400 18.77
8157.600 18.77
8161.800 18.77
8166.000 18.76
8170.200 18.76
8174.400 18.76
8178.600 18.76
8182.800 18.76
8187.000 18.76
8191.200 18.75
8195.400 18.75
8199.600 18.75
8203.800 18.75
8208.000 18.75
8212.200 18.74
8216.400 18.74
8220.600 18.74
8224.800 18.74
8229.000 18.74
8233.200 18.74
8237.400 18.73
8241.600 18.73
8245.800 18.73
8250.000 18.73
8254.200 18.73
8258.400 18.73
8262.600 18.72
8266.800 18.72
8271.000 18.72
8275.200 18.72
8279.400 18.72
8283.600 18.72
8287.800 18.71
8292.000 18.71
8296.200 18.71
8300.400 18.71
8304.600 18.71
8308.800 18.71
8313.000 18.70
8317.200 18.70
8321.400 18.70
8325.600 18.70
8329.800 18.70
8334.000 18.70
8338.200 18.69
8342.400 18.69
8346.600 18.69
8350.800 18.69
8355.000 18.69
8359.200 18.69
8363.400 18.69
8367.600 18.68
8371.800 18.68
8376.000 18.68
8380.200 18.68
8384.400 18.68
8388.600 18.68
8392.800 18.67
8397.000 18.67
8401.200 18.67
8405.400 18.67
8409.600 18.67
8413.800 18.67
8418.000 18.66
8422.200 18.66
8426.400 18.66
8430.600 18.66
8434.800 18.66
8439.000 18.66
8443.200 18.66
8447.400 18.65
8451.600 18.65
8455.800 18.65
8460.000 18.65
8464.200 18.65
8468.400 18.65
8472.600 18.65
8476.800 18.64
8481.000 18.64
8485.200 18.64
8489.400 18.64
8493.600 18.64
8497.800 18.64
8502.000 18.64
8506.200 18.63
8510.400 18.63
8514.600 18.63
8518.800 18.63
8523.000 18.63
8527.200 18.63
8531.400 18.63
8535.600 18.62
8539.800 18.62
8544.000 18.62
8548.200 18.62
8552.400 18.62
8556.600 18.62
8560.800 18.62
8565.000 18.61
8569.200 18.61
8573.400 18.61
8577.600 18.61
8581.800 18.61
8586.000 18.61
8590.200 18.61
8594.400 18.61
8598.600 18.60
8602.800 18.60
8607.000 18.60
8611.200 18.60
8615.400 18.60
8619.600 18.60
8623.800 18.60
8628.000 18.59
8632.200 18.59
8636.400 18.59
8640.600 18.59
8644.800 18.59
8649.000 18.59
8653.200 18.59
8657.400 18.59
8661.600 18.58
8665.800 18.58
8670.000 18.58
8674.200 18.58
8678.400 18.58
8682.600 18.58
8686.800 18.58
8691.000 18.57
8695.200 18.57
8699.400 18.57
8703.600 18.57
8707.800 18.57
8712.000 18.57
8716.200 18.57
8720.400 18.57
8724.600 18.56
8728.800 18.56
8733.000 18.56
8737.200 18.56
8741.400 18.56
8745.600 18.56
8749.800 18.56
8754.000 18.56
8758.200 18.55
8762.400 18.55
8766.600 18.55
8770.800 18.55
8775.000 18.55
8779.200 18.55
8783.400 18.55
8787.600 18.54
8791.800 18.54
8796.000 18.54
8800.200 18.54
8804.400 18.54
8808.600 18.54
8812.800 18.54
8817.000 18.54
8821.200 18.53
8825.400 18.53
8829.600 18.53
8833.800 18.53
8838.000 18.53
8842.200 18.53
8846.400 18.53
8850.600 18.52
8854.800 18.52
8859.000 18.52
8863.200 18.52
8867.400 18.52
8871.600 18.52
8875.800 18.52
8880.000 18.51
8884.200 18.51
8888.400 18.51
8892.600 18.51
8896.800 18.51
8901.000 18.51
8905.200 18.51
8909.400 18.50
8913.600 18.50
8917.800 18.50
8922.000 18.50
8926.200 18.50
8930.400 18.50
8934.600 18.49
8938.800 18.49
8943.000 18.49
8947.200 18.49
8951.400 18.49
8955.600 18.49
8959.800 18.48
8964.000 18.48
8968.200 18.48
8972.400 18.48
8976.600 18.48
8980.800 18.48
8985.000 18.47
8989.200 18.47
8993.400 18.47
8997.600 18.47
9001.800 18.47
9006.000 18.47
9010.200 18.46
9014.400 18.46
9018.600 18.46
9022.800 18.46
9027.000 18.46
9031.200 18.45
9035.400 18.45
9039.600 18.45
9043.800 18.45
9048.000 18.45
9052.200 18.44
9056.400 18.44
9060.600 18.44
9064.800 18.44
9069.000 18.44
9073.200 18.43
9077.400 18.43
9081.600 18.43
9085.800 18.43
9090.000 18.43
9094.200 18.42
9098.400 18.42
9102.600 18.42
9106.800 18.42
9111.000 18.41
9115.200 18.41
9119.400 18.41
9123.600 18.41
9127.800 18.40
9132.000 18.40
9136.200 18.40
9140.400 18.40
9144.600 18.39
9148.800 18.39
9153.000 18.39
9157.200 18.39
9161.400 18.38
9165.600 18.38
9169.800 18.38
9174.000 18.38
9178.200 18.37
9182.400 18.37
9186.600 18.37
9190.800 18.37
9195.000 18.36
9199.200 18.36
9203.400 18.36
9207.600 18.35
9211.800 18.35
9216.000 18.35
9220.200 18.35
9224.400 18.34
9228.600 18.34
9232.800 18.34
9237.000 18.33
9241.200 18.33
9245.400 18.33
9249.600 18.32
9253.800 18.32
9258.000 18.32
9262.200 18.31
9266.400 18.31
9270.600 18.31
9274.800 18.30
9279.000 18.30
9283.200 18.30
9287.400 18.29
9291.600 18.29
9295.800 18.29
9300.000 18.28
9304.200 18.28
9308.400 18.28
9312.600 18.27
9316.800 18.27
9321.000 18.27
9325.200 18.26
9329.400 18.26
9333.600 18.26
9337.800 18.25
9342.000 18.25
9346.200 18.24
9350.400 18.24
9354.600 18.24
9358.800 18.23
9363.000 18.23
9367.200 18.22
9371.400 18.22
9375.600 18.22
9379.800 18.21
9384.000 18.21
9388.200 18.20
9392.400 18.20
9396.600 18.20
9400.800 18.19
9405.000 18.19
9409.200 18.18
9413.400 18.18
9417.600 18.17
9421.800 18.17
9426.000 18.16
9430.200 18.16
9434.400 18.16
9438.600 18.15
9442.800 18.15
9447.000 18.14
9451.200 18.14
9455.400 18.13
9459.600 18.13
9463.800 18.12
9468.000 18.12
9472.200 18.11
9476.400 18.11
9480.600 18.10
9484.800 18.10
9489.000 18.09
9493.200 18.09
9497.400 18.08
9501.600 18.08
9505.800 18.07
9510.000 18.07
9514.200 18.06
9518.400 18.06
9522.600 18.05
9526.800 18.05
9531.000 18.04
9535.200 18.04
9539.400 18.03
9543.600 18.03
9547.800 18.02
9552.000 18.02
9556.200 18.01
9560.400 18.01
9564.600 18.00
9568.800 17.99
9573.000 17.99
9577.200 17.98
9581.400 17.98
9585.600 17.97
9589.800 17.97
9594.000 17.96
9598.200 17.95
9602.400 17.95
9606.600 17.94
9610.800 17.94
9615.000 17.93
9619.200 17.93
9623.400 17.92
9627.600 17.91
9631.800 17.91
9636.000 17.90
9640.200 17.90
9644.400 17.89
9648.600 17.88
9652.800 17.88
9657.000 17.87
9661.200 17.86
9665.400 17.86
9669.600 17.85
9673.800 17.85
9678.000 17.84
9682.200 17.83
9686.400 17.83
9690.600 17.82
9694.800 17.81
9699.000 17.81
9703.200 17.80
9707.400 17.79
9711.600 17.79
9715.800 17.78
9720.000 17.77
9724.200 17.77
9728.400 17.76
9732.600 17.75
9736.800 17.75
9741.000 17.74
9745.200 17.73
9749.400 17.73
9753.600 17.72
9757.800 17.71
9762.000 17.70
9766.200 17.70
9770.400 17.69
9774.600 17.68
9778.800 17.68
9783.000 17.67
9787.200 17.66
9791.400 17.65
9795.600 17.65
9799.800 17.64
9804.000 17.63
9808.200 17.62
9812.400 17.62
9816.600 17.61
9820.800 17.60
9825.000 17.59
9829.200 17.59
9833.400 17.58
9837.600 17.57
9841.800 17.56
9846.000 17.55
9850.200 17.55
9854.400 17.54
9858.600 17.53
9862.800 17.52
9867.000 17.51
9871.200 17.50
9875.400 17.50
9879.600 17.49
9883.800 17.48
9888.000 17.47
9892.200 17.46
9896.400 17.45
9900.600 17.44
9904.800 17.43
9909.000 17.42
9913.200 17.41
9917.400 17.41
9921.600 17.40
9925.800 17.39
9930.000 17.38
9934.200 17.37
9938.400 17.36
9942.600 17.35
9946.800 17.34
9951.000 17.33
9955.200 17.32
9959.400 17.31
9963.600 17.30
9967.800 17.29
9972.000 17.27
9976.200 17.26
9980.400 17.25
9984.600 17.24
9988.800 17.23
9993.000 17.22
9997.200 17.21
10001.400 17.20
10005.600 17.18
10009.800 17.17
10014.000 17.16
10018.200 17.15
10022.400 17.13
10026.600 17.12
10030.800 17.11
10035.000 17.10
10039.200 17.08
10043.400 17.07
10047.600 17.05
10051.800 17.04
10056.000 17.03
10060.200 17.01
10064.400 17.00
10068.600 16.98
10072.800 16.97
10077.000 16.95
10081.200 16.94
10085.400 16.92
10089.600 16.90
10093.800 16.89
10098.000 16.87
10102.200 16.85
10106.400 16.84
10110.600 16.82
10114.800 16.80
10119.000 16.78
10123.200 16.76
10127.400 16.74
10131.600 16.73
10135.800 16.71
10140.000 16.69
10144.200 16.66
10148.400 16.64
10152.600 16.62
10156.800 16.60
10161.000 16.58
10165.200 16.56
10169.400 16.53
10173.600 16.51
10177.800 16.49
10182.000 16.46
10186.200 16.44
10190.400 16.41
10194.600 16.38
10198.800 16.36
10203.000 16.33
10207.200 16.30
