# lambda zeropoint
7573.800 18.7648
7578.154 18.7645
7582.508 18.7642
7586.861 18.7639
7591.215 18.7634
7595.569 18.7630
7599.923 18.7624
7604.277 18.7619
7608.630 18.7612
7612.984 18.7606
7617.338 18.7599
7621.692 18.7591
7626.046 18.7583
7630.399 18.7574
7634.753 18.7565
7639.107 18.7556
7643.461 18.7546
7647.815 18.7535
7652.168 18.7525
7656.522 18.7513
7660.876 18.7502
7665.230 18.7490
7669.584 18.7478
7673.937 18.7465
7678.291 18.7452
7682.645 18.7438
7686.999 18.7424
7691.353 18.7410
7695.706 18.7395
7700.060 18.7380
7704.414 18.7365
7708.768 18.7349
7713.122 18.7333
7717.475 18.7317
7721.829 18.7301
7726.183 18.7284
7730.537 18.7267
7734.891 18.7249
7739.245 18.7231
7743.598 18.7213
7747.952 18.7195
7752.306 18.7176
7756.660 18.7157
7761.014 18.7138
7765.367 18.7119
7769.721 18.7099
7774.075 18.7079
7778.429 18.7059
7782.783 18.7039
7787.136 18.7018
7791.490 18.6997
7795.844 18.6976
7800.198 18.6955
7804.552 18.6934
7808.905 18.6912
7813.259 18.6890
7817.613 18.6868
7821.967 18.6846
7826.321 18.6824
7830.674 18.6801
7835.028 18.6779
7839.382 18.6756
7843.736 18.6733
7848.090 18.6710
7852.443 18.6686
7856.797 18.6663
7861.151 18.6640
7865.505 18.6616
7869.859 18.6592
7874.212 18.6568
7878.566 18.6544
7882.920 18.6520
7887.274 18.6496
7891.628 18.6472
7895.981 18.6447
7900.335 18.6423
7904.689 18.6398
7909.043 18.6373
7913.397 18.6349
7917.750 18.6324
7922.104 18.6299
7926.458 18.6274
7930.812 18.6249
7935.166 18.6224
7939.519 18.6199
7943.873 18.6174
7948.227 18.6149
7952.581 18.6124
7956.935 18.6098
7961.288 18.6073
7965.642 18.6048
7969.996 18.6023
7974.350 18.5997
7978.704 18.5972
7983.057 18.5947
7987.411 18.5921
7991.765 18.5896
7996.119 18.5871
8000.473 18.5845
8004.826 18.5820
8009.180 18.5795
8013.534 18.5769
8017.888 18.5744
8022.242 18.5719
8026.595 18.5694
8030.949 18.5668
8035.303 18.5643
8039.657 18.5618
8044.011 18.5593
8048.365 18.5568
8052.718 18.5543
8057.072 18.5518
8061.426 18.5493
8065.780 18.5468
8070.134 18.5444
8074.487 18.5419
8078.841 18.5394
8083.195 18.5370
8087.549 18.5345
8091.903 18.5321
8096.256 18.5296
8100.610 18.5272
8104.964 18.5248
8109.318 18.5224
8113.672 18.5200
8118.025 18.5176
8122.379 18.5152
8126.733 18.5128
8131.087 18.5104
8135.441 18.5081
8139.794 18.5057
8144.148 18.5034
8148.502 18.5010
8152.856 18.4987
8157.210 18.4964
8161.563 18.4941
8165.917 18.4918
8170.271 18.4895
8174.625 18.4872
8178.979 18.4850
8183.332 18.4827
8187.686 18.4805
8192.040 18.4783
8196.394 18.4761
8200.748 18.4739
8205.101 18.4717
8209.455 18.4695
8213.809 18.4673
8218.163 18.4652
8222.517 18.4630
8226.870 18.4609
8231.224 18.4588
8235.578 18.4567
8239.932 18.4546
8244.286 18.4525
8248.639 18.4504
8252.993 18.4484
8257.347 18.4463
8261.701 18.4443
8266.055 18.4423
8270.408 18.4403
8274.762 18.4383
8279.116 18.4363
8283.470 18.4343
8287.824 18.4324
8292.177 18.4304
8296.531 18.4285
8300.885 18.4266
8305.239 18.4247
8309.593 18.4228
8313.946 18.4209
8318.300 18.4190
8322.654 18.4172
8327.008 18.4153
8331.362 18.4135
8335.715 18.4117
8340.069 18.4099
8344.423 18.4081
8348.777 18.4063
8353.131 18.4045
8357.485 18.4028
8361.838 18.4010
8366.192 18.3993
8370.546 18.3975
8374.900 18.3958
8379.254 18.3941
8383.607 18.3924
8387.961 18.3908
8392.315 18.3891
8396.669 18.3874
8401.023 18.3858
8405.376 18.3841
8409.730 18.3825
8414.084 18.3809
8418.438 18.3793
8422.792 18.3777
8427.145 18.3761
8431.499 18.3745
8435.853 18.3729
8440.207 18.3714
8444.561 18.3698
8448.914 18.3683
8453.268 18.3667
8457.622 18.3652
8461.976 18.3637
8466.330 18.3622
8470.683 18.3607
8475.037 18.3592
8479.391 18.3577
8483.745 18.3562
8488.099 18.3547
8492.452 18.3532
8496.806 18.3517
8501.160 18.3503
8505.514 18.3488
8509.868 18.3473
8514.221 18.3459
8518.575 18.3444
8522.929 18.3430
8527.283 18.3415
8531.637 18.3401
8535.990 18.3387
8540.344 18.3372
8544.698 18.3358
8549.052 18.3343
8553.406 18.3329
8557.759 18.3315
8562.113 18.3300
8566.467 18.3286
8570.821 18.3271
8575.175 18.3257
8579.528 18.3243
8583.882 18.3228
8588.236 18.3214
8592.590 18.3199
8596.944 18.3185
8601.297 18.3170
8605.651 18.3155
8610.005 18.3141
8614.359 18.3126
8618.713 18.3111
8623.066 18.3096
8627.420 18.3081
8631.774 18.3066
8636.128 18.3051
8640.482 18.3036
8644.835 18.3021
8649.189 18.3005
8653.543 18.2990
8657.897 18.2974
8662.251 18.2958
8666.605 18.2943
8670.958 18.2927
8675.312 18.2910
8679.666 18.2894
8684.020 18.2878
8688.374 18.2861
8692.727 18.2845
8697.081 18.2828
8701.435 18.2811
8705.789 18.2793
8710.143 18.2776
8714.496 18.2758
8718.850 18.2741
8723.204 18.2723
8727.558 18.2704
8731.912 18.2686
8736.265 18.2667
8740.619 18.2648
8744.973 18.2629
8749.327 18.2609
8753.681 18.2589
8758.034 18.2569
8762.388 18.2549
8766.742 18.2529
8771.096 18.2509
8775.450 18.2488
8779.803 18.2466
8784.157 18.2445
8788.511 18.2423
8792.865 18.2400
8797.219 18.2378
8801.572 18.2355
8805.926 18.2332
8810.280 18.2308
8814.634 18.2284
8818.988 18.2259
8823.341 18.2235
8827.695 18.2209
8832.049 18.2184
8836.403 18.2158
8840.757 18.2131
8845.110 18.2105
8849.464 18.2077
8853.818 18.2050
8858.172 18.2021
8862.526 18.1993
8866.879 18.1964
8871.233 18.1934
8875.587 18.1904
8879.941 18.1873
8884.295 18.1842
8888.648 18.1810
8893.002 18.1778
8897.356 18.1746
8901.710 18.1712
8906.064 18.1678
8910.417 18.1644
8914.771 18.1609
8919.125 18.1573
8923.479 18.1537
8927.833 18.1500
8932.186 18.1463
8936.540 18.1425
8940.894 18.1386
8945.248 18.1347
8949.602 18.1307
8953.955 18.1266
8958.309 18.1225
8962.663 18.1183
8967.017 18.1140
8971.371 18.1096
8975.725 18.1052
8980.078 18.1007
8984.432 18.0961
8988.786 18.0915
8993.140 18.0867
8997.494 18.0819
9001.847 18.0770
9006.201 18.0720
9010.555 18.0670
9014.909 18.0618
9019.263 18.0566
9023.616 18.0513
9027.970 18.0459
9032.324 18.0404
9036.678 18.0348
9041.032 18.0291
9045.385 18.0233
9049.739 18.0175
9054.093 18.0115
9058.447 18.0055
9062.801 17.9993
9067.154 17.9930
9071.508 17.9867
9075.862 17.9802
9080.216 17.9737
9084.570 17.9670
9088.923 17.9602
9093.277 17.9533
9097.631 17.9463
9101.985 17.9392
9106.339 17.9320
9110.692 17.9247
9115.046 17.9173
9119.400 17.9097
