# lambda zeropoint
4835.400 12.3704
4838.416 12.6525
4841.432 12.9254
4844.447 13.1892
4847.463 13.4412
4850.479 13.6808
4853.495 13.9112
4856.511 14.1323
4859.526 14.3388
4862.542 14.5354
4865.558 14.7227
4868.574 14.8986
4871.590 15.0612
4874.606 15.2145
4877.621 15.3583
4880.637 15.4878
4883.653 15.6068
4886.669 15.7162
4889.685 15.8146
4892.700 15.8989
4895.716 15.9736
4898.732 16.0389
4901.748 16.0900
4904.764 16.1299
4907.779 16.1601
4910.795 16.1795
4913.811 16.1842
4916.827 16.1791
4919.843 16.1643
4922.858 16.1358
4925.874 16.0951
4928.890 16.0447
4931.906 15.9839
4934.922 15.9075
4937.938 15.8212
4940.953 15.7249
4943.969 15.7848
4946.985 15.9255
4950.001 16.0583
4953.017 16.1830
4956.032 16.2945
4959.048 16.3975
4962.064 16.4921
4965.080 16.5759
4968.096 16.6479
4971.111 16.7111
4974.127 16.7655
4977.143 16.8058
4980.159 16.8364
4983.175 16.8578
4986.191 16.8678
4989.206 16.8644
4992.222 16.8515
4995.238 16.8290
4998.254 16.7917
5001.270 16.7432
5004.285 16.6847
5007.301 16.6145
5010.317 16.5292
5013.333 16.4335
5016.349 16.5078
5019.364 16.6465
5022.380 16.7752
5025.396 16.8954
5028.412 17.0060
5031.428 17.1033
5034.443 17.1918
5037.459 17.2715
5040.475 17.3388
5043.491 17.3949
5046.507 17.4420
5049.523 17.4796
5052.538 17.5025
5055.554 17.5161
5058.570 17.5204
5061.586 17.5122
5064.602 17.4916
5067.617 17.4615
5070.633 17.4218
5073.649 17.3663
5076.665 17.3010
5079.681 17.2258
5082.696 17.1381
5085.712 17.0367
5088.728 16.9253
5091.744 17.0532
5094.760 17.1711
5097.775 17.2802
5100.791 17.3809
5103.807 17.4717
5106.823 17.5506
5109.839 17.6212
5112.855 17.6836
5115.870 17.7334
5118.886 17.7736
5121.902 17.8056
5124.918 17.8278
5127.934 17.8376
5130.949 17.8389
5133.965 17.8318
5136.981 17.8125
5139.997 17.7830
5143.013 17.7451
5146.028 17.6979
5149.044 17.6375
5152.060 17.5685
5155.076 17.4910
5158.092 17.4016
5161.108 17.3015
5164.123 17.1927
5167.139 17.1993
5170.155 17.3121
5173.171 17.4179
5176.187 17.5166
5179.202 17.6058
5182.218 17.6855
5185.234 17.7579
5188.250 17.8230
5191.266 17.8761
5194.281 17.9216
5197.297 17.9596
5200.313 17.9880
5203.329 18.0059
5206.345 18.0160
5209.360 18.0185
5212.376 18.0088
5215.392 17.9905
5218.408 17.9643
5221.424 17.9285
5224.440 17.8811
5227.455 17.8255
5230.471 17.7619
5233.487 17.6859
5236.503 17.6004
5239.519 17.5065
5242.534 17.4030
5245.550 17.3669
5248.566 17.4777
5251.582 17.5816
5254.598 17.6753
5257.613 17.7605
5260.629 17.8386
5263.645 17.9090
5266.661 17.9682
5269.677 18.0202
5272.692 18.0650
5275.708 18.0998
5278.724 18.1254
5281.740 18.1436
5284.756 18.1544
5287.772 18.1532
5290.787 18.1445
5293.803 18.1285
5296.819 18.1026
5299.835 18.0667
5302.851 18.0233
5305.866 17.9724
5308.882 17.9092
5311.898 17.8381
5314.914 17.7594
5317.930 17.6710
5320.945 17.5719
5323.961 17.4650
5326.977 17.4170
5329.993 17.5175
5333.009 17.6109
5336.025 17.6978
5339.040 17.7769
5342.056 17.8465
5345.072 17.9096
5348.088 17.9661
5351.104 18.0128
5354.119 18.0519
5357.135 18.0844
5360.151 18.1094
5363.167 18.1243
5366.183 18.1325
5369.198 18.1341
5372.214 18.1261
5375.230 18.1099
5378.246 18.0870
5381.262 18.0569
5384.277 18.0161
5387.293 17.9685
5390.309 17.9141
5393.325 17.8505
5396.341 17.7780
5399.357 17.6987
5402.372 17.6125
5405.388 17.5150
5408.404 17.4106
5411.420 17.3884
5414.436 17.4880
5417.451 17.5799
5420.467 17.6659
5423.483 17.7460
5426.499 17.8167
5429.515 17.8813
5432.530 17.9398
5435.546 17.9910
5438.562 18.0337
5441.578 18.0704
5444.594 18.1010
5447.609 18.1223
5450.625 18.1368
5453.641 18.1452
5456.657 18.1462
5459.673 18.1382
5462.689 18.1240
5465.704 18.1036
5468.720 18.0738
5471.736 18.0368
5474.752 17.9933
5477.768 17.9428
5480.783 17.8825
5483.799 17.8158
5486.815 17.7427
5489.831 17.6604
5492.847 17.5702
5495.862 17.4734
5498.878 17.5167
5501.894 17.6166
5504.910 17.7108
5507.926 17.7993
5510.942 17.8802
5513.957 17.9537
5516.973 18.0215
5519.989 18.0835
5523.005 18.1360
5526.021 18.1827
5529.036 18.2236
5532.052 18.2568
5535.068 18.2822
5538.084 18.3016
5541.100 18.3151
5544.115 18.3191
5547.131 18.3168
5550.147 18.3085
5553.163 18.2927
5556.179 18.2684
5559.194 18.2380
5562.210 18.2015
5565.226 18.1556
5568.242 18.1028
5571.258 18.0438
5574.274 17.9775
5577.289 17.9020
5580.305 17.8202
5583.321 17.7322
5586.337 17.6409
5589.353 17.7408
5592.368 17.8351
5595.384 17.9235
5598.400 18.0034
5601.416 18.0780
5604.432 18.1470
5607.447 18.2083
5610.463 18.2628
5613.479 18.3118
5616.495 18.3549
5619.511 18.3893
5622.526 18.4180
5625.542 18.4412
5628.558 18.4569
5631.574 18.4654
5634.590 18.4682
5637.606 18.4654
5640.621 18.4533
5643.637 18.4356
5646.653 18.4123
5649.669 18.3816
5652.685 18.3432
5655.700 18.2991
5658.716 18.2493
5661.732 18.1905
5664.748 18.1255
5667.764 18.0548
5670.779 17.9771
5673.795 17.8911
5676.811 17.7994
5679.827 17.7666
5682.843 17.8586
5685.858 17.9449
5688.874 18.0260
5691.890 18.1011
5694.906 18.1687
5697.922 18.2311
5700.938 18.2884
5703.953 18.3382
5706.969 18.3819
5709.985 18.4204
5713.001 18.4531
5716.017 18.4779
5719.032 18.4975
5722.048 18.5118
5725.064 18.5189
5728.080 18.5195
5731.096 18.5148
5734.111 18.5047
5737.127 18.4861
5740.143 18.4624
5743.159 18.4333
5746.175 18.3972
5749.191 18.3542
5752.206 18.3059
5755.222 18.2523
5758.238 18.1900
5761.254 18.1223
5764.270 18.0494
5767.285 17.9696
5770.301 17.8824
5773.317 17.7900
5776.333 17.8246
5779.349 17.9121
5782.364 17.9944
5785.380 18.0719
5788.396 18.1436
5791.412 18.2085
5794.428 18.2685
5797.443 18.3237
5800.459 18.3717
5803.475 18.4141
5806.491 18.4518
5809.507 18.4839
5812.523 18.5087
5815.538 18.5288
5818.554 18.5440
5821.570 18.5521
5824.586 18.5545
5827.602 18.5520
5830.617 18.5441
5833.633 18.5287
5836.649 18.5085
5839.665 18.4833
5842.681 18.4514
5845.696 18.4133
5848.712 18.3704
5851.728 18.3223
5854.744 18.2664
5857.760 18.2056
5860.775 18.1398
5863.791 18.0675
5866.807 17.9888
5869.823 17.9051
5872.839 17.8164
5875.855 17.9044
5878.870 17.9889
5881.886 18.0689
5884.902 18.1430
5887.918 18.2109
5890.934 18.2742
5893.949 18.3330
5896.965 18.3846
5899.981 18.4314
5902.997 18.4735
5906.013 18.5102
5909.028 18.5403
5912.044 18.5659
5915.060 18.5869
5918.076 18.6011
5921.092 18.6101
5924.108 18.6145
5927.123 18.6137
5930.139 18.6061
5933.155 18.5940
5936.171 18.5773
5939.187 18.5541
5942.202 18.5254
5945.218 18.4922
5948.234 18.4540
5951.250 18.4088
5954.266 18.3590
5957.281 18.3047
5960.297 18.2441
5963.313 18.1778
5966.329 18.1069
5969.345 18.0314
5972.360 17.9486
5975.376 17.8748
5978.392 17.9617
5981.408 18.0429
5984.424 18.1185
5987.440 18.1897
5990.455 18.2566
5993.471 18.3166
5996.487 18.3722
5999.503 18.4235
6002.519 18.4694
6005.534 18.5094
6008.550 18.5451
6011.566 18.5766
6014.582 18.6014
6017.598 18.6215
6020.613 18.6374
6023.629 18.6482
6026.645 18.6528
6029.661 18.6532
6032.677 18.6494
6035.692 18.6391
6038.708 18.6241
6041.724 18.6047
6044.740 18.5806
6047.756 18.5500
6050.772 18.5153
6053.787 18.4763
6056.803 18.4313
6059.819 18.3811
6062.835 18.3267
6065.851 18.2678
6068.866 18.2023
6071.882 18.1326
6074.898 18.0587
6077.914 17.9790
6080.930 17.8940
6083.945 17.9644
6086.961 18.0448
6089.977 18.1187
6092.993 18.1886
6096.009 18.2545
6099.025 18.3152
6102.040 18.3707
6105.056 18.4221
6108.072 18.4695
6111.088 18.5106
6114.104 18.5475
6117.119 18.5805
6120.135 18.6085
6123.151 18.6309
6126.167 18.6494
6129.183 18.6640
6132.198 18.6724
6135.214 18.6765
6138.230 18.6766
6141.246 18.6720
6144.262 18.6617
6147.277 18.6474
6150.293 18.6292
6153.309 18.6051
6156.325 18.5764
6159.341 18.5439
6162.357 18.5068
6165.372 18.4638
6168.388 18.4169
6171.404 18.3660
6174.420 18.3096
6177.436 18.2483
6180.451 18.1831
6183.467 18.1138
6186.483 18.0382
6189.499 17.9588
6192.515 17.9773
6195.530 18.0556
6198.546 18.1290
6201.562 18.1985
6204.578 18.2642
6207.594 18.3236
6210.609 18.3792
6213.625 18.4310
6216.641 18.4780
6219.657 18.5199
6222.673 18.5580
6225.689 18.5925
6228.704 18.6210
6231.720 18.6456
6234.736 18.6666
6237.752 18.6830
6240.768 18.6943
6243.783 18.7019
6246.799 18.7059
6249.815 18.7044
6252.831 18.6990
6255.847 18.6899
6258.862 18.6766
6261.878 18.6582
6264.894 18.6362
6267.910 18.6107
6270.926 18.5800
6273.942 18.5453
6276.957 18.5070
6279.973 18.4649
6282.989 18.4176
6286.005 18.3668
6289.021 18.3127
6292.036 18.2537
6295.052 18.1905
6298.068 18.1240
6301.084 18.0539
6304.100 17.9786
6307.115 18.0370
6310.131 18.1119
6313.147 18.1821
6316.163 18.2476
6319.179 18.3096
6322.194 18.3680
6325.210 18.4207
6328.226 18.4698
6331.242 18.5155
6334.258 18.5566
6337.274 18.5931
6340.289 18.6261
6343.305 18.6557
6346.321 18.6799
6349.337 18.7004
6352.353 18.7176
6355.368 18.7306
6358.384 18.7388
6361.400 18.7437
6364.416 18.7453
6367.432 18.7417
6370.447 18.7345
6373.463 18.7240
6376.479 18.7096
6379.495 18.6904
6382.511 18.6680
6385.526 18.6423
6388.542 18.6119
6391.558 18.5777
6394.574 18.5403
6397.590 18.4993
6400.606 18.4535
6403.621 18.4046
6406.637 18.3525
6409.653 18.2959
6412.669 18.2356
6415.685 18.1721
6418.700 18.1054
6421.716 18.0338
6424.732 18.0603
6427.748 18.1322
6430.764 18.1995
6433.779 18.2624
6436.795 18.3219
6439.811 18.3781
6442.827 18.4288
6445.843 18.4761
6448.858 18.5202
6451.874 18.5601
6454.890 18.5956
6457.906 18.6279
6460.922 18.6570
6463.938 18.6810
6466.953 18.7018
6469.969 18.7194
6472.985 18.7332
6476.001 18.7426
6479.017 18.7490
6482.032 18.7524
6485.048 18.7512
6488.064 18.7466
6491.080 18.7391
6494.096 18.7281
6497.111 18.7128
6500.127 18.6947
6503.143 18.6736
6506.159 18.6484
6509.175 18.6199
6512.191 18.5886
6515.206 18.5542
6518.222 18.5155
6521.238 18.4741
6524.254 18.4301
6527.270 18.3822
6530.285 18.3311
6533.301 18.2773
6536.317 18.2207
6539.333 18.1600
6542.349 18.0968
6545.364 18.0393
6548.380 18.1115
6551.396 18.1794
6554.412 18.2442
6557.428 18.3057
6560.443 18.3621
6563.459 18.4153
6566.475 18.4653
6569.491 18.5114
6572.507 18.5532
6575.523 18.5919
6578.538 18.6275
6581.554 18.6584
6584.570 18.6859
6587.586 18.7104
6590.602 18.7313
6593.617 18.7479
6596.633 18.7614
6599.649 18.7721
6602.665 18.7782
6605.681 18.7811
6608.696 18.7810
6611.712 18.7775
6614.728 18.7697
6617.744 18.7591
6620.760 18.7456
6623.775 18.7280
6626.791 18.7070
6629.807 18.6832
6632.823 18.6563
6635.839 18.6251
6638.855 18.5912
6641.870 18.5545
6644.886 18.5140
6647.902 18.4701
6650.918 18.4235
6653.934 18.3741
6656.949 18.3204
6659.965 18.2640
6662.981 18.2050
6665.997 18.1426
6669.013 18.0766
6672.028 18.0178
6675.044 18.0879
6678.060 18.1532
6681.076 18.2155
6684.092 18.2748
6687.108 18.3303
6690.123 18.3818
6693.139 18.4304
6696.155 18.4761
6699.171 18.5173
6702.187 18.5555
6705.202 18.5908
6708.218 18.6227
6711.234 18.6507
6714.250 18.6758
6717.266 18.6983
6720.281 18.7166
6723.297 18.7318
6726.313 18.7444
6729.329 18.7539
6732.345 18.7594
6735.360 18.7624
6738.376 18.7627
6741.392 18.7593
6744.408 18.7528
6747.424 18.7438
6750.440 18.7320
6753.455 18.7163
6756.471 18.6982
6759.487 18.6776
6762.503 18.6536
6765.519 18.6265
6768.534 18.5971
6771.550 18.5652
6774.566 18.5295
6777.582 18.4915
6780.598 18.4511
6783.613 18.4077
6786.629 18.3613
6789.645 18.3126
6792.661 18.2617
6795.677 18.2073
6798.692 18.1505
6801.708 18.0916
6804.724 18.0399
6807.740 18.1049
6810.756 18.1670
6813.772 18.2262
6816.787 18.2809
6819.803 18.3326
6822.819 18.3815
6825.835 18.4270
6828.851 18.4686
6831.866 18.5075
6834.882 18.5437
6837.898 18.5760
6840.914 18.6052
6843.930 18.6318
6846.945 18.6555
6849.961 18.6753
6852.977 18.6927
6855.993 18.7075
6859.009 18.7189
6862.025 18.7272
6865.040 18.7332
6868.056 18.7366
6871.072 18.7363
6874.088 18.7337
6877.104 18.7288
6880.119 18.7208
6883.135 18.7099
6886.151 18.6968
6889.167 18.6815
6892.183 18.6627
6895.198 18.6418
6898.214 18.6188
6901.230 18.5930
6904.246 18.5645
6907.262 18.5340
6910.277 18.5016
6913.293 18.4659
6916.309 18.4283
6919.325 18.3887
6922.341 18.3468
6925.357 18.3023
6928.372 18.2560
6931.388 18.2080
6934.404 18.1571
6937.420 18.1044
6940.436 18.0499
6943.451 18.0265
6946.467 18.0896
6949.483 18.1502
6952.499 18.2083
6955.515 18.2626
6958.530 18.3140
6961.546 18.3629
6964.562 18.4090
6967.578 18.4514
6970.594 18.4913
6973.609 18.5288
6976.625 18.5628
6979.641 18.5939
6982.657 18.6226
6985.673 18.6487
6988.689 18.6712
6991.704 18.6913
6994.720 18.7090
6997.736 18.7236
7000.752 18.7352
7003.768 18.7446
7006.783 18.7517
7009.799 18.7550
7012.815 18.7561
7015.831 18.7550
7018.847 18.7510
7021.862 18.7441
7024.878 18.7349
7027.894 18.7236
7030.910 18.7089
7033.926 18.6919
7036.942 18.6728
7039.957 18.6510
7042.973 18.6264
7045.989 18.5996
7049.005 18.5708
7052.021 18.5388
7055.036 18.5045
7058.052 18.4683
7061.068 18.4297
7064.084 18.3881
7067.100 18.3446
7070.115 18.2991
7073.131 18.2507
7076.147 18.2001
7079.163 18.1476
7082.179 18.0929
7085.194 18.0647
7088.210 18.1263
7091.226 18.1856
7094.242 18.2416
7097.258 18.2947
7100.274 18.3455
7103.289 18.3938
7106.305 18.4385
7109.321 18.4809
7112.337 18.5211
7115.353 18.5582
7118.368 18.5924
7121.384 18.6243
7124.400 18.6541
7127.416 18.6803
7130.432 18.7042
7133.447 18.7260
7136.463 18.7450
7139.479 18.7611
7142.495 18.7751
7145.511 18.7869
7148.526 18.7954
7151.542 18.8017
7154.558 18.8059
7157.574 18.8076
7160.590 18.8064
7163.606 18.8031
7166.621 18.7978
7169.637 18.7895
7172.653 18.7789
7175.669 18.7663
7178.685 18.7514
7181.700 18.7336
7184.716 18.7139
7187.732 18.6923
7190.748 18.6678
7193.764 18.6411
7196.779 18.6125
7199.795 18.5819
7202.811 18.5483
7205.827 18.5129
7208.843 18.4757
7211.858 18.4359
7214.874 18.3939
7217.890 18.3501
7220.906 18.3044
7223.922 18.2559
7226.938 18.2057
7229.953 18.1537
7232.969 18.0993
7235.985 18.1092
7239.001 18.1624
7242.017 18.2140
7245.032 18.2628
7248.048 18.3098
7251.064 18.3552
7254.080 18.3983
7257.096 18.4390
7260.111 18.4781
7263.127 18.5153
7266.143 18.5499
7269.159 18.5825
7272.175 18.6134
7275.191 18.6421
7278.206 18.6683
7281.222 18.6927
7284.238 18.7153
7287.254 18.7352
7290.270 18.7530
7293.285 18.7691
7296.301 18.7830
7299.317 18.7943
7302.333 18.8037
7305.349 18.8113
7308.364 18.8162
7311.380 18.8189
7314.396 18.8197
7317.412 18.8185
7320.428 18.8144
7323.443 18.8085
7326.459 18.8006
7329.475 18.7902
7332.491 18.7774
7335.507 18.7626
7338.523 18.7459
7341.538 18.7261
7344.554 18.7044
7347.570 18.6808
7350.586 18.6546
7353.602 18.6259
7356.617 18.5952
7359.633 18.5626
7362.649 18.5268
7365.665 18.4890
7368.681 18.4492
7371.696 18.4069
7374.712 18.3619
7377.728 18.3149
7380.744 18.2659
7383.760 18.2138
7386.775 18.1595
7389.791 18.1147
7392.807 18.1687
7395.823 18.2200
7398.839 18.2693
7401.855 18.3168
7404.870 18.3614
7407.886 18.4039
7410.902 18.4446
7413.918 18.4831
7416.934 18.5188
7419.949 18.5528
7422.965 18.5849
7425.981 18.6144
7428.997 18.6417
7432.013 18.6672
7435.028 18.6908
7438.044 18.7116
7441.060 18.7307
7444.076 18.7480
7447.092 18.7629
7450.108 18.7755
7453.123 18.7865
7456.139 18.7957
7459.155 18.8021
7462.171 18.8068
7465.187 18.8099
7468.202 18.8107
7471.218 18.8093
7474.234 18.8062
7477.250 18.8015
7480.266 18.7941
7483.281 18.7850
7486.297 18.7743
7489.313 18.7616
7492.329 18.7467
7495.345 18.7301
7498.360 18.7120
7501.376 18.6914
7504.392 18.6691
7507.408 18.6452
7510.424 18.6195
7513.440 18.5915
7516.455 18.5620
7519.471 18.5310
7522.487 18.4977
7525.503 18.4627
7528.519 18.4262
7531.534 18.3880
7534.550 18.3476
7537.566 18.3057
7540.582 18.2623
7543.598 18.2169
7546.613 18.1697
7549.629 18.1211
7552.645 18.0996
7555.661 18.1504
7558.677 18.1992
7561.692 18.2461
7564.708 18.2904
7567.724 18.3324
7570.740 18.3725
7573.756 18.4107
7576.772 18.4461
7579.787 18.4796
7582.803 18.5114
7585.819 18.5408
7588.835 18.5680
7591.851 18.5934
7594.866 18.6172
7597.882 18.6382
7600.898 18.6576
7603.914 18.6753
7606.930 18.6910
7609.945 18.7044
7612.961 18.7163
7615.977 18.7266
7618.993 18.7345
7622.009 18.7407
7625.025 18.7455
7628.040 18.7485
7631.056 18.7493
7634.072 18.7487
7637.088 18.7466
7640.104 18.7425
7643.119 18.7367
7646.135 18.7296
7649.151 18.7209
7652.167 18.7103
7655.183 18.6983
7658.198 18.6850
7661.214 18.6698
7664.230 18.6532
7667.246 18.6353
7670.262 18.6161
7673.277 18.5950
7676.293 18.5727
7679.309 18.5492
7682.325 18.5242
7685.341 18.4977
7688.357 18.4701
7691.372 18.4414
7694.388 18.4110
7697.404 18.3795
7700.420 18.3470
7703.436 18.3131
7706.451 18.2780
7709.467 18.2418
7712.483 18.2047
7715.499 18.1660
7718.515 18.1265
7721.530 18.0860
7724.546 18.1330
7727.562 18.1800
7730.578 18.2256
7733.594 18.2696
7736.609 18.3113
7739.625 18.3513
7742.641 18.3899
7745.657 18.4266
7748.673 18.4612
7751.689 18.4942
7754.704 18.5258
7757.720 18.5552
7760.736 18.5829
7763.752 18.6091
7766.768 18.6337
7769.783 18.6560
7772.799 18.6769
7775.815 18.6963
7778.831 18.7137
7781.847 18.7293
7784.862 18.7435
7787.878 18.7561
7790.894 18.7665
7793.910 18.7754
7796.926 18.7830
7799.942 18.7886
7802.957 18.7924
7805.973 18.7948
7808.989 18.7957
7812.005 18.7944
7815.021 18.7917
7818.036 18.7876
7821.052 18.7818
7824.068 18.7740
7827.084 18.7649
7830.100 18.7544
7833.115 18.7418
7836.131 18.7277
7839.147 18.7122
7842.163 18.6951
7845.179 18.6761
7848.194 18.6558
7851.210 18.6341
7854.226 18.6104
7857.242 18.5852
7860.258 18.5587
7863.274 18.5306
7866.289 18.5006
7869.305 18.4693
7872.321 18.4367
7875.337 18.4021
7878.353 18.3661
7881.368 18.3288
7884.384 18.2900
7887.400 18.2493
7890.416 18.2073
7893.432 18.1640
7896.447 18.1190
7899.463 18.0831
7902.479 18.1298
7905.495 18.1749
7908.511 18.2178
7911.526 18.2592
7914.542 18.2992
7917.558 18.3372
7920.574 18.3734
7923.590 18.4082
7926.606 18.4416
7929.621 18.4727
7932.637 18.5024
7935.653 18.5307
7938.669 18.5572
7941.685 18.5819
7944.700 18.6052
7947.716 18.6271
7950.732 18.6469
7953.748 18.6652
7956.764 18.6822
7959.779 18.6976
7962.795 18.7110
7965.811 18.7231
7968.827 18.7340
7971.843 18.7428
7974.858 18.7501
7977.874 18.7562
7980.890 18.7607
7983.906 18.7633
7986.922 18.7646
7989.938 18.7647
7992.953 18.7629
7995.969 18.7596
7998.985 18.7551
8002.001 18.7491
8005.017 18.7413
8008.032 18.7322
8011.048 18.7218
8014.064 18.7098
8017.080 18.6962
8020.096 18.6815
8023.111 18.6654
8026.127 18.6474
8029.143 18.6283
8032.159 18.6079
8035.175 18.5860
8038.191 18.5625
8041.206 18.5378
8044.222 18.5120
8047.238 18.4843
8050.254 18.4554
8053.270 18.4254
8056.285 18.3939
8059.301 18.3609
8062.317 18.3267
8065.333 18.2914
8068.349 18.2544
8071.364 18.2162
8074.380 18.1768
8077.396 18.1362
8080.412 18.0939
8083.428 18.0506
8086.443 18.0380
8089.459 18.0773
8092.475 18.1154
8095.491 18.1523
8098.507 18.1879
8101.523 18.2218
8104.538 18.2547
8107.554 18.2863
8110.570 18.3164
8113.586 18.3451
8116.602 18.3727
8119.617 18.3990
8122.633 18.4237
8125.649 18.4471
8128.665 18.4695
8131.681 18.4904
8134.696 18.5098
8137.712 18.5281
8140.728 18.5452
8143.744 18.5606
8146.760 18.5748
8149.775 18.5880
8152.791 18.5996
8155.807 18.6098
8158.823 18.6189
8161.839 18.6269
8164.855 18.6331
8167.870 18.6382
8170.886 18.6421
8173.902 18.6447
8176.918 18.6457
8179.934 18.6457
8182.949 18.6445
8185.965 18.6416
8188.981 18.6376
8191.997 18.6324
8195.013 18.6259
8198.028 18.6178
8201.044 18.6087
8204.060 18.5984
8207.076 18.5866
8210.092 18.5734
8213.108 18.5592
8216.123 18.5437
8219.139 18.5266
8222.155 18.5084
8225.171 18.4892
8228.187 18.4683
8231.202 18.4462
8234.218 18.4230
8237.234 18.3986
8240.250 18.3725
8243.266 18.3454
8246.281 18.3171
8249.297 18.2874
8252.313 18.2563
8255.329 18.2242
8258.345 18.1909
8261.360 18.1559
8264.376 18.1198
8267.392 18.0827
8270.408 18.0442
8273.424 18.0042
8276.440 17.9632
8279.455 17.9362
8282.471 17.9794
8285.487 18.0214
8288.503 18.0622
8291.519 18.1016
8294.534 18.1393
8297.550 18.1758
8300.566 18.2112
8303.582 18.2448
8306.598 18.2771
8309.613 18.3082
8312.629 18.3379
8315.645 18.3660
8318.661 18.3930
8321.677 18.4188
8324.692 18.4429
8327.708 18.4657
8330.724 18.4874
8333.740 18.5078
8336.756 18.5265
8339.772 18.5440
8342.787 18.5605
8345.803 18.5754
8348.819 18.5889
8351.835 18.6013
8354.851 18.6126
8357.866 18.6221
8360.882 18.6305
8363.898 18.6379
8366.914 18.6437
8369.930 18.6482
8372.945 18.6516
8375.961 18.6539
8378.977 18.6545
8381.993 18.6540
8385.009 18.6525
8388.025 18.6495
8391.040 18.6452
8394.056 18.6398
8397.072 18.6333
8400.088 18.6252
8403.104 18.6160
8406.119 18.6058
8409.135 18.5943
8412.151 18.5813
8415.167 18.5674
8418.183 18.5524
8421.198 18.5358
8424.214 18.5182
8427.230 18.4995
8430.246 18.4796
8433.262 18.4583
8436.277 18.4359
8439.293 18.4126
8442.309 18.3878
8445.325 18.3619
8448.341 18.3350
8451.357 18.3070
8454.372 18.2775
8457.388 18.2471
8460.404 18.2156
8463.420 18.1828
8466.436 18.1489
8469.451 18.1140
8472.467 18.0780
8475.483 18.0406
8478.499 18.0022
8481.515 17.9629
8484.530 17.9663
8487.546 18.0059
8490.562 18.0446
8493.578 18.0822
8496.594 18.1180
8499.609 18.1529
8502.625 18.1867
8505.641 18.2192
8508.657 18.2503
8511.673 18.2804
8514.689 18.3094
8517.704 18.3368
8520.720 18.3631
8523.736 18.3885
8526.752 18.4125
8529.768 18.4351
8532.783 18.4567
8535.799 18.4773
8538.815 18.4964
8541.831 18.5143
8544.847 18.5312
8547.862 18.5469
8550.878 18.5612
8553.894 18.5745
8556.910 18.5867
8559.926 18.5975
8562.942 18.6071
8565.957 18.6158
8568.973 18.6233
8571.989 18.6293
8575.005 18.6343
8578.021 18.6384
8581.036 18.6410
8584.052 18.6424
8587.068 18.6429
8590.084 18.6423
8593.100 18.6402
8596.115 18.6371
8599.131 18.6330
8602.147 18.6276
8605.163 18.6210
8608.179 18.6134
8611.194 18.6048
8614.210 18.5946
8617.226 18.5835
8620.242 18.5714
8623.258 18.5581
8626.274 18.5435
8629.289 18.5279
8632.305 18.5114
8635.321 18.4934
8638.337 18.4744
8641.353 18.4544
8644.368 18.4333
8647.384 18.4108
8650.400 18.3874
8653.416 18.3630
8656.432 18.3373
8659.447 18.3104
8662.463 18.2827
8665.479 18.2538
8668.495 18.2236
8671.511 18.1925
8674.526 18.1604
8677.542 18.1270
8680.558 18.0925
8683.574 18.0571
8686.590 18.0206
8689.606 17.9828
8692.621 17.9440
8695.637 17.9043
8698.653 17.9142
8701.669 17.9499
8704.685 17.9847
8707.700 18.0186
8710.716 18.0510
8713.732 18.0825
8716.748 18.1131
8719.764 18.1425
8722.779 18.1708
8725.795 18.1982
8728.811 18.2246
8731.827 18.2496
8734.843 18.2738
8737.858 18.2970
8740.874 18.3190
8743.890 18.3399
8746.906 18.3598
8749.922 18.3789
8752.938 18.3966
8755.953 18.4133
8758.969 18.4291
8761.985 18.4438
8765.001 18.4573
8768.017 18.4698
8771.032 18.4815
8774.048 18.4918
8777.064 18.5012
8780.080 18.5096
8783.096 18.5170
8786.111 18.5231
8789.127 18.5283
8792.143 18.5326
8795.159 18.5356
8798.175 18.5375
8801.191 18.5386
8804.206 18.5387
8807.222 18.5374
8810.238 18.5353
8813.254 18.5322
8816.270 18.5279
8819.285 18.5226
8822.301 18.5163
8825.317 18.5091
8828.333 18.5005
8831.349 18.4910
8834.364 18.4806
8837.380 18.4690
8840.396 18.4563
8843.412 18.4427
8846.428 18.4282
8849.443 18.4123
8852.459 18.3955
8855.475 18.3778
8858.491 18.3590
8861.507 18.3389
8864.523 18.3180
8867.538 18.2962
8870.554 18.2731
8873.570 18.2489
8876.586 18.2239
8879.602 18.1979
8882.617 18.1705
8885.633 18.1423
8888.649 18.1133
8891.665 18.0829
8894.681 18.0514
8897.696 18.0192
8900.712 17.9859
8903.728 17.9513
8906.744 17.9158
8909.760 17.8794
8912.775 17.8418
8915.791 17.8031
8918.807 17.7636
8921.823 17.7310
8924.839 17.7604
8927.855 17.7891
8930.870 17.8171
8933.886 17.8441
8936.902 17.8702
8939.918 17.8957
8942.934 17.9204
8945.949 17.9439
8948.965 17.9668
8951.981 17.9889
8954.997 18.0101
8958.013 18.0304
8961.028 18.0500
8964.044 18.0688
8967.060 18.0865
8970.076 18.1034
8973.092 18.1196
8976.108 18.1349
8979.123 18.1492
8982.139 18.1628
8985.155 18.1756
8988.171 18.1873
8991.187 18.1982
8994.202 18.2084
8997.218 18.2177
9000.234 18.2260
9003.250 18.2335
9006.266 18.2402
9009.281 18.2459
9012.297 18.2507
9015.313 18.2548
9018.329 18.2580
9021.345 18.2601
9024.360 18.2614
9027.376 18.2620
9030.392 18.2615
9033.408 18.2601
9036.424 18.2580
9039.440 18.2550
9042.455 18.2508
9045.471 18.2459
9048.487 18.2403
9051.503 18.2335
9054.519 18.2259
9057.534 18.2174
9060.550 18.2082
9063.566 18.1977
9066.582 18.1864
9069.598 18.1744
9072.613 18.1614
9075.629 18.1473
9078.645 18.1324
9081.661 18.1168
9084.677 18.0999
9087.692 18.0822
9090.708 18.0638
9093.724 18.0443
9096.740 18.0238
9099.756 18.0024
9102.772 17.9803
9105.787 17.9570
9108.803 17.9327
9111.819 17.9077
9114.835 17.8818
9117.851 17.8546
9120.866 17.8267
9123.882 17.7980
9126.898 17.7681
9129.914 17.7373
9132.930 17.7056
9135.945 17.6731
9138.961 17.6393
9141.977 17.6047
9144.993 17.5693
9148.009 17.5327
9151.025 17.4952
9154.040 17.4568
9157.056 17.4176
9160.072 17.3770
9163.088 17.3548
9166.104 17.4143
9169.119 17.4701
9172.135 17.5226
9175.151 17.5726
9178.167 17.6200
9181.183 17.6633
9184.198 17.7043
9187.214 17.7429
9190.230 17.7784
9193.246 17.8109
9196.262 17.8412
9199.277 17.8693
9202.293 17.8939
9205.309 17.9165
9208.325 17.9370
9211.341 17.9550
9214.357 17.9703
9217.372 17.9837
9220.388 17.9953
9223.404 18.0041
9226.420 18.0110
9229.436 18.0163
9232.451 18.0195
9235.467 18.0204
9238.483 18.0199
9241.499 18.0177
9244.515 18.0135
9247.530 18.0076
9250.546 18.0004
9253.562 17.9917
9256.578 17.9811
9259.594 17.9692
9262.609 17.9563
9265.625 17.9417
9268.641 17.9259
9271.657 17.9090
9274.673 17.8911
9277.689 17.8718
9280.704 17.8516
9283.720 17.8305
9286.736 17.8085
9289.752 17.7855
9292.768 17.7618
9295.783 17.7375
9298.799 17.7122
9301.815 17.6864
9304.831 17.6602
9307.847 17.6334
9310.862 17.6060
9313.878 17.5784
9316.894 17.5504
9319.910 17.5221
9322.926 17.4935
9325.942 17.4649
9328.957 17.4361
9331.973 17.4072
9334.989 17.3784
9338.005 17.3496
9341.021 17.3210
9344.036 17.2925
9347.052 17.2643
9350.068 17.2363
9353.084 17.2087
9356.100 17.1816
9359.115 17.1547
9362.131 17.1286
9365.147 17.1030
9368.163 17.0780
9371.179 17.0536
9374.194 17.0302
9377.210 17.0075
9380.226 16.9855
9383.242 16.9646
9386.258 16.9447
9389.274 16.9257
9392.289 16.9077
9395.305 16.8912
9398.321 16.8758
9401.337 16.8614
9404.353 16.8486
9407.368 16.8372
9410.384 16.8271
9413.400 16.8183
