# lambda zeropoint
3331.800 14.4500
3334.322 14.8467
3336.845 15.2282
3339.367 15.5793
3341.890 15.9019
3344.412 16.2101
3346.935 16.4726
3349.457 16.7168
3351.980 16.9254
3354.502 17.0899
3357.024 17.2324
3359.547 17.2967
3362.069 17.3287
3364.592 17.2995
3367.114 17.1971
3369.637 17.0584
3372.159 16.8014
3374.682 16.4990
3377.204 16.7298
3379.727 17.0105
3382.249 17.2644
3384.771 17.4306
3387.294 17.5638
3389.816 17.6372
3392.339 17.6480
3394.861 17.6285
3397.384 17.5243
3399.906 17.3905
3402.429 17.2036
3404.951 16.9600
3407.473 16.8069
3409.996 17.0506
3412.518 17.2728
3415.041 17.4574
3417.563 17.6019
3420.086 17.7271
3422.608 17.7910
3425.131 17.8276
3427.653 17.8175
3430.176 17.7470
3432.698 17.6474
3435.220 17.4557
3437.743 17.2265
3440.265 16.9384
3442.788 17.1938
3445.310 17.4234
3447.833 17.5885
3450.355 17.7304
3452.878 17.8344
3455.400 17.8960
3457.922 17.9377
3460.445 17.9202
3462.967 17.8761
3465.490 17.7891
3468.012 17.6434
3470.535 17.4696
3473.057 17.2025
3475.580 17.2592
3478.102 17.4501
3480.624 17.6078
3483.147 17.7507
3485.669 17.8577
3488.192 17.9475
3490.714 18.0108
3493.237 18.0322
3495.759 18.0330
3498.282 17.9631
3500.804 17.8565
3503.327 17.6944
3505.849 17.4569
3508.371 17.2707
3510.894 17.4932
3513.416 17.6872
3515.939 17.8391
3518.461 17.9479
3520.984 18.0375
3523.506 18.0791
3526.029 18.1001
3528.551 18.0914
3531.073 18.0428
3533.596 17.9756
3536.118 17.8513
3538.641 17.6963
3541.163 17.4975
3543.686 17.3302
3546.208 17.5936
3548.731 17.7887
3551.253 17.9546
3553.776 18.0796
3556.298 18.1557
3558.820 18.2104
3561.343 18.2097
3563.865 18.1846
3566.388 18.1260
3568.910 18.0232
3571.433 17.9005
3573.955 17.7208
3576.478 17.5099
3579.000 17.3451
3581.522 17.5546
3584.045 17.7437
3586.567 17.8862
3589.090 18.0091
3591.612 18.1061
3594.135 18.1680
3596.657 18.2141
3599.180 18.2148
3601.702 18.1899
3604.224 18.1321
3606.747 18.0219
3609.269 17.8878
3611.792 17.6846
3614.314 17.4437
3616.837 17.5463
3619.359 17.7445
3621.882 17.9194
3624.404 18.0404
3626.927 18.1388
3629.449 18.2092
3631.971 18.2445
3634.494 18.2649
3637.016 18.2469
3639.539 18.2076
3642.061 18.1425
3644.584 18.0336
3647.106 17.9042
3649.629 17.7134
3652.151 17.4816
3654.673 17.7064
3657.196 17.8986
3659.718 18.0688
3662.241 18.1865
3664.763 18.2804
3667.286 18.3463
3669.808 18.3766
3672.331 18.3923
3674.853 18.3725
3677.376 18.3334
3679.898 18.2722
3682.420 18.1725
3684.943 18.0547
3687.465 17.8832
3689.988 17.6714
3692.510 17.8385
3695.033 18.0259
3697.555 18.1921
3700.078 18.3095
3702.600 18.4042
3705.122 18.4739
3707.645 18.5105
3710.167 18.5339
3712.690 18.5249
3715.212 18.4968
3717.735 18.4480
3720.257 18.3603
3722.780 18.2542
3725.302 18.0945
3727.824 17.8926
3730.347 17.8963
3732.869 18.0850
3735.392 18.2540
3737.914 18.3790
3740.437 18.4824
3742.959 18.5635
3745.482 18.6113
3748.004 18.6458
3750.527 18.6466
3753.049 18.6259
3755.571 18.5833
3758.094 18.4996
3760.616 18.3978
3763.139 18.2473
3765.661 18.0622
3768.184 17.9173
3770.706 18.1223
3773.229 18.3045
3775.751 18.4371
3778.273 18.5457
3780.796 18.6307
3783.318 18.6829
3785.841 18.7228
3788.363 18.7343
3790.886 18.7287
3793.408 18.7066
3795.931 18.6536
3798.453 18.5870
3800.976 18.4846
3803.498 18.3541
3806.020 18.1971
3808.543 18.0177
3811.065 18.2554
3813.588 18.4309
3816.110 18.5731
3818.633 18.6844
3821.155 18.7517
3823.678 18.8040
3826.200 18.8241
3828.722 18.8281
3831.245 18.8177
3833.767 18.7850
3836.290 18.7434
3838.812 18.6800
3841.335 18.5973
3843.857 18.4975
3846.380 18.3501
3848.902 18.1783
3851.424 18.1813
3853.947 18.3729
3856.469 18.5323
3858.992 18.6426
3861.514 18.7363
3864.037 18.7946
3866.559 18.8339
3869.082 18.8572
3871.604 18.8556
3874.127 18.8450
3876.649 18.8137
3879.171 18.7667
3881.694 18.7063
3884.216 18.6122
3886.739 18.5018
3889.261 18.3480
3891.784 18.1502
3894.306 18.2192
3896.829 18.3952
3899.351 18.5587
3901.873 18.6946
3904.396 18.8108
3906.918 18.9112
3909.441 18.9774
3911.963 19.0296
3914.486 19.0479
3917.008 19.0389
3919.531 19.0084
3922.053 18.9302
3924.576 18.8337
3927.098 18.6946
3929.620 18.5256
3932.143 18.3332
3934.665 18.3111
3937.188 18.5190
3939.710 18.6806
3942.233 18.8144
3944.755 18.9271
3947.278 19.0046
3949.800 19.0709
3952.322 19.1135
3954.845 19.1410
3957.367 19.1573
3959.890 19.1512
3962.412 19.1362
3964.935 19.1008
3967.457 19.0459
3969.980 18.9767
3972.502 18.8659
3975.024 18.7354
3977.547 18.5576
3980.069 18.4699
3982.592 18.6610
3985.114 18.8035
3987.637 18.9301
3990.159 19.0228
3992.682 19.0935
3995.204 19.1489
3997.727 19.1764
4000.249 19.1952
4002.771 19.1954
4005.294 19.1821
4007.816 19.1595
4010.339 19.1140
4012.861 19.0583
4015.384 18.9792
4017.906 18.8730
4020.429 18.7486
4022.951 18.5627
4025.473 18.5499
4027.996 18.7162
4030.518 18.8558
4033.041 18.9778
4035.563 19.0648
4038.086 19.1410
4040.608 19.1945
4043.131 19.2317
4045.653 19.2584
4048.176 19.2622
4050.698 19.2577
4053.220 19.2354
4055.743 19.1958
4058.265 19.1452
4060.788 19.0610
4063.310 18.9616
4065.833 18.8282
4068.355 18.6554
4070.878 18.5529
4073.400 18.7207
4075.922 18.8744
4078.445 18.9983
4080.967 19.1002
4083.490 19.1885
4086.012 19.2479
4088.535 19.2983
4091.057 19.3300
4093.580 19.3465
4096.102 19.3540
4098.624 19.3378
4101.147 19.3124
4103.669 19.2673
4106.192 19.2002
4108.714 19.1201
4111.237 18.9956
4113.759 18.8508
4116.282 18.6626
4118.804 18.6889
4121.327 18.8495
4123.849 18.9668
4126.371 19.0723
4128.894 19.1541
4131.416 19.2190
4133.939 19.2744
4136.461 19.3090
4138.984 19.3373
4141.506 19.3525
4144.029 19.3550
4146.551 19.3506
4149.073 19.3234
4151.596 19.2861
4154.118 19.2281
4156.641 19.1437
4159.163 19.0450
4161.686 18.8925
4164.208 18.7162
4166.731 18.6936
4169.253 18.8492
4171.776 18.9898
4174.298 19.0936
4176.820 19.1869
4179.343 19.2591
4181.865 19.3143
4184.388 19.3606
4186.910 19.3851
4189.433 19.4029
4191.955 19.4075
4194.478 19.3989
4197.000 19.3835
4199.522 19.3449
4202.045 19.2963
4204.567 19.2279
4207.090 19.1321
4209.612 19.0227
4212.135 18.8573
4214.657 18.6658
4217.180 18.7983
4219.702 18.9381
4222.224 19.0651
4224.747 19.1594
4227.269 19.2442
4229.792 19.3107
4232.314 19.3614
4234.837 19.4042
4237.359 19.4269
4239.882 19.4428
4242.404 19.4463
4244.927 19.4361
4247.449 19.4189
4249.971 19.3785
4252.494 19.3273
4255.016 19.2565
4257.539 19.1576
4260.061 19.0447
4262.584 18.8781
4265.106 18.6851
4267.629 18.8214
4270.151 18.9606
4272.673 19.0872
4275.196 19.1818
4277.718 19.2660
4280.241 19.3323
4282.763 19.3818
4285.286 19.4235
4287.808 19.4455
4290.331 19.4606
4292.853 19.4642
4295.376 19.4550
4297.898 19.4396
4300.420 19.4044
4302.943 19.3595
4305.465 19.2985
4307.988 19.2128
4310.510 19.1149
4313.033 18.9716
4315.555 18.8037
4318.078 18.7754
4320.600 18.9213
4323.122 19.0542
4325.645 19.1545
4328.167 19.2437
4330.690 19.3151
4333.212 19.3695
4335.735 19.4163
4338.257 19.4446
4340.780 19.4666
4343.302 19.4785
4345.824 19.4793
4348.347 19.4748
4350.869 19.4547
4353.392 19.4263
4355.914 19.3853
4358.437 19.3235
4360.959 19.2515
4363.482 19.1419
4366.004 19.0100
4368.527 18.8444
4371.049 18.7898
4373.571 18.9380
4376.094 19.0549
4378.616 19.1602
4381.139 19.2481
4383.661 19.3179
4386.184 19.3798
4388.706 19.4225
4391.229 19.4581
4393.751 19.4833
4396.273 19.4968
4398.796 19.5049
4401.318 19.4984
4403.841 19.4845
4406.363 19.4600
4408.886 19.4187
4411.408 19.3692
4413.931 19.2920
4416.453 19.1976
4418.976 19.0793
4421.498 18.9191
4424.020 18.7385
4426.543 18.8652
4429.065 18.9962
4431.588 19.1091
4434.110 19.2015
4436.633 19.2851
4439.155 19.3479
4441.678 19.4024
4444.200 19.4457
4446.722 19.4761
4449.245 19.5010
4451.767 19.5120
4454.290 19.5161
4456.812 19.5114
4459.335 19.4932
4461.857 19.4686
4464.380 19.4243
4466.902 19.3675
4469.424 19.2945
4471.947 19.1921
4474.469 19.0754
4476.992 18.9132
4479.514 18.7213
4482.037 18.8465
4484.559 18.9709
4487.082 19.0854
4489.604 19.1761
4492.127 19.2567
4494.649 19.3247
4497.171 19.3776
4499.694 19.4243
4502.216 19.4563
4504.739 19.4816
4507.261 19.4987
4509.784 19.5044
4512.306 19.5050
4514.829 19.4919
4517.351 19.4702
4519.873 19.4383
4522.396 19.3875
4524.918 19.3278
4527.441 19.2407
4529.963 19.1344
4532.486 19.0057
4535.008 18.8334
4537.531 18.7566
4540.053 18.8906
4542.576 19.0117
4545.098 19.1179
4547.620 19.2047
4550.143 19.2839
4552.665 19.3450
4555.188 19.3977
4557.710 19.4409
4560.233 19.4714
4562.755 19.4968
4565.278 19.5099
4567.800 19.5161
4570.322 19.5148
4572.845 19.5008
4575.367 19.4811
4577.890 19.4453
4580.412 19.3981
4582.935 19.3385
4585.457 19.2534
4587.980 19.1565
4590.502 19.0248
4593.024 18.8672
4595.547 18.7492
4598.069 18.8842
4600.592 19.0094
4603.114 19.1115
4605.637 19.2020
4608.159 19.2804
4610.682 19.3422
4613.204 19.3976
4615.727 19.4386
4618.249 19.4723
4620.771 19.4984
4623.294 19.5134
4625.816 19.5239
4628.339 19.5234
4630.861 19.5159
4633.384 19.5012
4635.906 19.4722
4638.429 19.4369
4640.951 19.3835
4643.473 19.3158
4645.996 19.2341
4648.518 19.1209
4651.041 18.9931
4653.563 18.8247
4656.086 18.7730
4658.608 18.9084
4661.131 19.0202
4663.653 19.1233
4666.176 19.2067
4668.698 19.2795
4671.220 19.3424
4673.743 19.3906
4676.265 19.4334
4678.788 19.4641
4681.310 19.4881
4683.833 19.5057
4686.355 19.5127
4688.878 19.5155
4691.400 19.5078
4693.922 19.4924
4696.445 19.4700
4698.967 19.4319
4701.490 19.3867
4704.012 19.3226
4706.535 19.2423
4709.057 19.1477
4711.580 19.0186
4714.102 18.8739
4716.624 18.6895
4719.147 18.8252
4721.669 18.9474
4724.192 19.0474
4726.714 19.1395
4729.237 19.2138
4731.759 19.2777
4734.282 19.3329
4736.804 19.3737
4739.327 19.4095
4741.849 19.4343
4744.371 19.4522
4746.894 19.4645
4749.416 19.4664
4751.939 19.4643
4754.461 19.4527
4756.984 19.4334
4759.506 19.4078
4762.029 19.3671
4764.551 19.3195
4767.073 19.2548
4769.596 19.1740
4772.118 19.0804
4774.641 18.9532
4777.163 18.8109
4779.686 18.6305
4782.208 18.7564
4784.731 18.8774
4787.253 18.9754
4789.776 19.0657
4792.298 19.1389
4794.820 19.2013
4797.343 19.2555
4799.865 19.2953
4802.388 19.3301
4804.910 19.3544
4807.433 19.3717
4809.955 19.3837
4812.478 19.3855
4815.000 19.3834
4817.522 19.3724
4820.045 19.3541
4822.567 19.3303
4825.090 19.2925
4827.612 19.2486
4830.135 19.1899
4832.657 19.1169
4835.180 19.0333
4837.702 18.9203
4840.224 18.7943
4842.747 18.6372
4845.269 18.5638
4847.792 18.7022
4850.314 18.8142
4852.837 18.9173
4855.359 19.0010
4857.882 19.0713
4860.404 19.1322
4862.927 19.1751
4865.449 19.2122
4867.971 19.2370
4870.494 19.2538
4873.016 19.2649
4875.539 19.2654
4878.061 19.2624
4880.584 19.2519
4883.106 19.2354
4885.629 19.2150
4888.151 19.1843
4890.673 19.1493
4893.196 19.1044
4895.718 19.0488
4898.241 18.9860
4900.763 18.9005
4903.286 18.8046
4905.808 18.6847
4908.331 18.5381
4910.853 18.3743
4913.376 18.4499
4915.898 18.5723
4918.420 18.6748
4920.943 18.7622
4923.465 18.8399
4925.988 18.8969
4928.510 18.9473
4931.033 18.9843
4933.555 19.0115
4936.078 19.0325
4938.600 19.0410
4941.122 19.0455
4943.645 19.0421
4946.167 19.0325
4948.690 19.0192
4951.212 18.9967
4953.735 18.9706
4956.257 18.9371
4958.780 18.8954
4961.302 18.8490
4963.824 18.7862
4966.347 18.7159
4968.869 18.6295
4971.392 18.5235
4973.914 18.4061
4976.437 18.2486
4978.959 18.0735
4981.482 17.8603
4984.004 18.2056
4986.527 18.3083
4989.049 18.3869
4991.571 18.4579
4994.094 18.5130
4996.616 18.5548
4999.139 18.5893
5001.661 18.6062
5004.184 18.6179
5006.706 18.6188
5009.229 18.6113
5011.751 18.5992
5014.273 18.5759
5016.796 18.5493
5019.318 18.5157
5021.841 18.4757
5024.363 18.4322
5026.886 18.3779
5029.408 18.3191
5031.931 18.2513
5034.453 18.1720
5036.976 18.0866
5039.498 17.9779
5042.020 17.8587
5044.543 17.7180
5047.065 17.5493
5049.588 17.3662
5052.110 17.1277
5054.633 16.8653
5057.155 16.5548
5059.678 16.1836
5062.200 15.7820
