# lambda zeropoint
6137.400 19.1538
6141.741 19.1554
6146.082 19.1571
6150.422 19.1587
6154.763 19.1602
6159.104 19.1618
6163.445 19.1633
6167.785 19.1648
6172.126 19.1663
6176.467 19.1678
6180.808 19.1692
6185.149 19.1706
6189.489 19.1720
6193.830 19.1734
6198.171 19.1747
6202.512 19.1760
6206.853 19.1773
6211.193 19.1786
6215.534 19.1799
6219.875 19.1811
6224.216 19.1823
6228.556 19.1835
6232.897 19.1847
6237.238 19.1859
6241.579 19.1870
6245.920 19.1881
6250.260 19.1892
6254.601 19.1902
6258.942 19.1913
6263.283 19.1923
6267.623 19.1933
6271.964 19.1943
6276.305 19.1953
6280.646 19.1962
6284.987 19.1972
6289.327 19.1981
6293.668 19.1989
6298.009 19.1998
6302.350 19.2007
6306.691 19.2015
6311.031 19.2023
6315.372 19.2031
6319.713 19.2039
6324.054 19.2046
6328.394 19.2054
6332.735 19.2061
6337.076 19.2068
6341.417 19.2074
6345.758 19.2081
6350.098 19.2087
6354.439 19.2094
6358.780 19.2100
6363.121 19.2106
6367.461 19.2111
6371.802 19.2117
6376.143 19.2122
6380.484 19.2128
6384.825 19.2133
6389.165 19.2137
6393.506 19.2142
6397.847 19.2147
6402.188 19.2151
6406.528 19.2155
6410.869 19.2159
6415.210 19.2163
6419.551 19.2167
6423.892 19.2170
6428.232 19.2174
6432.573 19.2177
6436.914 19.2180
6441.255 19.2183
6445.596 19.2185
6449.936 19.2188
6454.277 19.2190
6458.618 19.2193
6462.959 19.2195
6467.299 19.2197
6471.640 19.2199
6475.981 19.2200
6480.322 19.2202
6484.663 19.2203
6489.003 19.2204
6493.344 19.2205
6497.685 19.2206
6502.026 19.2207
6506.366 19.2208
6510.707 19.2208
6515.048 19.2209
6519.389 19.2209
6523.730 19.2209
6528.070 19.2209
6532.411 19.2209
6536.752 19.2208
6541.093 19.2208
6545.434 19.2207
6549.774 19.2206
6554.115 19.2206
6558.456 19.2205
6562.797 19.2203
6567.137 19.2202
6571.478 19.2201
6575.819 19.2199
6580.160 19.2198
6584.501 19.2196
6588.841 19.2194
6593.182 19.2192
6597.523 19.2190
6601.864 19.2188
6606.204 19.2185
6610.545 19.2183
6614.886 19.2180
6619.227 19.2177
6623.568 19.2174
6627.908 19.2171
6632.249 19.2168
6636.590 19.2165
6640.931 19.2162
6645.272 19.2158
6649.612 19.2155
6653.953 19.2151
6658.294 19.2148
6662.635 19.2144
6666.975 19.2140
6671.316 19.2136
6675.657 19.2131
6679.998 19.2127
6684.339 19.2123
6688.679 19.2118
6693.020 19.2114
6697.361 19.2109
6701.702 19.2104
6706.042 19.2099
6710.383 19.2094
6714.724 19.2089
6719.065 19.2084
6723.406 19.2078
6727.746 19.2073
6732.087 19.2068
6736.428 19.2062
6740.769 19.2056
6745.109 19.2050
6749.450 19.2045
6753.791 19.2039
6758.132 19.2033
6762.473 19.2026
6766.813 19.2020
6771.154 19.2014
6775.495 19.2007
6779.836 19.2001
6784.177 19.1994
6788.517 19.1988
6792.858 19.1981
6797.199 19.1974
6801.540 19.1967
6805.880 19.1960
6810.221 19.1953
6814.562 19.1946
6818.903 19.1938
6823.244 19.1931
6827.584 19.1924
6831.925 19.1916
6836.266 19.1909
6840.607 19.1901
6844.947 19.1893
6849.288 19.1885
6853.629 19.1878
6857.970 19.1870
6862.311 19.1862
6866.651 19.1853
6870.992 19.1845
6875.333 19.1837
6879.674 19.1829
6884.015 19.1820
6888.355 19.1812
6892.696 19.1803
6897.037 19.1795
6901.378 19.1786
6905.718 19.1777
6910.059 19.1768
6914.400 19.1760
6918.741 19.1751
6923.082 19.1742
6927.422 19.1733
6931.763 19.1724
6936.104 19.1714
6940.445 19.1705
6944.785 19.1696
6949.126 19.1687
6953.467 19.1677
6957.808 19.1668
6962.149 19.1658
6966.489 19.1648
6970.830 19.1639
6975.171 19.1629
6979.512 19.1619
6983.853 19.1609
6988.193 19.1600
6992.534 19.1590
6996.875 19.1580
7001.216 19.1570
7005.556 19.1560
7009.897 19.1549
7014.238 19.1539
7018.579 19.1529
7022.920 19.1519
7027.260 19.1508
7031.601 19.1498
7035.942 19.1487
7040.283 19.1477
7044.623 19.1466
7048.964 19.1456
7053.305 19.1445
7057.646 19.1434
7061.987 19.1424
7066.327 19.1413
7070.668 19.1402
7075.009 19.1391
7079.350 19.1380
7083.691 19.1369
7088.031 19.1358
7092.372 19.1347
7096.713 19.1336
7101.054 19.1325
7105.394 19.1314
7109.735 19.1303
7114.076 19.1291
7118.417 19.1280
7122.758 19.1269
7127.098 19.1257
7131.439 19.1246
7135.780 19.1235
7140.121 19.1223
7144.461 19.1212
7148.802 19.1200
7153.143 19.1188
7157.484 19.1177
7161.825 19.1165
7166.165 19.1153
7170.506 19.1142
7174.847 19.1130
7179.188 19.1118
7183.528 19.1106
7187.869 19.1095
7192.210 19.1083
7196.551 19.1071
7200.892 19.1059
7205.232 19.1047
7209.573 19.1035
7213.914 19.1023
7218.255 19.1011
7222.596 19.0999
7226.936 19.0986
7231.277 19.0974
7235.618 19.0962
7239.959 19.0950
7244.299 19.0938
7248.640 19.0925
7252.981 19.0913
7257.322 19.0901
7261.663 19.0888
7266.003 19.0876
7270.344 19.0864
7274.685 19.0851
7279.026 19.0839
7283.366 19.0826
7287.707 19.0814
7292.048 19.0801
7296.389 19.0789
7300.730 19.0776
7305.070 19.0763
7309.411 19.0751
7313.752 19.0738
7318.093 19.0726
7322.434 19.0713
7326.774 19.0700
7331.115 19.0687
7335.456 19.0675
7339.797 19.0662
7344.137 19.0649
7348.478 19.0636
7352.819 19.0624
7357.160 19.0611
7361.501 19.0598
7365.841 19.0585
7370.182 19.0572
7374.523 19.0559
7378.864 19.0546
7383.204 19.0533
7387.545 19.0520
7391.886 19.0507
7396.227 19.0494
7400.568 19.0481
7404.908 19.0468
7409.249 19.0455
7413.590 19.0442
7417.931 19.0429
7422.272 19.0416
7426.612 19.0403
7430.953 19.0390
7435.294 19.0377
7439.635 19.0363
7443.975 19.0350
7448.316 19.0337
7452.657 19.0324
7456.998 19.0311
7461.339 19.0297
7465.679 19.0284
7470.020 19.0271
7474.361 19.0258
7478.702 19.0244
7483.042 19.0231
7487.383 19.0218
7491.724 19.0204
7496.065 19.0191
7500.406 19.0178
7504.746 19.0164
7509.087 19.0151
7513.428 19.0138
7517.769 19.0124
7522.109 19.0111
7526.450 19.0097
7530.791 19.0084
7535.132 19.0070
7539.473 19.0057
7543.813 19.0044
7548.154 19.0030
7552.495 19.0017
7556.836 19.0003
7561.177 18.9990
7565.517 18.9976
7569.858 18.9963
7574.199 18.9949
7578.540 18.9935
7582.880 18.9922
7587.221 18.9908
7591.562 18.9895
7595.903 18.9881
7600.244 18.9867
7604.584 18.9854
7608.925 18.9840
7613.266 18.9827
7617.607 18.9813
7621.947 18.9799
7626.288 18.9786
7630.629 18.9772
7634.970 18.9758
7639.311 18.9745
7643.651 18.9731
7647.992 18.9717
7652.333 18.9703
7656.674 18.9690
7661.015 18.9676
7665.355 18.9662
7669.696 18.9648
7674.037 18.9635
7678.378 18.9621
7682.718 18.9607
7687.059 18.9593
7691.400 18.9580
