# lambda zeropoint
5822.400 17.7170
5826.600 17.7363
5830.800 17.7552
5835.000 17.7739
5839.200 17.7922
5843.400 17.8101
5847.600 17.8278
5851.800 17.8452
5856.000 17.8623
5860.200 17.8790
5864.400 17.8955
5868.600 17.9117
5872.800 17.9277
5877.000 17.9433
5881.200 17.9587
5885.400 17.9739
5889.600 17.9888
5893.800 18.0034
5898.000 18.0178
5902.200 18.0319
5906.400 18.0458
5910.600 18.0595
5914.800 18.0729
5919.000 18.0861
5923.200 18.0991
5927.400 18.1119
5931.600 18.1244
5935.800 18.1368
5940.000 18.1489
5944.200 18.1609
5948.400 18.1726
5952.600 18.1842
5956.800 18.1955
5961.000 18.2067
5965.200 18.2177
5969.400 18.2285
5973.600 18.2392
5977.800 18.2496
5982.000 18.2599
5986.200 18.2701
5990.400 18.2800
5994.600 18.2898
5998.800 18.2995
6003.000 18.3090
6007.200 18.3183
6011.400 18.3275
6015.600 18.3366
6019.800 18.3455
6024.000 18.3543
6028.200 18.3629
6032.400 18.3714
6036.600 18.3798
6040.800 18.3881
6045.000 18.3962
6049.200 18.4042
6053.400 18.4121
6057.600 18.4198
6061.800 18.4275
6066.000 18.4350
6070.200 18.4424
6074.400 18.4497
6078.600 18.4569
6082.800 18.4640
6087.000 18.4710
6091.200 18.4779
6095.400 18.4847
6099.600 18.4914
6103.800 18.4980
6108.000 18.5045
6112.200 18.5109
6116.400 18.5173
6120.600 18.5235
6124.800 18.5297
6129.000 18.5357
6133.200 18.5417
6137.400 18.5476
6141.600 18.5535
6145.800 18.5592
6150.000 18.5649
6154.200 18.5705
6158.400 18.5761
6162.600 18.5815
6166.800 18.5869
6171.000 18.5923
6175.200 18.5975
6179.400 18.6027
6183.600 18.6079
6187.800 18.6129
6192.000 18.6180
6196.200 18.6229
6200.400 18.6278
6204.600 18.6326
6208.800 18.6374
6213.000 18.6421
6217.200 18.6468
6221.400 18.6514
6225.600 18.6560
6229.800 18.6605
6234.000 18.6650
6238.200 18.6694
6242.400 18.6738
6246.600 18.6781
6250.800 18.6824
6255.000 18.6866
6259.200 18.6908
6263.400 18.6950
6267.600 18.6991
6271.800 18.7031
6276.000 18.7072
6280.200 18.7112
6284.400 18.7151
6288.600 18.7190
6292.800 18.7229
6297.000 18.7267
6301.200 18.7305
6305.400 18.7343
6309.600 18.7380
6313.800 18.7417
6318.000 18.7454
6322.200 18.7490
6326.400 18.7526
6330.600 18.7562
6334.800 18.7598
6339.000 18.7633
6343.200 18.7668
6347.400 18.7702
6351.600 18.7736
6355.800 18.7770
6360.000 18.7804
6364.200 18.7838
6368.400 18.7871
6372.600 18.7904
6376.800 18.7937
6381.000 18.7969
6385.200 18.8001
6389.400 18.8033
6393.600 18.8065
6397.800 18.8097
6402.000 18.8128
6406.200 18.8159
6410.400 18.8190
6414.600 18.8221
6418.800 18.8251
6423.000 18.8281
6427.200 18.8311
6431.400 18.8341
6435.600 18.8371
6439.800 18.8400
6444.000 18.8429
6448.200 18.8459
6452.400 18.8487
6456.600 18.8516
6460.800 18.8545
6465.000 18.8573
6469.200 18.8601
6473.400 18.8629
6477.600 18.8657
6481.800 18.8685
6486.000 18.8712
6490.200 18.8740
6494.400 18.8767
6498.600 18.8794
6502.800 18.8821
6507.000 18.8847
6511.200 18.8874
6515.400 18.8900
6519.600 18.8927
6523.800 18.8953
6528.000 18.8979
6532.200 18.9005
6536.400 18.9030
6540.600 18.9056
6544.800 18.9081
6549.000 18.9106
6553.200 18.9132
6557.400 18.9157
6561.600 18.9181
6565.800 18.9206
6570.000 18.9231
6574.200 18.9255
6578.400 18.9279
6582.600 18.9304
6586.800 18.9328
6591.000 18.9352
6595.200 18.9375
6599.400 18.9399
6603.600 18.9423
6607.800 18.9446
6612.000 18.9469
6616.200 18.9493
6620.400 18.9516
6624.600 18.9538
6628.800 18.9561
6633.000 18.9584
6637.200 18.9607
6641.400 18.9629
6645.600 18.9651
6649.800 18.9673
6654.000 18.9695
6658.200 18.9717
6662.400 18.9739
6666.600 18.9761
6670.800 18.9783
6675.000 18.9804
6679.200 18.9825
6683.400 18.9847
6687.600 18.9868
6691.800 18.9889
6696.000 18.9910
6700.200 18.9930
6704.400 18.9951
6708.600 18.9971
6712.800 18.9992
6717.000 19.0012
6721.200 19.0032
6725.400 19.0052
6729.600 19.0072
6733.800 19.0092
6738.000 19.0112
6742.200 19.0131
6746.400 19.0151
6750.600 19.0170
6754.800 19.0189
6759.000 19.0209
6763.200 19.0228
6767.400 19.0247
6771.600 19.0265
6775.800 19.0284
6780.000 19.0302
6784.200 19.0321
6788.400 19.0339
6792.600 19.0357
6796.800 19.0375
6801.000 19.0393
6805.200 19.0411
6809.400 19.0429
6813.600 19.0446
6817.800 19.0464
6822.000 19.0481
6826.200 19.0499
6830.400 19.0516
6834.600 19.0533
6838.800 19.0550
6843.000 19.0566
6847.200 19.0583
6851.400 19.0600
6855.600 19.0616
6859.800 19.0632
6864.000 19.0648
6868.200 19.0664
6872.400 19.0680
6876.600 19.0696
6880.800 19.0712
6885.000 19.0727
6889.200 19.0743
6893.400 19.0758
6897.600 19.0774
6901.800 19.0789
6906.000 19.0804
6910.200 19.0818
6914.400 19.0833
6918.600 19.0848
6922.800 19.0862
6927.000 19.0877
6931.200 19.0891
6935.400 19.0905
6939.600 19.0919
6943.800 19.0933
6948.000 19.0947
6952.200 19.0960
6956.400 19.0974
6960.600 19.0987
6964.800 19.1001
6969.000 19.1014
6973.200 19.1027
6977.400 19.1040
6981.600 19.1053
6985.800 19.1065
6990.000 19.1078
6994.200 19.1090
6998.400 19.1103
7002.600 19.1115
7006.800 19.1127
7011.000 19.1139
7015.200 19.1151
7019.400 19.1163
7023.600 19.1174
7027.800 19.1186
7032.000 19.1197
7036.200 19.1208
7040.400 19.1220
7044.600 19.1231
7048.800 19.1241
7053.000 19.1252
7057.200 19.1263
7061.400 19.1273
7065.600 19.1284
7069.800 19.1294
7074.000 19.1304
7078.200 19.1314
7082.400 19.1324
7086.600 19.1334
7090.800 19.1344
7095.000 19.1353
7099.200 19.1363
7103.400 19.1372
7107.600 19.1381
7111.800 19.1390
7116.000 19.1399
7120.200 19.1408
7124.400 19.1417
7128.600 19.1426
7132.800 19.1434
7137.000 19.1443
7141.200 19.1451
7145.400 19.1459
7149.600 19.1467
7153.800 19.1475
7158.000 19.1483
7162.200 19.1491
7166.400 19.1498
7170.600 19.1506
7174.800 19.1513
7179.000 19.1520
7183.200 19.1527
7187.400 19.1534
7191.600 19.1541
7195.800 19.1548
7200.000 19.1555
7204.200 19.1561
7208.400 19.1568
7212.600 19.1574
7216.800 19.1580
7221.000 19.1586
7225.200 19.1592
7229.400 19.1598
7233.600 19.1604
7237.800 19.1610
7242.000 19.1615
7246.200 19.1621
7250.400 19.1626
7254.600 19.1631
7258.800 19.1637
7263.000 19.1642
7267.200 19.1647
7271.400 19.1651
7275.600 19.1656
7279.800 19.1661
7284.000 19.1665
7288.200 19.1670
7292.400 19.1674
7296.600 19.1678
7300.800 19.1682
7305.000 19.1686
7309.200 19.1690
7313.400 19.1694
7317.600 19.1697
7321.800 19.1701
7326.000 19.1704
7330.200 19.1708
7334.400 19.1711
7338.600 19.1714
7342.800 19.1717
7347.000 19.1720
7351.200 19.1723
7355.400 19.1726
7359.600 19.1729
7363.800 19.1731
7368.000 19.1734
7372.200 19.1736
7376.400 19.1738
7380.600 19.1740
7384.800 19.1743
7389.000 19.1745
7393.200 19.1747
7397.400 19.1748
7401.600 19.1750
7405.800 19.1752
7410.000 19.1753
7414.200 19.1755
7418.400 19.1756
7422.600 19.1757
7426.800 19.1759
7431.000 19.1760
7435.200 19.1761
7439.400 19.1762
7443.600 19.1763
7447.800 19.1763
7452.000 19.1764
7456.200 19.1765
7460.400 19.1765
7464.600 19.1766
7468.800 19.1766
7473.000 19.1766
7477.200 19.1766
7481.400 19.1766
7485.600 19.1767
7489.800 19.1766
7494.000 19.1766
7498.200 19.1766
7502.400 19.1766
7506.600 19.1765
7510.800 19.1765
7515.000 19.1765
7519.200 19.1764
7523.400 19.1763
7527.600 19.1763
7531.800 19.1762
7536.000 19.1761
7540.200 19.1760
7544.400 19.1759
7548.600 19.1758
7552.800 19.1757
7557.000 19.1755
7561.200 19.1754
7565.400 19.1753
7569.600 19.1751
7573.800 19.1750
7578.000 19.1748
7582.200 19.1747
7586.400 19.1745
7590.600 19.1743
7594.800 19.1741
7599.000 19.1740
7603.200 19.1738
7607.400 19.1736
7611.600 19.1734
7615.800 19.1731
7620.000 19.1729
7624.200 19.1727
7628.400 19.1725
7632.600 19.1722
7636.800 19.1720
7641.000 19.1717
7645.200 19.1715
7649.400 19.1712
7653.600 19.1710
7657.800 19.1707
7662.000 19.1704
7666.200 19.1702
7670.400 19.1699
7674.600 19.1696
7678.800 19.1693
7683.000 19.1690
7687.200 19.1687
7691.400 19.1684
7695.600 19.1681
7699.800 19.1678
7704.000 19.1674
7708.200 19.1671
7712.400 19.1668
7716.600 19.1665
7720.800 19.1661
7725.000 19.1658
7729.200 19.1654
7733.400 19.1651
7737.600 19.1647
7741.800 19.1644
7746.000 19.1640
7750.200 19.1636
7754.400 19.1633
7758.600 19.1629
7762.800 19.1625
7767.000 19.1621
7771.200 19.1618
7775.400 19.1614
7779.600 19.1610
7783.800 19.1606
7788.000 19.1602
7792.200 19.1598
7796.400 19.1594
7800.600 19.1590
7804.800 19.1586
7809.000 19.1582
7813.200 19.1578
7817.400 19.1573
7821.600 19.1569
7825.800 19.1565
7830.000 19.1561
7834.200 19.1557
7838.400 19.1552
7842.600 19.1548
7846.800 19.1544
7851.000 19.1539
7855.200 19.1535
7859.400 19.1531
7863.600 19.1526
7867.800 19.1522
7872.000 19.1517
7876.200 19.1513
7880.400 19.1508
7884.600 19.1504
7888.800 19.1499
7893.000 19.1495
7897.200 19.1490
7901.400 19.1486
7905.600 19.1481
7909.800 19.1477
7914.000 19.1472
7918.200 19.1468
7922.400 19.1463
7926.600 19.1458
7930.800 19.1454
7935.000 19.1449
7939.200 19.1444
7943.400 19.1440
7947.600 19.1435
7951.800 19.1431
7956.000 19.1426
7960.200 19.1421
7964.400 19.1417
7968.600 19.1412
7972.800 19.1407
7977.000 19.1403
7981.200 19.1398
7985.400 19.1393
7989.600 19.1389
7993.800 19.1384
7998.000 19.1379
8002.200 19.1375
8006.400 19.1370
8010.600 19.1365
8014.800 19.1361
8019.000 19.1356
8023.200 19.1351
8027.400 19.1347
8031.600 19.1342
8035.800 19.1337
8040.000 19.1333
8044.200 19.1328
8048.400 19.1324
8052.600 19.1319
8056.800 19.1314
8061.000 19.1310
8065.200 19.1305
8069.400 19.1301
8073.600 19.1296
8077.800 19.1291
8082.000 19.1287
8086.200 19.1282
8090.400 19.1278
8094.600 19.1273
8098.800 19.1269
8103.000 19.1264
8107.200 19.1260
8111.400 19.1256
8115.600 19.1251
8119.800 19.1247
8124.000 19.1242
8128.200 19.1238
8132.400 19.1234
8136.600 19.1229
8140.800 19.1225
8145.000 19.1221
8149.200 19.1216
8153.400 19.1212
8157.600 19.1208
8161.800 19.1204
8166.000 19.1199
8170.200 19.1195
8174.400 19.1191
8178.600 19.1187
8182.800 19.1183
8187.000 19.1179
8191.200 19.1175
8195.400 19.1171
8199.600 19.1167
8203.800 19.1162
8208.000 19.1159
8212.200 19.1155
8216.400 19.1151
8220.600 19.1147
8224.800 19.1143
8229.000 19.1139
8233.200 19.1135
8237.400 19.1131
8241.600 19.1128
8245.800 19.1124
8250.000 19.1120
8254.200 19.1116
8258.400 19.1113
8262.600 19.1109
8266.800 19.1105
8271.000 19.1102
8275.200 19.1098
8279.400 19.1095
8283.600 19.1091
8287.800 19.1088
8292.000 19.1084
8296.200 19.1081
8300.400 19.1077
8304.600 19.1074
8308.800 19.1071
8313.000 19.1067
8317.200 19.1064
8321.400 19.1061
8325.600 19.1058
8329.800 19.1055
8334.000 19.1051
8338.200 19.1048
8342.400 19.1045
8346.600 19.1042
8350.800 19.1039
8355.000 19.1036
8359.200 19.1033
8363.400 19.1030
8367.600 19.1027
8371.800 19.1024
8376.000 19.1022
8380.200 19.1019
8384.400 19.1016
8388.600 19.1013
8392.800 19.1011
8397.000 19.1008
8401.200 19.1005
8405.400 19.1003
8409.600 19.1000
8413.800 19.0997
8418.000 19.0995
8422.200 19.0992
8426.400 19.0990
8430.600 19.0987
8434.800 19.0985
8439.000 19.0983
8443.200 19.0980
8447.400 19.0978
8451.600 19.0976
8455.800 19.0973
8460.000 19.0971
8464.200 19.0969
8468.400 19.0967
8472.600 19.0965
8476.800 19.0962
8481.000 19.0960
8485.200 19.0958
8489.400 19.0956
8493.600 19.0954
8497.800 19.0952
8502.000 19.0950
8506.200 19.0948
8510.400 19.0947
8514.600 19.0945
8518.800 19.0943
8523.000 19.0941
8527.200 19.0939
8531.400 19.0937
8535.600 19.0936
8539.800 19.0934
8544.000 19.0932
8548.200 19.0931
8552.400 19.0929
8556.600 19.0927
8560.800 19.0926
8565.000 19.0924
8569.200 19.0923
8573.400 19.0921
8577.600 19.0920
8581.800 19.0918
8586.000 19.0917
8590.200 19.0915
8594.400 19.0914
8598.600 19.0912
8602.800 19.0911
8607.000 19.0909
8611.200 19.0908
8615.400 19.0907
8619.600 19.0905
8623.800 19.0904
8628.000 19.0903
8632.200 19.0901
8636.400 19.0900
8640.600 19.0899
8644.800 19.0898
8649.000 19.0896
8653.200 19.0895
8657.400 19.0894
8661.600 19.0893
8665.800 19.0892
8670.000 19.0890
8674.200 19.0889
8678.400 19.0888
8682.600 19.0887
8686.800 19.0886
8691.000 19.0884
8695.200 19.0883
8699.400 19.0882
8703.600 19.0881
8707.800 19.0880
8712.000 19.0879
8716.200 19.0878
8720.400 19.0876
8724.600 19.0875
8728.800 19.0874
8733.000 19.0873
8737.200 19.0872
8741.400 19.0871
8745.600 19.0869
8749.800 19.0868
8754.000 19.0867
8758.200 19.0866
8762.400 19.0865
8766.600 19.0863
8770.800 19.0862
8775.000 19.0861
8779.200 19.0860
8783.400 19.0858
8787.600 19.0857
8791.800 19.0856
8796.000 19.0855
8800.200 19.0853
8804.400 19.0852
8808.600 19.0851
8812.800 19.0849
8817.000 19.0848
8821.200 19.0846
8825.400 19.0845
8829.600 19.0843
8833.800 19.0842
8838.000 19.0840
8842.200 19.0839
8846.400 19.0837
8850.600 19.0835
8854.800 19.0834
8859.000 19.0832
8863.200 19.0830
8867.400 19.0829
8871.600 19.0827
8875.800 19.0825
8880.000 19.0823
8884.200 19.0821
8888.400 19.0819
8892.600 19.0817
8896.800 19.0815
8901.000 19.0813
8905.200 19.0811
8909.400 19.0809
8913.600 19.0806
8917.800 19.0804
8922.000 19.0802
8926.200 19.0799
8930.400 19.0797
8934.600 19.0794
8938.800 19.0792
8943.000 19.0789
8947.200 19.0786
8951.400 19.0784
8955.600 19.0781
8959.800 19.0778
8964.000 19.0775
8968.200 19.0772
8972.400 19.0769
8976.600 19.0766
8980.800 19.0762
8985.000 19.0759
8989.200 19.0756
8993.400 19.0752
8997.600 19.0749
9001.800 19.0745
9006.000 19.0741
9010.200 19.0738
9014.400 19.0734
9018.600 19.0730
9022.800 19.0726
9027.000 19.0722
9031.200 19.0717
9035.400 19.0713
9039.600 19.0709
9043.800 19.0704
9048.000 19.0700
9052.200 19.0695
9056.400 19.0690
9060.600 19.0685
9064.800 19.0680
9069.000 19.0675
9073.200 19.0670
9077.400 19.0665
9081.600 19.0659
9085.800 19.0654
9090.000 19.0648
9094.200 19.0642
9098.400 19.0636
9102.600 19.0630
9106.800 19.0624
9111.000 19.0618
9115.200 19.0611
9119.400 19.0605
9123.600 19.0598
9127.800 19.0591
9132.000 19.0585
9136.200 19.0577
9140.400 19.0570
9144.600 19.0563
9148.800 19.0556
9153.000 19.0548
9157.200 19.0540
9161.400 19.0532
9165.600 19.0524
9169.800 19.0516
9174.000 19.0508
9178.200 19.0499
9182.400 19.0491
9186.600 19.0482
9190.800 19.0473
9195.000 19.0464
9199.200 19.0454
9203.400 19.0445
9207.600 19.0435
9211.800 19.0426
9216.000 19.0416
9220.200 19.0405
9224.400 19.0395
9228.600 19.0385
9232.800 19.0374
9237.000 19.0363
9241.200 19.0352
9245.400 19.0341
9249.600 19.0329
9253.800 19.0318
9258.000 19.0306
9262.200 19.0294
9266.400 19.0282
9270.600 19.0269
9274.800 19.0257
9279.000 19.0244
9283.200 19.0231
9287.400 19.0218
9291.600 19.0204
9295.800 19.0191
9300.000 19.0177
9304.200 19.0163
9308.400 19.0148
9312.600 19.0134
9316.800 19.0119
9321.000 19.0104
9325.200 19.0089
9329.400 19.0073
9333.600 19.0058
9337.800 19.0042
9342.000 19.0026
9346.200 19.0009
9350.400 18.9992
9354.600 18.9976
9358.800 18.9958
9363.000 18.9941
9367.200 18.9923
9371.400 18.9905
9375.600 18.9887
9379.800 18.9869
9384.000 18.9850
9388.200 18.9831
9392.400 18.9812
9396.600 18.9792
9400.800 18.9772
9405.000 18.9752
9409.200 18.9732
9413.400 18.9711
9417.600 18.9690
9421.800 18.9669
9426.000 18.9647
9430.200 18.9625
9434.400 18.9603
9438.600 18.9581
9442.800 18.9558
9447.000 18.9535
9451.200 18.9511
9455.400 18.9488
9459.600 18.9464
9463.800 18.9439
9468.000 18.9415
9472.200 18.9390
9476.400 18.9364
9480.600 18.9338
9484.800 18.9312
9489.000 18.9286
9493.200 18.9259
9497.400 18.9232
9501.600 18.9205
9505.800 18.9177
9510.000 18.9149
9514.200 18.9120
9518.400 18.9091
9522.600 18.9062
9526.800 18.9032
9531.000 18.9002
9535.200 18.8972
9539.400 18.8941
9543.600 18.8909
9547.800 18.8878
9552.000 18.8846
9556.200 18.8813
9560.400 18.8780
9564.600 18.8747
9568.800 18.8713
9573.000 18.8679
9577.200 18.8645
9581.400 18.8610
9585.600 18.8574
9589.800 18.8539
9594.000 18.8502
9598.200 18.8465
9602.400 18.8428
9606.600 18.8390
9610.800 18.8352
9615.000 18.8314
9619.200 18.8275
9623.400 18.8235
9627.600 18.8195
9631.800 18.8154
9636.000 18.8113
9640.200 18.8072
9644.400 18.8030
9648.600 18.7987
9652.800 18.7944
9657.000 18.7900
9661.200 18.7856
9665.400 18.7811
9669.600 18.7766
9673.800 18.7720
9678.000 18.7674
9682.200 18.7627
9686.400 18.7579
9690.600 18.7531
9694.800 18.7483
9699.000 18.7433
9703.200 18.7384
9707.400 18.7333
9711.600 18.7282
9715.800 18.7230
9720.000 18.7178
9724.200 18.7125
9728.400 18.7072
9732.600 18.7017
9736.800 18.6963
9741.000 18.6907
9745.200 18.6851
9749.400 18.6794
9753.600 18.6737
9757.800 18.6678
9762.000 18.6619
9766.200 18.6560
9770.400 18.6499
9774.600 18.6438
9778.800 18.6376
9783.000 18.6314
9787.200 18.6250
9791.400 18.6186
9795.600 18.6121
9799.800 18.6056
9804.000 18.5989
9808.200 18.5922
9812.400 18.5854
9816.600 18.5785
9820.800 18.5715
9825.000 18.5645
9829.200 18.5573
9833.400 18.5501
9837.600 18.5428
9841.800 18.5354
9846.000 18.5279
9850.200 18.5203
9854.400 18.5126
9858.600 18.5049
9862.800 18.4970
9867.000 18.4890
9871.200 18.4810
9875.400 18.4728
9879.600 18.4646
9883.800 18.4562
9888.000 18.4478
9892.200 18.4392
9896.400 18.4305
9900.600 18.4217
9904.800 18.4129
9909.000 18.4039
9913.200 18.3948
9917.400 18.3856
9921.600 18.3762
9925.800 18.3668
9930.000 18.3572
9934.200 18.3475
9938.400 18.3377
9942.600 18.3278
9946.800 18.3178
9951.000 18.3076
9955.200 18.2973
9959.400 18.2869
9963.600 18.2763
9967.800 18.2656
9972.000 18.2548
9976.200 18.2438
9980.400 18.2327
9984.600 18.2215
9988.800 18.2101
9993.000 18.1986
9997.200 18.1869
10001.400 18.1751
10005.600 18.1631
10009.800 18.1510
10014.000 18.1387
10018.200 18.1263
10022.400 18.1137
10026.600 18.1010
10030.800 18.0881
10035.000 18.0750
10039.200 18.0617
10043.400 18.0483
10047.600 18.0347
10051.800 18.0209
10056.000 18.0070
10060.200 17.9929
10064.400 17.9786
10068.600 17.9641
10072.800 17.9494
10077.000 17.9345
10081.200 17.9194
10085.400 17.9042
10089.600 17.8887
10093.800 17.8730
10098.000 17.8571
10102.200 17.8411
10106.400 17.8248
10110.600 17.8082
10114.800 17.7915
10119.000 17.7746
10123.200 17.7574
10127.400 17.7400
10131.600 17.7223
10135.800 17.7045
10140.000 17.6864
10144.200 17.6680
10148.400 17.6494
10152.600 17.6306
10156.800 17.6115
10161.000 17.5921
10165.200 17.5725
10169.400 17.5526
10173.600 17.5325
10177.800 17.5120
10182.000 17.4914
10186.200 17.4704
10190.400 17.4491
10194.600 17.4276
10198.800 17.4057
10203.000 17.3836
10207.200 17.3611
