# lambda zeropoint
3772.800 16.0850
3777.000 16.1368
3781.200 16.1873
3785.400 16.2367
3789.600 16.2850
3793.800 16.3322
3798.000 16.3783
3802.200 16.4233
3806.400 16.4673
3810.600 16.5103
3814.800 16.5524
3819.000 16.5935
3823.200 16.6337
3827.400 16.6730
3831.600 16.7115
3835.800 16.7491
3840.000 16.7859
3844.200 16.8219
3848.400 16.8571
3852.600 16.8916
3856.800 16.9253
3861.000 16.9583
3865.200 16.9907
3869.400 17.0223
3873.600 17.0533
3877.800 17.0837
3882.000 17.1134
3886.200 17.1426
3890.400 17.1711
3894.600 17.1991
3898.800 17.2265
3903.000 17.2534
3907.200 17.2798
3911.400 17.3056
3915.600 17.3309
3919.800 17.3558
3924.000 17.3802
3928.200 17.4041
3932.400 17.4275
3936.600 17.4505
3940.800 17.4731
3945.000 17.4953
3949.200 17.5170
3953.400 17.5384
3957.600 17.5594
3961.800 17.5800
3966.000 17.6002
3970.200 17.6201
3974.400 17.6396
3978.600 17.6588
3982.800 17.6776
3987.000 17.6961
3991.200 17.7143
3995.400 17.7322
3999.600 17.7498
4003.800 17.7671
4008.000 17.7841
4012.200 17.8008
4016.400 17.8172
4020.600 17.8334
4024.800 17.8493
4029.000 17.8649
4033.200 17.8803
4037.400 17.8955
4041.600 17.9104
4045.800 17.9250
4050.000 17.9394
4054.200 17.9536
4058.400 17.9676
4062.600 17.9814
4066.800 17.9949
4071.000 18.0082
4075.200 18.0214
4079.400 18.0343
4083.600 18.0470
4087.800 18.0595
4092.000 18.0719
4096.200 18.0840
4100.400 18.0960
4104.600 18.1078
4108.800 18.1194
4113.000 18.1308
4117.200 18.1421
4121.400 18.1532
4125.600 18.1641
4129.800 18.1748
4134.000 18.1855
4138.200 18.1959
4142.400 18.2062
4146.600 18.2163
4150.800 18.2263
4155.000 18.2362
4159.200 18.2459
4163.400 18.2554
4167.600 18.2649
4171.800 18.2741
4176.000 18.2833
4180.200 18.2923
4184.400 18.3012
4188.600 18.3099
4192.800 18.3185
4197.000 18.3270
4201.200 18.3354
4205.400 18.3437
4209.600 18.3518
4213.800 18.3598
4218.000 18.3677
4222.200 18.3755
4226.400 18.3832
4230.600 18.3907
4234.800 18.3982
4239.000 18.4055
4243.200 18.4127
4247.400 18.4199
4251.600 18.4269
4255.800 18.4338
4260.000 18.4406
4264.200 18.4474
4268.400 18.4540
4272.600 18.4605
4276.800 18.4670
4281.000 18.4733
4285.200 18.4796
4289.400 18.4857
4293.600 18.4918
4297.800 18.4978
4302.000 18.5037
4306.200 18.5095
4310.400 18.5152
4314.600 18.5209
4318.800 18.5264
4323.000 18.5319
4327.200 18.5374
4331.400 18.5427
4335.600 18.5479
4339.800 18.5531
4344.000 18.5582
4348.200 18.5633
4352.400 18.5683
4356.600 18.5732
4360.800 18.5780
4365.000 18.5828
4369.200 18.5875
4373.400 18.5921
4377.600 18.5967
4381.800 18.6012
4386.000 18.6056
4390.200 18.6100
4394.400 18.6143
4398.600 18.6186
4402.800 18.6228
4407.000 18.6270
4411.200 18.6311
4415.400 18.6352
4419.600 18.6392
4423.800 18.6431
4428.000 18.6470
4432.200 18.6509
4436.400 18.6547
4440.600 18.6585
4444.800 18.6622
4449.000 18.6659
4453.200 18.6695
4457.400 18.6731
4461.600 18.6766
4465.800 18.6801
4470.000 18.6836
4474.200 18.6871
4478.400 18.6905
4482.600 18.6938
4486.800 18.6971
4491.000 18.7004
4495.200 18.7037
4499.400 18.7069
4503.600 18.7101
4507.800 18.7133
4512.000 18.7164
4516.200 18.7195
4520.400 18.7226
4524.600 18.7257
4528.800 18.7287
4533.000 18.7317
4537.200 18.7347
4541.400 18.7377
4545.600 18.7406
4549.800 18.7435
4554.000 18.7464
4558.200 18.7493
4562.400 18.7522
4566.600 18.7550
4570.800 18.7579
4575.000 18.7607
4579.200 18.7635
4583.400 18.7662
4587.600 18.7690
4591.800 18.7718
4596.000 18.7745
4600.200 18.7772
4604.400 18.7800
4608.600 18.7827
4612.800 18.7854
4617.000 18.7880
4621.200 18.7907
4625.400 18.7934
4629.600 18.7961
4633.800 18.7987
4638.000 18.8014
4642.200 18.8040
4646.400 18.8067
4650.600 18.8093
4654.800 18.8119
4659.000 18.8146
4663.200 18.8172
4667.400 18.8198
4671.600 18.8224
4675.800 18.8250
4680.000 18.8277
4684.200 18.8303
4688.400 18.8329
4692.600 18.8355
4696.800 18.8381
4701.000 18.8407
4705.200 18.8433
4709.400 18.8460
4713.600 18.8486
4717.800 18.8512
4722.000 18.8538
4726.200 18.8564
4730.400 18.8591
4734.600 18.8617
4738.800 18.8643
4743.000 18.8670
4747.200 18.8696
4751.400 18.8722
4755.600 18.8749
4759.800 18.8775
4764.000 18.8802
4768.200 18.8828
4772.400 18.8855
4776.600 18.8882
4780.800 18.8908
4785.000 18.8935
4789.200 18.8962
4793.400 18.8989
4797.600 18.9016
4801.800 18.9042
4806.000 18.9069
4810.200 18.9096
4814.400 18.9123
4818.600 18.9150
4822.800 18.9178
4827.000 18.9205
4831.200 18.9232
4835.400 18.9259
4839.600 18.9287
4843.800 18.9314
4848.000 18.9341
4852.200 18.9369
4856.400 18.9396
4860.600 18.9424
4864.800 18.9451
4869.000 18.9479
4873.200 18.9506
4877.400 18.9534
4881.600 18.9562
4885.800 18.9589
4890.000 18.9617
4894.200 18.9645
4898.400 18.9672
4902.600 18.9700
4906.800 18.9728
4911.000 18.9756
4915.200 18.9784
4919.400 18.9811
4923.600 18.9839
4927.800 18.9867
4932.000 18.9895
4936.200 18.9923
4940.400 18.9950
4944.600 18.9978
4948.800 19.0006
4953.000 19.0034
4957.200 19.0061
4961.400 19.0089
4965.600 19.0117
4969.800 19.0145
4974.000 19.0172
4978.200 19.0200
4982.400 19.0227
4986.600 19.0255
4990.800 19.0282
4995.000 19.0310
4999.200 19.0337
5003.400 19.0365
5007.600 19.0392
5011.800 19.0419
5016.000 19.0446
5020.200 19.0474
5024.400 19.0501
5028.600 19.0528
5032.800 19.0555
5037.000 19.0581
5041.200 19.0608
5045.400 19.0635
5049.600 19.0661
5053.800 19.0688
5058.000 19.0714
5062.200 19.0741
5066.400 19.0767
5070.600 19.0793
5074.800 19.0819
5079.000 19.0845
5083.200 19.0871
5087.400 19.0896
5091.600 19.0922
5095.800 19.0947
5100.000 19.0972
5104.200 19.0998
5108.400 19.1023
5112.600 19.1048
5116.800 19.1072
5121.000 19.1097
5125.200 19.1121
5129.400 19.1146
5133.600 19.1170
5137.800 19.1194
5142.000 19.1218
5146.200 19.1241
5150.400 19.1265
5154.600 19.1288
5158.800 19.1312
5163.000 19.1335
5167.200 19.1358
5171.400 19.1380
5175.600 19.1403
5179.800 19.1425
5184.000 19.1447
5188.200 19.1469
5192.400 19.1491
5196.600 19.1513
5200.800 19.1534
5205.000 19.1556
5209.200 19.1577
5213.400 19.1598
5217.600 19.1618
5221.800 19.1639
5226.000 19.1659
5230.200 19.1679
5234.400 19.1699
5238.600 19.1719
5242.800 19.1739
5247.000 19.1758
5251.200 19.1777
5255.400 19.1796
5259.600 19.1815
5263.800 19.1833
5268.000 19.1852
5272.200 19.1870
5276.400 19.1888
5280.600 19.1906
5284.800 19.1923
5289.000 19.1940
5293.200 19.1957
5297.400 19.1974
5301.600 19.1991
5305.800 19.2007
5310.000 19.2024
5314.200 19.2040
5318.400 19.2056
5322.600 19.2071
5326.800 19.2087
5331.000 19.2102
5335.200 19.2117
5339.400 19.2132
5343.600 19.2146
5347.800 19.2161
5352.000 19.2175
5356.200 19.2189
5360.400 19.2203
5364.600 19.2216
5368.800 19.2230
5373.000 19.2243
5377.200 19.2256
5381.400 19.2268
5385.600 19.2281
5389.800 19.2293
5394.000 19.2306
5398.200 19.2318
5402.400 19.2329
5406.600 19.2341
5410.800 19.2352
5415.000 19.2363
5419.200 19.2374
5423.400 19.2385
5427.600 19.2396
5431.800 19.2406
5436.000 19.2417
5440.200 19.2427
5444.400 19.2437
5448.600 19.2446
5452.800 19.2456
5457.000 19.2465
5461.200 19.2474
5465.400 19.2483
5469.600 19.2492
5473.800 19.2501
5478.000 19.2509
5482.200 19.2518
5486.400 19.2526
5490.600 19.2534
5494.800 19.2542
5499.000 19.2549
5503.200 19.2557
5507.400 19.2564
5511.600 19.2571
5515.800 19.2578
5520.000 19.2585
5524.200 19.2592
5528.400 19.2599
5532.600 19.2605
5536.800 19.2611
5541.000 19.2617
5545.200 19.2623
5549.400 19.2629
5553.600 19.2635
5557.800 19.2640
5562.000 19.2646
5566.200 19.2651
5570.400 19.2656
5574.600 19.2661
5578.800 19.2666
5583.000 19.2671
5587.200 19.2675
5591.400 19.2680
5595.600 19.2684
5599.800 19.2688
5604.000 19.2693
5608.200 19.2696
5612.400 19.2700
5616.600 19.2704
5620.800 19.2708
5625.000 19.2711
5629.200 19.2714
5633.400 19.2718
5637.600 19.2721
5641.800 19.2724
5646.000 19.2726
5650.200 19.2729
5654.400 19.2732
5658.600 19.2734
5662.800 19.2736
5667.000 19.2739
5671.200 19.2741
5675.400 19.2743
5679.600 19.2745
5683.800 19.2746
5688.000 19.2748
5692.200 19.2749
5696.400 19.2751
5700.600 19.2752
5704.800 19.2753
5709.000 19.2754
5713.200 19.2755
5717.400 19.2756
5721.600 19.2756
5725.800 19.2757
5730.000 19.2757
5734.200 19.2757
5738.400 19.2757
5742.600 19.2757
5746.800 19.2757
5751.000 19.2757
5755.200 19.2756
5759.400 19.2756
5763.600 19.2755
5767.800 19.2754
5772.000 19.2753
5776.200 19.2752
5780.400 19.2750
5784.600 19.2749
5788.800 19.2747
5793.000 19.2745
5797.200 19.2743
5801.400 19.2741
5805.600 19.2739
5809.800 19.2736
5814.000 19.2734
5818.200 19.2731
5822.400 19.2728
5826.600 19.2725
5830.800 19.2721
5835.000 19.2718
5839.200 19.2714
5843.400 19.2710
5847.600 19.2706
5851.800 19.2702
5856.000 19.2697
5860.200 19.2692
5864.400 19.2687
5868.600 19.2682
5872.800 19.2677
5877.000 19.2671
5881.200 19.2665
5885.400 19.2659
5889.600 19.2653
5893.800 19.2646
5898.000 19.2640
5902.200 19.2633
5906.400 19.2625
5910.600 19.2618
5914.800 19.2610
5919.000 19.2602
5923.200 19.2594
5927.400 19.2585
5931.600 19.2576
5935.800 19.2567
5940.000 19.2558
5944.200 19.2548
5948.400 19.2538
5952.600 19.2528
5956.800 19.2517
5961.000 19.2506
5965.200 19.2495
5969.400 19.2483
5973.600 19.2472
5977.800 19.2459
5982.000 19.2447
5986.200 19.2434
5990.400 19.2421
5994.600 19.2408
5998.800 19.2394
6003.000 19.2380
6007.200 19.2365
6011.400 19.2350
6015.600 19.2335
6019.800 19.2320
6024.000 19.2304
6028.200 19.2287
6032.400 19.2271
6036.600 19.2254
6040.800 19.2236
6045.000 19.2219
6049.200 19.2200
6053.400 19.2182
6057.600 19.2163
6061.800 19.2144
6066.000 19.2124
6070.200 19.2104
6074.400 19.2083
6078.600 19.2062
6082.800 19.2041
6087.000 19.2019
6091.200 19.1997
6095.400 19.1975
6099.600 19.1952
6103.800 19.1929
6108.000 19.1905
6112.200 19.1881
6116.400 19.1856
6120.600 19.1831
6124.800 19.1806
6129.000 19.1780
6133.200 19.1754
6137.400 19.1727
6141.600 19.1700
6145.800 19.1672
6150.000 19.1644
6154.200 19.1616
6158.400 19.1587
6162.600 19.1558
6166.800 19.1529
6171.000 19.1499
6175.200 19.1468
6179.400 19.1437
6183.600 19.1406
6187.800 19.1374
6192.000 19.1342
6196.200 19.1310
6200.400 19.1277
6204.600 19.1244
6208.800 19.1210
6213.000 19.1176
6217.200 19.1141
6221.400 19.1106
6225.600 19.1071
6229.800 19.1035
6234.000 19.0999
6238.200 19.0963
6242.400 19.0926
6246.600 19.0889
6250.800 19.0851
6255.000 19.0813
6259.200 19.0775
6263.400 19.0737
6267.600 19.0697
6271.800 19.0658
6276.000 19.0618
6280.200 19.0578
6284.400 19.0538
6288.600 19.0497
6292.800 19.0456
6297.000 19.0415
6301.200 19.0373
6305.400 19.0331
6309.600 19.0289
6313.800 19.0246
6318.000 19.0203
6322.200 19.0160
6326.400 19.0116
6330.600 19.0072
6334.800 19.0028
6339.000 18.9984
6343.200 18.9939
6347.400 18.9894
6351.600 18.9849
6355.800 18.9803
6360.000 18.9758
6364.200 18.9711
6368.400 18.9665
6372.600 18.9619
6376.800 18.9572
6381.000 18.9525
6385.200 18.9477
6389.400 18.9430
6393.600 18.9382
6397.800 18.9334
6402.000 18.9285
6406.200 18.9237
6410.400 18.9188
6414.600 18.9139
6418.800 18.9089
6423.000 18.9039
6427.200 18.8989
6431.400 18.8939
6435.600 18.8889
6439.800 18.8838
6444.000 18.8787
6448.200 18.8735
6452.400 18.8683
6456.600 18.8631
6460.800 18.8579
6465.000 18.8526
6469.200 18.8473
6473.400 18.8420
6477.600 18.8366
6481.800 18.8311
6486.000 18.8257
6490.200 18.8201
6494.400 18.8146
6498.600 18.8089
6502.800 18.8033
6507.000 18.7975
6511.200 18.7918
6515.400 18.7859
6519.600 18.7800
6523.800 18.7740
