# lambda zeropoint
4180.200 18.2889
4184.545 18.2960
4188.890 18.3031
4193.234 18.3102
4197.579 18.3174
4201.924 18.3245
4206.269 18.3317
4210.614 18.3389
4214.959 18.3461
4219.303 18.3533
4223.648 18.3605
4227.993 18.3677
4232.338 18.3750
4236.683 18.3822
4241.028 18.3895
4245.372 18.3967
4249.717 18.4040
4254.062 18.4112
4258.407 18.4185
4262.752 18.4258
4267.097 18.4330
4271.441 18.4403
4275.786 18.4476
4280.131 18.4549
4284.476 18.4621
4288.821 18.4694
4293.166 18.4767
4297.510 18.4839
4301.855 18.4912
4306.200 18.4984
4310.545 18.5057
4314.890 18.5129
4319.234 18.5201
4323.579 18.5273
4327.924 18.5345
4332.269 18.5417
4336.614 18.5489
4340.959 18.5561
4345.303 18.5633
4349.648 18.5704
4353.993 18.5776
4358.338 18.5847
4362.683 18.5918
4367.028 18.5989
4371.372 18.6060
4375.717 18.6130
4380.062 18.6201
4384.407 18.6271
4388.752 18.6341
4393.097 18.6411
4397.441 18.6481
4401.786 18.6550
4406.131 18.6619
4410.476 18.6688
4414.821 18.6757
4419.166 18.6826
4423.510 18.6894
4427.855 18.6962
4432.200 18.7030
4436.545 18.7098
4440.890 18.7165
4445.234 18.7232
4449.579 18.7299
4453.924 18.7366
4458.269 18.7432
4462.614 18.7498
4466.959 18.7564
4471.303 18.7629
4475.648 18.7695
4479.993 18.7760
4484.338 18.7824
4488.683 18.7888
4493.028 18.7952
4497.372 18.8016
4501.717 18.8079
4506.062 18.8142
4510.407 18.8205
4514.752 18.8267
4519.097 18.8328
4523.441 18.8390
4527.786 18.8452
4532.131 18.8513
4536.476 18.8574
4540.821 18.8634
4545.166 18.8694
4549.510 18.8753
4553.855 18.8813
4558.200 18.8871
4562.545 18.8930
4566.890 18.8988
4571.234 18.9045
4575.579 18.9103
4579.924 18.9160
4584.269 18.9216
4588.614 18.9272
4592.959 18.9328
4597.303 18.9383
4601.648 18.9438
4605.993 18.9492
4610.338 18.9546
4614.683 18.9600
4619.028 18.9653
4623.372 18.9706
4627.717 18.9758
4632.062 18.9810
4636.407 18.9862
4640.752 18.9913
4645.097 18.9964
4649.441 19.0014
4653.786 19.0064
4658.131 19.0113
4662.476 19.0162
4666.821 19.0211
4671.166 19.0259
4675.510 19.0306
4679.855 19.0354
4684.200 19.0400
4688.545 19.0446
4692.890 19.0492
4697.234 19.0538
4701.579 19.0583
4705.924 19.0627
4710.269 19.0671
4714.614 19.0715
4718.959 19.0758
4723.303 19.0800
4727.648 19.0842
4731.993 19.0884
4736.338 19.0925
4740.683 19.0966
4745.028 19.1006
4749.372 19.1046
4753.717 19.1086
4758.062 19.1125
4762.407 19.1163
4766.752 19.1201
4771.097 19.1239
4775.441 19.1276
4779.786 19.1312
4784.131 19.1348
4788.476 19.1384
4792.821 19.1419
4797.166 19.1454
4801.510 19.1488
4805.855 19.1522
4810.200 19.1555
4814.545 19.1588
4818.890 19.1620
4823.234 19.1652
4827.579 19.1683
4831.924 19.1714
4836.269 19.1744
4840.614 19.1774
4844.959 19.1804
4849.303 19.1833
4853.648 19.1861
4857.993 19.1889
4862.338 19.1917
4866.683 19.1944
4871.028 19.1971
4875.372 19.1997
4879.717 19.2023
4884.062 19.2048
4888.407 19.2073
4892.752 19.2097
4897.097 19.2121
4901.441 19.2145
4905.786 19.2168
4910.131 19.2190
4914.476 19.2212
4918.821 19.2234
4923.166 19.2255
4927.510 19.2276
4931.855 19.2295
4936.200 19.2314
4940.545 19.2334
4944.890 19.2353
4949.234 19.2372
4953.579 19.2390
4957.924 19.2408
4962.269 19.2425
4966.614 19.2442
4970.959 19.2458
4975.303 19.2474
4979.648 19.2489
4983.993 19.2504
4988.338 19.2519
4992.683 19.2533
4997.028 19.2546
5001.372 19.2560
5005.717 19.2572
5010.062 19.2585
5014.407 19.2597
5018.752 19.2608
5023.097 19.2620
5027.441 19.2630
5031.786 19.2641
5036.131 19.2651
5040.476 19.2660
5044.821 19.2670
5049.166 19.2678
5053.510 19.2687
5057.855 19.2695
5062.200 19.2702
5066.545 19.2710
5070.890 19.2716
5075.234 19.2723
5079.579 19.2729
5083.924 19.2735
5088.269 19.2740
5092.614 19.2745
5096.959 19.2750
5101.303 19.2754
5105.648 19.2758
5109.993 19.2762
5114.338 19.2765
5118.683 19.2768
5123.028 19.2771
5127.372 19.2773
5131.717 19.2775
5136.062 19.2776
5140.407 19.2778
5144.752 19.2778
5149.097 19.2779
5153.441 19.2779
5157.786 19.2779
5162.131 19.2779
5166.476 19.2779
5170.821 19.2778
5175.166 19.2777
5179.510 19.2775
5183.855 19.2773
5188.200 19.2771
5192.545 19.2769
5196.890 19.2766
5201.234 19.2764
5205.579 19.2760
5209.924 19.2757
5214.269 19.2753
5218.614 19.2750
5222.959 19.2746
5227.303 19.2741
5231.648 19.2737
5235.993 19.2732
5240.338 19.2727
5244.683 19.2722
5249.028 19.2716
5253.372 19.2710
5257.717 19.2704
5262.062 19.2698
5266.407 19.2692
5270.752 19.2686
5275.097 19.2679
5279.441 19.2672
5283.786 19.2665
5288.131 19.2658
5292.476 19.2651
5296.821 19.2643
5301.166 19.2636
5305.510 19.2628
5309.855 19.2620
5314.200 19.2612
5318.545 19.2604
5322.890 19.2595
5327.234 19.2587
5331.579 19.2578
5335.924 19.2569
5340.269 19.2561
5344.614 19.2552
5348.959 19.2543
5353.303 19.2534
5357.648 19.2525
5361.993 19.2515
5366.338 19.2506
5370.683 19.2497
5375.028 19.2487
5379.372 19.2478
5383.717 19.2468
5388.062 19.2459
5392.407 19.2449
5396.752 19.2440
5401.097 19.2430
5405.441 19.2420
5409.786 19.2411
5414.131 19.2401
5418.476 19.2392
5422.821 19.2382
5427.166 19.2372
5431.510 19.2363
5435.855 19.2353
5440.200 19.2344
5444.545 19.2334
5448.890 19.2325
5453.234 19.2315
5457.579 19.2306
5461.924 19.2297
5466.269 19.2288
5470.614 19.2279
5474.959 19.2270
5479.303 19.2261
5483.648 19.2252
5487.993 19.2243
5492.338 19.2235
5496.683 19.2226
5501.028 19.2218
5505.372 19.2210
5509.717 19.2202
5514.062 19.2194
5518.407 19.2186
5522.752 19.2179
5527.097 19.2171
5531.441 19.2164
5535.786 19.2157
5540.131 19.2150
5544.476 19.2144
5548.821 19.2137
5553.166 19.2131
5557.510 19.2125
5561.855 19.2119
5566.200 19.2114
5570.545 19.2109
5574.890 19.2104
5579.234 19.2099
5583.579 19.2095
5587.924 19.2090
5592.269 19.2087
5596.614 19.2083
5600.959 19.2080
5605.303 19.2077
5609.648 19.2074
5613.993 19.2072
5618.338 19.2070
5622.683 19.2068
5627.028 19.2067
5631.372 19.2066
5635.717 19.2065
5640.062 19.2065
5644.407 19.2065
5648.752 19.2066
5653.097 19.2067
5657.441 19.2068
5661.786 19.2070
5666.131 19.2072
5670.476 19.2074
5674.821 19.2077
5679.166 19.2081
5683.510 19.2085
5687.855 19.2089
5692.200 19.2094
