# lambda zeropoint
3613.200 11.7968
3617.400 11.9159
3621.600 12.0326
3625.800 12.1469
3630.000 12.2589
3634.200 12.3686
3638.400 12.4761
3642.600 12.5815
3646.800 12.6846
3651.000 12.7857
3655.200 12.8848
3659.400 12.9818
3663.600 13.0768
3667.800 13.1699
3672.000 13.2611
3676.200 13.3505
3680.400 13.4380
3684.600 13.5237
3688.800 13.6077
3693.000 13.6899
3697.200 13.7705
3701.400 13.8494
3705.600 13.9267
3709.800 14.0024
3714.000 14.0766
3718.200 14.1492
3722.400 14.2204
3726.600 14.2901
3730.800 14.3583
3735.000 14.4252
3739.200 14.4907
3743.400 14.5549
3747.600 14.6177
3751.800 14.6793
3756.000 14.7396
3760.200 14.7987
3764.400 14.8566
3768.600 14.9132
3772.800 14.9688
3777.000 15.0232
3781.200 15.0765
3785.400 15.1287
3789.600 15.1799
3793.800 15.2300
3798.000 15.2791
3802.200 15.3272
3806.400 15.3743
3810.600 15.4205
3814.800 15.4658
3819.000 15.5101
3823.200 15.5536
3827.400 15.5962
3831.600 15.6380
3835.800 15.6789
3840.000 15.7190
3844.200 15.7583
3848.400 15.7969
3852.600 15.8346
3856.800 15.8717
3861.000 15.9080
3865.200 15.9436
3869.400 15.9785
3873.600 16.0128
3877.800 16.0464
3882.000 16.0793
3886.200 16.1116
3890.400 16.1433
3894.600 16.1744
3898.800 16.2049
3903.000 16.2349
3907.200 16.2642
3911.400 16.2931
3915.600 16.3214
3919.800 16.3491
3924.000 16.3764
3928.200 16.4032
3932.400 16.4295
3936.600 16.4553
3940.800 16.4806
3945.000 16.5055
3949.200 16.5300
3953.400 16.5540
3957.600 16.5776
3961.800 16.6009
3966.000 16.6237
3970.200 16.6461
3974.400 16.6681
3978.600 16.6898
3982.800 16.7111
3987.000 16.7321
3991.200 16.7527
3995.400 16.7730
3999.600 16.7930
4003.800 16.8126
4008.000 16.8319
4012.200 16.8510
4016.400 16.8697
4020.600 16.8882
4024.800 16.9064
4029.000 16.9243
4033.200 16.9419
4037.400 16.9593
4041.600 16.9764
4045.800 16.9933
4050.000 17.0100
4054.200 17.0264
4058.400 17.0426
4062.600 17.0585
4066.800 17.0743
4071.000 17.0898
4075.200 17.1052
4079.400 17.1203
4083.600 17.1353
4087.800 17.1500
4092.000 17.1646
4096.200 17.1790
4100.400 17.1933
4104.600 17.2073
4108.800 17.2212
4113.000 17.2349
4117.200 17.2485
4121.400 17.2619
4125.600 17.2752
4129.800 17.2884
4134.000 17.3013
4138.200 17.3142
4142.400 17.3269
4146.600 17.3395
4150.800 17.3520
4155.000 17.3643
4159.200 17.3766
4163.400 17.3887
4167.600 17.4007
4171.800 17.4126
4176.000 17.4243
4180.200 17.4360
4184.400 17.4476
4188.600 17.4591
4192.800 17.4704
4197.000 17.4817
4201.200 17.4929
4205.400 17.5040
4209.600 17.5150
4213.800 17.5260
4218.000 17.5368
4222.200 17.5476
4226.400 17.5582
4230.600 17.5689
4234.800 17.5794
4239.000 17.5898
4243.200 17.6002
4247.400 17.6105
4251.600 17.6208
4255.800 17.6310
4260.000 17.6411
4264.200 17.6511
4268.400 17.6611
4272.600 17.6711
4276.800 17.6809
4281.000 17.6908
4285.200 17.7005
4289.400 17.7102
4293.600 17.7198
4297.800 17.7294
4302.000 17.7390
4306.200 17.7485
4310.400 17.7579
4314.600 17.7673
4318.800 17.7766
4323.000 17.7859
4327.200 17.7951
4331.400 17.8043
4335.600 17.8135
4339.800 17.8226
4344.000 17.8317
4348.200 17.8407
4352.400 17.8496
4356.600 17.8586
4360.800 17.8675
4365.000 17.8763
4369.200 17.8851
4373.400 17.8939
4377.600 17.9026
4381.800 17.9113
4386.000 17.9200
4390.200 17.9286
4394.400 17.9372
4398.600 17.9457
4402.800 17.9542
4407.000 17.9627
4411.200 17.9711
4415.400 17.9795
4419.600 17.9878
4423.800 17.9962
4428.000 18.0045
4432.200 18.0127
4436.400 18.0209
4440.600 18.0291
4444.800 18.0372
4449.000 18.0454
4453.200 18.0534
4457.400 18.0615
4461.600 18.0695
4465.800 18.0775
4470.000 18.0854
4474.200 18.0933
4478.400 18.1012
4482.600 18.1090
4486.800 18.1168
4491.000 18.1246
4495.200 18.1324
4499.400 18.1401
4503.600 18.1478
4507.800 18.1554
4512.000 18.1630
4516.200 18.1706
4520.400 18.1781
4524.600 18.1856
4528.800 18.1931
4533.000 18.2006
4537.200 18.2080
4541.400 18.2153
4545.600 18.2227
4549.800 18.2300
4554.000 18.2373
4558.200 18.2445
4562.400 18.2517
4566.600 18.2589
4570.800 18.2661
4575.000 18.2732
4579.200 18.2802
4583.400 18.2873
4587.600 18.2943
4591.800 18.3013
4596.000 18.3082
4600.200 18.3151
4604.400 18.3220
4608.600 18.3289
4612.800 18.3357
4617.000 18.3424
4621.200 18.3492
4625.400 18.3559
4629.600 18.3626
4633.800 18.3692
4638.000 18.3758
4642.200 18.3824
4646.400 18.3889
4650.600 18.3954
4654.800 18.4019
4659.000 18.4083
4663.200 18.4147
4667.400 18.4210
4671.600 18.4274
4675.800 18.4337
4680.000 18.4399
4684.200 18.4461
4688.400 18.4523
4692.600 18.4585
4696.800 18.4646
4701.000 18.4707
4705.200 18.4767
4709.400 18.4827
4713.600 18.4887
4717.800 18.4947
4722.000 18.5006
4726.200 18.5064
4730.400 18.5123
4734.600 18.5181
4738.800 18.5238
4743.000 18.5296
4747.200 18.5353
4751.400 18.5409
4755.600 18.5465
4759.800 18.5521
4764.000 18.5577
4768.200 18.5632
4772.400 18.5687
4776.600 18.5741
4780.800 18.5795
4785.000 18.5849
4789.200 18.5903
4793.400 18.5956
4797.600 18.6008
4801.800 18.6061
4806.000 18.6113
4810.200 18.6164
4814.400 18.6216
4818.600 18.6267
4822.800 18.6317
4827.000 18.6367
4831.200 18.6417
4835.400 18.6467
4839.600 18.6516
4843.800 18.6565
4848.000 18.6614
4852.200 18.6662
4856.400 18.6710
4860.600 18.6757
4864.800 18.6804
4869.000 18.6851
4873.200 18.6897
4877.400 18.6944
4881.600 18.6989
4885.800 18.7035
4890.000 18.7080
4894.200 18.7125
4898.400 18.7169
4902.600 18.7213
4906.800 18.7257
4911.000 18.7300
4915.200 18.7343
4919.400 18.7386
4923.600 18.7429
4927.800 18.7471
4932.000 18.7513
4936.200 18.7554
4940.400 18.7595
4944.600 18.7636
4948.800 18.7676
4953.000 18.7717
4957.200 18.7756
4961.400 18.7796
4965.600 18.7835
4969.800 18.7874
4974.000 18.7913
4978.200 18.7951
4982.400 18.7989
4986.600 18.8027
4990.800 18.8064
4995.000 18.8101
4999.200 18.8138
5003.400 18.8174
5007.600 18.8210
5011.800 18.8246
5016.000 18.8282
5020.200 18.8317
5024.400 18.8352
5028.600 18.8386
5032.800 18.8421
5037.000 18.8455
5041.200 18.8488
5045.400 18.8522
5049.600 18.8555
5053.800 18.8588
5058.000 18.8621
5062.200 18.8653
5066.400 18.8685
5070.600 18.8717
5074.800 18.8748
5079.000 18.8780
5083.200 18.8811
5087.400 18.8841
5091.600 18.8872
5095.800 18.8902
5100.000 18.8932
5104.200 18.8962
5108.400 18.8991
5112.600 18.9020
5116.800 18.9049
5121.000 18.9078
5125.200 18.9106
5129.400 18.9134
5133.600 18.9162
5137.800 18.9190
5142.000 18.9217
5146.200 18.9244
5150.400 18.9271
5154.600 18.9298
5158.800 18.9324
5163.000 18.9350
5167.200 18.9376
5171.400 18.9402
5175.600 18.9428
5179.800 18.9453
5184.000 18.9478
5188.200 18.9503
5192.400 18.9527
5196.600 18.9552
5200.800 18.9576
5205.000 18.9600
5209.200 18.9624
5213.400 18.9647
5217.600 18.9670
5221.800 18.9693
5226.000 18.9716
5230.200 18.9739
5234.400 18.9762
5238.600 18.9784
5242.800 18.9806
5247.000 18.9828
5251.200 18.9849
5255.400 18.9871
5259.600 18.9892
5263.800 18.9913
5268.000 18.9934
5272.200 18.9955
5276.400 18.9976
5280.600 18.9996
5284.800 19.0016
5289.000 19.0036
5293.200 19.0056
5297.400 19.0076
5301.600 19.0095
5305.800 19.0115
5310.000 19.0134
5314.200 19.0153
5318.400 19.0171
5322.600 19.0190
5326.800 19.0209
5331.000 19.0227
5335.200 19.0245
5339.400 19.0263
5343.600 19.0281
5347.800 19.0299
5352.000 19.0316
5356.200 19.0333
5360.400 19.0351
5364.600 19.0368
5368.800 19.0385
5373.000 19.0401
5377.200 19.0418
5381.400 19.0435
5385.600 19.0451
5389.800 19.0467
5394.000 19.0483
5398.200 19.0499
5402.400 19.0515
5406.600 19.0531
5410.800 19.0546
5415.000 19.0561
5419.200 19.0577
5423.400 19.0592
5427.600 19.0607
5431.800 19.0622
5436.000 19.0636
5440.200 19.0651
5444.400 19.0666
5448.600 19.0680
5452.800 19.0694
5457.000 19.0708
5461.200 19.0722
5465.400 19.0736
5469.600 19.0750
5473.800 19.0764
5478.000 19.0777
5482.200 19.0791
5486.400 19.0804
5490.600 19.0818
5494.800 19.0831
5499.000 19.0844
5503.200 19.0857
5507.400 19.0869
5511.600 19.0882
5515.800 19.0895
5520.000 19.0907
5524.200 19.0920
5528.400 19.0932
5532.600 19.0944
5536.800 19.0956
5541.000 19.0968
5545.200 19.0980
5549.400 19.0992
5553.600 19.1004
5557.800 19.1016
5562.000 19.1027
5566.200 19.1039
5570.400 19.1050
5574.600 19.1061
5578.800 19.1072
5583.000 19.1084
5587.200 19.1095
5591.400 19.1106
5595.600 19.1116
5599.800 19.1127
5604.000 19.1138
5608.200 19.1148
5612.400 19.1159
5616.600 19.1169
5620.800 19.1180
5625.000 19.1190
5629.200 19.1200
5633.400 19.1210
5637.600 19.1220
5641.800 19.1230
5646.000 19.1240
5650.200 19.1250
5654.400 19.1260
5658.600 19.1269
5662.800 19.1279
5667.000 19.1289
5671.200 19.1298
5675.400 19.1307
5679.600 19.1317
5683.800 19.1326
5688.000 19.1335
5692.200 19.1344
5696.400 19.1353
5700.600 19.1362
5704.800 19.1371
5709.000 19.1380
5713.200 19.1389
5717.400 19.1397
5721.600 19.1406
5725.800 19.1414
5730.000 19.1423
5734.200 19.1431
5738.400 19.1440
5742.600 19.1448
5746.800 19.1456
5751.000 19.1464
5755.200 19.1472
5759.400 19.1480
5763.600 19.1488
5767.800 19.1496
5772.000 19.1504
5776.200 19.1512
5780.400 19.1519
5784.600 19.1527
5788.800 19.1535
5793.000 19.1542
5797.200 19.1550
5801.400 19.1557
5805.600 19.1564
5809.800 19.1572
5814.000 19.1579
5818.200 19.1586
5822.400 19.1593
5826.600 19.1600
5830.800 19.1607
5835.000 19.1614
5839.200 19.1621
5843.400 19.1628
5847.600 19.1634
5851.800 19.1641
5856.000 19.1648
5860.200 19.1654
5864.400 19.1661
5868.600 19.1667
5872.800 19.1673
5877.000 19.1680
5881.200 19.1686
5885.400 19.1692
5889.600 19.1698
5893.800 19.1704
5898.000 19.1711
5902.200 19.1716
5906.400 19.1722
5910.600 19.1728
5914.800 19.1734
5919.000 19.1740
5923.200 19.1745
5927.400 19.1751
5931.600 19.1757
5935.800 19.1762
5940.000 19.1768
5944.200 19.1773
5948.400 19.1778
5952.600 19.1784
5956.800 19.1789
5961.000 19.1794
5965.200 19.1799
5969.400 19.1804
5973.600 19.1809
5977.800 19.1814
5982.000 19.1819
5986.200 19.1824
5990.400 19.1829
5994.600 19.1833
5998.800 19.1838
6003.000 19.1843
6007.200 19.1847
6011.400 19.1852
6015.600 19.1856
6019.800 19.1861
6024.000 19.1865
6028.200 19.1869
6032.400 19.1873
6036.600 19.1877
6040.800 19.1882
6045.000 19.1886
6049.200 19.1890
6053.400 19.1894
6057.600 19.1897
6061.800 19.1901
6066.000 19.1905
6070.200 19.1909
6074.400 19.1912
6078.600 19.1916
6082.800 19.1919
6087.000 19.1923
6091.200 19.1926
6095.400 19.1930
6099.600 19.1933
6103.800 19.1936
6108.000 19.1939
6112.200 19.1943
6116.400 19.1946
6120.600 19.1949
6124.800 19.1952
6129.000 19.1955
6133.200 19.1957
6137.400 19.1960
6141.600 19.1963
6145.800 19.1966
6150.000 19.1968
6154.200 19.1971
6158.400 19.1973
6162.600 19.1976
6166.800 19.1978
6171.000 19.1981
6175.200 19.1983
6179.400 19.1985
6183.600 19.1987
6187.800 19.1990
6192.000 19.1992
6196.200 19.1994
6200.400 19.1996
6204.600 19.1998
6208.800 19.1999
6213.000 19.2001
6217.200 19.2003
6221.400 19.2005
6225.600 19.2006
6229.800 19.2008
6234.000 19.2009
6238.200 19.2011
6242.400 19.2012
6246.600 19.2014
6250.800 19.2015
6255.000 19.2016
6259.200 19.2017
6263.400 19.2018
6267.600 19.2019
6271.800 19.2020
6276.000 19.2021
6280.200 19.2022
6284.400 19.2023
6288.600 19.2024
6292.800 19.2025
6297.000 19.2025
6301.200 19.2026
6305.400 19.2027
6309.600 19.2027
6313.800 19.2028
6318.000 19.2028
6322.200 19.2028
6326.400 19.2029
6330.600 19.2029
6334.800 19.2029
6339.000 19.2029
6343.200 19.2029
6347.400 19.2029
6351.600 19.2029
6355.800 19.2029
6360.000 19.2029
6364.200 19.2029
6368.400 19.2029
6372.600 19.2029
6376.800 19.2028
6381.000 19.2028
6385.200 19.2027
6389.400 19.2027
6393.600 19.2026
6397.800 19.2026
6402.000 19.2025
6406.200 19.2024
6410.400 19.2024
6414.600 19.2023
6418.800 19.2022
6423.000 19.2021
6427.200 19.2020
6431.400 19.2019
6435.600 19.2018
6439.800 19.2017
6444.000 19.2016
6448.200 19.2015
6452.400 19.2013
6456.600 19.2012
6460.800 19.2011
6465.000 19.2009
6469.200 19.2008
6473.400 19.2006
6477.600 19.2005
6481.800 19.2003
6486.000 19.2002
6490.200 19.2000
6494.400 19.1998
6498.600 19.1996
6502.800 19.1994
6507.000 19.1992
6511.200 19.1991
6515.400 19.1989
6519.600 19.1986
6523.800 19.1984
6528.000 19.1982
6532.200 19.1980
6536.400 19.1978
6540.600 19.1976
6544.800 19.1973
6549.000 19.1971
6553.200 19.1968
6557.400 19.1966
6561.600 19.1963
6565.800 19.1961
6570.000 19.1958
6574.200 19.1956
6578.400 19.1953
6582.600 19.1950
6586.800 19.1947
6591.000 19.1944
6595.200 19.1942
6599.400 19.1939
6603.600 19.1936
6607.800 19.1933
6612.000 19.1930
6616.200 19.1926
6620.400 19.1923
6624.600 19.1920
6628.800 19.1917
6633.000 19.1914
6637.200 19.1910
6641.400 19.1907
6645.600 19.1903
6649.800 19.1900
6654.000 19.1896
6658.200 19.1893
6662.400 19.1889
6666.600 19.1886
6670.800 19.1882
6675.000 19.1878
6679.200 19.1874
6683.400 19.1871
6687.600 19.1867
6691.800 19.1863
6696.000 19.1859
6700.200 19.1855
6704.400 19.1851
6708.600 19.1847
6712.800 19.1843
6717.000 19.1839
6721.200 19.1834
6725.400 19.1830
6729.600 19.1826
6733.800 19.1822
6738.000 19.1817
6742.200 19.1813
6746.400 19.1808
6750.600 19.1804
6754.800 19.1799
6759.000 19.1795
6763.200 19.1790
6767.400 19.1786
6771.600 19.1781
6775.800 19.1776
6780.000 19.1771
6784.200 19.1767
6788.400 19.1762
6792.600 19.1757
6796.800 19.1752
6801.000 19.1747
6805.200 19.1742
6809.400 19.1737
6813.600 19.1732
6817.800 19.1727
6822.000 19.1721
6826.200 19.1716
6830.400 19.1711
6834.600 19.1706
6838.800 19.1700
6843.000 19.1695
6847.200 19.1689
6851.400 19.1684
6855.600 19.1679
6859.800 19.1673
6864.000 19.1667
6868.200 19.1662
6872.400 19.1656
6876.600 19.1650
6880.800 19.1645
6885.000 19.1639
6889.200 19.1633
6893.400 19.1627
6897.600 19.1621
6901.800 19.1615
6906.000 19.1609
6910.200 19.1603
6914.400 19.1597
6918.600 19.1591
6922.800 19.1585
6927.000 19.1579
6931.200 19.1573
6935.400 19.1566
6939.600 19.1560
6943.800 19.1554
6948.000 19.1547
6952.200 19.1541
6956.400 19.1535
6960.600 19.1528
6964.800 19.1521
6969.000 19.1515
6973.200 19.1508
6977.400 19.1502
6981.600 19.1495
6985.800 19.1488
6990.000 19.1481
6994.200 19.1474
6998.400 19.1468
7002.600 19.1461
7006.800 19.1454
7011.000 19.1447
7015.200 19.1440
7019.400 19.1433
7023.600 19.1425
7027.800 19.1418
7032.000 19.1411
7036.200 19.1404
7040.400 19.1396
7044.600 19.1389
7048.800 19.1382
7053.000 19.1374
7057.200 19.1367
7061.400 19.1359
7065.600 19.1352
7069.800 19.1344
7074.000 19.1336
7078.200 19.1329
7082.400 19.1321
7086.600 19.1313
7090.800 19.1305
7095.000 19.1298
7099.200 19.1290
7103.400 19.1282
7107.600 19.1274
7111.800 19.1266
7116.000 19.1257
7120.200 19.1249
7124.400 19.1241
7128.600 19.1233
7132.800 19.1225
7137.000 19.1216
7141.200 19.1208
7145.400 19.1199
7149.600 19.1191
7153.800 19.1182
7158.000 19.1174
7162.200 19.1165
7166.400 19.1156
7170.600 19.1148
7174.800 19.1139
7179.000 19.1130
7183.200 19.1121
7187.400 19.1112
7191.600 19.1103
7195.800 19.1094
7200.000 19.1085
7204.200 19.1076
7208.400 19.1067
7212.600 19.1058
7216.800 19.1048
7221.000 19.1039
7225.200 19.1030
7229.400 19.1020
7233.600 19.1011
7237.800 19.1001
7242.000 19.0992
7246.200 19.0982
7250.400 19.0972
7254.600 19.0963
7258.800 19.0953
7263.000 19.0943
7267.200 19.0933
7271.400 19.0923
7275.600 19.0913
7279.800 19.0903
7284.000 19.0893
7288.200 19.0883
7292.400 19.0873
7296.600 19.0862
7300.800 19.0852
7305.000 19.0842
7309.200 19.0831
7313.400 19.0821
7317.600 19.0810
7321.800 19.0800
7326.000 19.0789
7330.200 19.0778
7334.400 19.0767
7338.600 19.0756
7342.800 19.0746
7347.000 19.0735
7351.200 19.0724
7355.400 19.0713
7359.600 19.0701
7363.800 19.0690
7368.000 19.0679
7372.200 19.0668
7376.400 19.0656
7380.600 19.0645
7384.800 19.0634
7389.000 19.0622
7393.200 19.0610
7397.400 19.0599
7401.600 19.0587
7405.800 19.0575
7410.000 19.0563
7414.200 19.0552
7418.400 19.0540
7422.600 19.0528
7426.800 19.0516
7431.000 19.0503
7435.200 19.0491
7439.400 19.0479
7443.600 19.0467
7447.800 19.0454
7452.000 19.0442
7456.200 19.0429
7460.400 19.0417
7464.600 19.0404
7468.800 19.0392
7473.000 19.0379
7477.200 19.0366
7481.400 19.0353
7485.600 19.0340
7489.800 19.0327
7494.000 19.0314
7498.200 19.0301
7502.400 19.0288
7506.600 19.0275
7510.800 19.0262
7515.000 19.0248
7519.200 19.0235
7523.400 19.0222
7527.600 19.0208
7531.800 19.0195
7536.000 19.0181
7540.200 19.0167
7544.400 19.0153
7548.600 19.0140
7552.800 19.0126
7557.000 19.0112
7561.200 19.0098
7565.400 19.0084
7569.600 19.0070
7573.800 19.0056
7578.000 19.0041
7582.200 19.0027
7586.400 19.0013
7590.600 18.9998
7594.800 18.9984
7599.000 18.9969
7603.200 18.9955
7607.400 18.9940
7611.600 18.9925
7615.800 18.9911
7620.000 18.9896
7624.200 18.9881
7628.400 18.9866
7632.600 18.9851
7636.800 18.9836
7641.000 18.9821
7645.200 18.9806
7649.400 18.9790
7653.600 18.9775
7657.800 18.9760
7662.000 18.9744
7666.200 18.9729
7670.400 18.9713
7674.600 18.9698
7678.800 18.9682
7683.000 18.9667
7687.200 18.9651
7691.400 18.9635
7695.600 18.9619
7699.800 18.9603
7704.000 18.9587
7708.200 18.9571
7712.400 18.9555
7716.600 18.9539
7720.800 18.9523
7725.000 18.9507
7729.200 18.9491
7733.400 18.9474
7737.600 18.9458
7741.800 18.9442
7746.000 18.9425
7750.200 18.9409
7754.400 18.9392
7758.600 18.9376
7762.800 18.9359
7767.000 18.9342
7771.200 18.9326
7775.400 18.9309
7779.600 18.9292
7783.800 18.9275
7788.000 18.9258
7792.200 18.9241
7796.400 18.9224
7800.600 18.9207
7804.800 18.9190
7809.000 18.9173
7813.200 18.9156
7817.400 18.9139
7821.600 18.9122
7825.800 18.9104
7830.000 18.9087
7834.200 18.9070
7838.400 18.9052
7842.600 18.9035
7846.800 18.9017
7851.000 18.9000
7855.200 18.8982
7859.400 18.8965
7863.600 18.8947
7867.800 18.8929
7872.000 18.8912
7876.200 18.8894
7880.400 18.8876
7884.600 18.8859
7888.800 18.8841
7893.000 18.8823
7897.200 18.8805
7901.400 18.8787
7905.600 18.8769
7909.800 18.8751
7914.000 18.8733
7918.200 18.8716
7922.400 18.8698
7926.600 18.8680
7930.800 18.8661
7935.000 18.8643
7939.200 18.8625
7943.400 18.8607
7947.600 18.8589
7951.800 18.8571
7956.000 18.8553
7960.200 18.8535
7964.400 18.8516
7968.600 18.8498
7972.800 18.8480
7977.000 18.8462
7981.200 18.8443
7985.400 18.8425
7989.600 18.8407
7993.800 18.8389
7998.000 18.8370
8002.200 18.8352
8006.400 18.8334
8010.600 18.8315
8014.800 18.8297
8019.000 18.8279
8023.200 18.8260
8027.400 18.8242
8031.600 18.8224
8035.800 18.8205
8040.000 18.8187
8044.200 18.8169
8048.400 18.8150
8052.600 18.8132
8056.800 18.8114
8061.000 18.8095
8065.200 18.8077
8069.400 18.8059
8073.600 18.8040
8077.800 18.8022
8082.000 18.8004
8086.200 18.7986
8090.400 18.7967
8094.600 18.7949
8098.800 18.7931
8103.000 18.7913
8107.200 18.7894
8111.400 18.7876
8115.600 18.7858
8119.800 18.7840
8124.000 18.7821
8128.200 18.7803
8132.400 18.7785
8136.600 18.7767
8140.800 18.7749
8145.000 18.7731
8149.200 18.7713
8153.400 18.7695
8157.600 18.7677
8161.800 18.7659
8166.000 18.7641
8170.200 18.7623
8174.400 18.7605
8178.600 18.7587
8182.800 18.7569
8187.000 18.7551
8191.200 18.7534
8195.400 18.7516
8199.600 18.7498
8203.800 18.7480
8208.000 18.7463
8212.200 18.7445
8216.400 18.7427
8220.600 18.7410
8224.800 18.7392
8229.000 18.7375
8233.200 18.7357
8237.400 18.7340
8241.600 18.7322
8245.800 18.7305
8250.000 18.7288
8254.200 18.7270
8258.400 18.7253
8262.600 18.7236
8266.800 18.7219
8271.000 18.7202
8275.200 18.7185
8279.400 18.7168
8283.600 18.7151
8287.800 18.7134
8292.000 18.7117
8296.200 18.7100
8300.400 18.7083
8304.600 18.7066
8308.800 18.7050
8313.000 18.7033
8317.200 18.7016
8321.400 18.7000
8325.600 18.6983
8329.800 18.6967
8334.000 18.6950
8338.200 18.6934
8342.400 18.6918
8346.600 18.6902
8350.800 18.6885
8355.000 18.6869
8359.200 18.6853
8363.400 18.6837
8367.600 18.6821
8371.800 18.6805
8376.000 18.6789
8380.200 18.6773
8384.400 18.6758
8388.600 18.6742
8392.800 18.6726
8397.000 18.6711
8401.200 18.6695
8405.400 18.6679
8409.600 18.6664
8413.800 18.6649
8418.000 18.6633
8422.200 18.6618
8426.400 18.6603
8430.600 18.6588
8434.800 18.6572
8439.000 18.6557
8443.200 18.6542
8447.400 18.6527
8451.600 18.6512
8455.800 18.6498
8460.000 18.6483
8464.200 18.6468
8468.400 18.6453
8472.600 18.6439
8476.800 18.6424
8481.000 18.6410
8485.200 18.6395
8489.400 18.6381
8493.600 18.6366
8497.800 18.6352
8502.000 18.6338
8506.200 18.6324
8510.400 18.6309
8514.600 18.6295
8518.800 18.6281
8523.000 18.6267
8527.200 18.6253
8531.400 18.6239
8535.600 18.6225
8539.800 18.6212
8544.000 18.6198
8548.200 18.6184
8552.400 18.6171
8556.600 18.6157
8560.800 18.6143
8565.000 18.6130
8569.200 18.6116
8573.400 18.6103
8577.600 18.6089
8581.800 18.6076
8586.000 18.6063
8590.200 18.6049
8594.400 18.6036
8598.600 18.6023
8602.800 18.6010
8607.000 18.5997
8611.200 18.5983
8615.400 18.5970
8619.600 18.5957
8623.800 18.5944
8628.000 18.5931
8632.200 18.5918
8636.400 18.5905
8640.600 18.5893
8644.800 18.5880
8649.000 18.5867
8653.200 18.5854
8657.400 18.5841
8661.600 18.5828
8665.800 18.5816
8670.000 18.5803
8674.200 18.5790
8678.400 18.5777
8682.600 18.5765
8686.800 18.5752
8691.000 18.5739
8695.200 18.5727
8699.400 18.5714
8703.600 18.5701
8707.800 18.5689
8712.000 18.5676
8716.200 18.5663
8720.400 18.5651
8724.600 18.5638
8728.800 18.5625
8733.000 18.5613
8737.200 18.5600
8741.400 18.5587
8745.600 18.5575
8749.800 18.5562
8754.000 18.5549
8758.200 18.5536
8762.400 18.5524
8766.600 18.5511
8770.800 18.5498
8775.000 18.5485
8779.200 18.5472
8783.400 18.5459
8787.600 18.5447
8791.800 18.5434
8796.000 18.5421
8800.200 18.5408
8804.400 18.5394
8808.600 18.5381
8812.800 18.5368
8817.000 18.5355
8821.200 18.5342
8825.400 18.5328
8829.600 18.5315
8833.800 18.5302
8838.000 18.5288
8842.200 18.5275
8846.400 18.5261
8850.600 18.5247
8854.800 18.5234
8859.000 18.5220
8863.200 18.5206
8867.400 18.5192
8871.600 18.5178
8875.800 18.5164
8880.000 18.5150
8884.200 18.5136
8888.400 18.5121
8892.600 18.5107
8896.800 18.5092
8901.000 18.5078
8905.200 18.5063
8909.400 18.5048
8913.600 18.5033
8917.800 18.5018
8922.000 18.5003
8926.200 18.4988
8930.400 18.4973
8934.600 18.4957
8938.800 18.4941
8943.000 18.4926
8947.200 18.4910
8951.400 18.4894
8955.600 18.4878
8959.800 18.4862
8964.000 18.4845
8968.200 18.4829
8972.400 18.4812
8976.600 18.4796
8980.800 18.4779
8985.000 18.4762
8989.200 18.4744
8993.400 18.4727
8997.600 18.4710
9001.800 18.4692
9006.000 18.4674
9010.200 18.4656
9014.400 18.4638
9018.600 18.4620
9022.800 18.4601
9027.000 18.4583
9031.200 18.4564
9035.400 18.4545
9039.600 18.4525
9043.800 18.4506
9048.000 18.4487
9052.200 18.4467
9056.400 18.4447
9060.600 18.4427
9064.800 18.4406
9069.000 18.4386
9073.200 18.4365
9077.400 18.4344
9081.600 18.4323
9085.800 18.4302
9090.000 18.4280
9094.200 18.4258
9098.400 18.4236
9102.600 18.4214
9106.800 18.4192
9111.000 18.4169
9115.200 18.4146
9119.400 18.4123
9123.600 18.4099
9127.800 18.4076
9132.000 18.4052
9136.200 18.4028
9140.400 18.4004
9144.600 18.3979
9148.800 18.3954
9153.000 18.3929
9157.200 18.3904
9161.400 18.3878
9165.600 18.3852
9169.800 18.3826
9174.000 18.3800
9178.200 18.3773
9182.400 18.3746
9186.600 18.3719
9190.800 18.3692
9195.000 18.3664
9199.200 18.3636
9203.400 18.3608
9207.600 18.3580
9211.800 18.3551
9216.000 18.3522
9220.200 18.3492
9224.400 18.3463
9228.600 18.3433
9232.800 18.3403
9237.000 18.3372
9241.200 18.3341
9245.400 18.3310
9249.600 18.3279
9253.800 18.3247
9258.000 18.3215
9262.200 18.3183
9266.400 18.3151
9270.600 18.3118
9274.800 18.3085
9279.000 18.3051
9283.200 18.3017
9287.400 18.2983
9291.600 18.2949
9295.800 18.2914
9300.000 18.2879
9304.200 18.2844
9308.400 18.2808
9312.600 18.2772
9316.800 18.2736
9321.000 18.2700
9325.200 18.2663
9329.400 18.2625
9333.600 18.2588
9337.800 18.2550
9342.000 18.2512
9346.200 18.2474
9350.400 18.2435
9354.600 18.2396
9358.800 18.2356
9363.000 18.2316
9367.200 18.2276
9371.400 18.2236
9375.600 18.2195
9379.800 18.2154
9384.000 18.2113
9388.200 18.2071
9392.400 18.2029
9396.600 18.1987
9400.800 18.1944
9405.000 18.1901
9409.200 18.1858
9413.400 18.1814
9417.600 18.1770
9421.800 18.1726
9426.000 18.1682
9430.200 18.1637
9434.400 18.1591
9438.600 18.1546
9442.800 18.1500
9447.000 18.1454
9451.200 18.1407
9455.400 18.1360
9459.600 18.1313
9463.800 18.1266
9468.000 18.1218
9472.200 18.1170
9476.400 18.1121
9480.600 18.1072
9484.800 18.1023
9489.000 18.0974
9493.200 18.0924
9497.400 18.0874
9501.600 18.0824
9505.800 18.0773
9510.000 18.0722
9514.200 18.0671
9518.400 18.0619
9522.600 18.0567
9526.800 18.0515
9531.000 18.0462
9535.200 18.0409
9539.400 18.0356
9543.600 18.0303
9547.800 18.0249
9552.000 18.0195
9556.200 18.0140
9560.400 18.0085
9564.600 18.0030
9568.800 17.9975
9573.000 17.9919
9577.200 17.9863
9581.400 17.9807
9585.600 17.9750
9589.800 17.9694
9594.000 17.9636
9598.200 17.9579
9602.400 17.9521
9606.600 17.9463
9610.800 17.9404
9615.000 17.9346
9619.200 17.9287
9623.400 17.9227
9627.600 17.9168
9631.800 17.9108
9636.000 17.9047
9640.200 17.8987
9644.400 17.8926
9648.600 17.8865
9652.800 17.8803
9657.000 17.8741
9661.200 17.8679
9665.400 17.8617
9669.600 17.8554
9673.800 17.8491
9678.000 17.8428
9682.200 17.8364
9686.400 17.8300
9690.600 17.8236
9694.800 17.8171
9699.000 17.8106
9703.200 17.8041
9707.400 17.7975
9711.600 17.7909
9715.800 17.7843
9720.000 17.7776
9724.200 17.7709
9728.400 17.7642
9732.600 17.7574
9736.800 17.7506
9741.000 17.7437
9745.200 17.7369
9749.400 17.7300
9753.600 17.7230
9757.800 17.7160
9762.000 17.7090
9766.200 17.7019
9770.400 17.6948
9774.600 17.6877
9778.800 17.6805
9783.000 17.6732
9787.200 17.6660
9791.400 17.6587
9795.600 17.6513
9799.800 17.6439
9804.000 17.6364
9808.200 17.6289
9812.400 17.6214
9816.600 17.6138
9820.800 17.6062
9825.000 17.5985
9829.200 17.5907
9833.400 17.5829
9837.600 17.5751
9841.800 17.5672
9846.000 17.5592
9850.200 17.5512
9854.400 17.5431
9858.600 17.5349
9862.800 17.5267
9867.000 17.5184
9871.200 17.5101
9875.400 17.5017
9879.600 17.4932
9883.800 17.4846
9888.000 17.4760
9892.200 17.4673
9896.400 17.4585
9900.600 17.4497
9904.800 17.4407
9909.000 17.4317
9913.200 17.4226
9917.400 17.4134
9921.600 17.4041
9925.800 17.3947
9930.000 17.3852
9934.200 17.3756
9938.400 17.3659
9942.600 17.3561
9946.800 17.3462
9951.000 17.3362
9955.200 17.3261
9959.400 17.3158
9963.600 17.3054
9967.800 17.2949
9972.000 17.2843
9976.200 17.2735
9980.400 17.2626
9984.600 17.2516
9988.800 17.2404
9993.000 17.2291
9997.200 17.2176
10001.400 17.2059
10005.600 17.1941
10009.800 17.1821
10014.000 17.1700
10018.200 17.1577
10022.400 17.1452
10026.600 17.1325
10030.800 17.1196
10035.000 17.1065
10039.200 17.0932
10043.400 17.0797
10047.600 17.0660
10051.800 17.0521
10056.000 17.0379
10060.200 17.0235
10064.400 17.0089
10068.600 16.9940
10072.800 16.9789
10077.000 16.9635
10081.200 16.9478
10085.400 16.9319
10089.600 16.9157
10093.800 16.8992
10098.000 16.8823
10102.200 16.8652
10106.400 16.8478
10110.600 16.8300
10114.800 16.8119
10119.000 16.7935
10123.200 16.7747
10127.400 16.7556
10131.600 16.7361
10135.800 16.7162
10140.000 16.6959
10144.200 16.6752
10148.400 16.6541
10152.600 16.6326
10156.800 16.6107
10161.000 16.5883
10165.200 16.5654
10169.400 16.5421
10173.600 16.5183
10177.800 16.4940
10182.000 16.4693
10186.200 16.4440
10190.400 16.4181
10194.600 16.3917
10198.800 16.3648
10203.000 16.3373
10207.200 16.3092
