# lambda zeropoint
3126.000 15.2437
3128.474 15.2602
3130.948 15.2807
3133.421 15.3105
3135.895 15.3470
3138.369 15.3881
3140.843 15.4376
3143.316 15.4897
3145.790 15.5479
3148.264 15.6092
3150.738 15.6736
3153.212 15.7419
3155.685 15.8115
3158.159 15.8842
3160.633 15.9580
3163.107 16.0331
3165.580 16.1093
3168.054 16.1858
3170.528 16.2628
3173.002 16.3397
3175.476 16.4164
3177.949 16.4924
3180.423 16.5681
3182.897 16.6422
3185.371 16.7156
3187.844 16.7874
3190.318 16.8578
3192.792 16.9270
3195.266 16.9936
3197.740 17.0592
3200.213 17.1220
3202.687 17.1832
3205.161 17.2424
3207.635 17.2988
3210.109 17.3541
3212.582 17.4055
3215.056 17.4556
3217.530 17.5030
3220.004 17.5478
3222.477 17.5912
3224.951 17.6306
3227.425 17.6688
3229.899 17.7039
3232.373 17.7368
3234.846 17.7678
3237.320 17.7954
3239.794 17.8218
3242.268 17.8448
3244.741 17.8661
3247.215 17.8854
3249.689 17.9017
3252.163 17.9169
3254.637 17.9288
3257.110 17.9393
3259.584 17.9476
3262.058 17.9536
3264.532 17.9585
3267.005 17.9602
3269.479 17.9609
3271.953 17.9594
3274.427 17.9560
3276.901 17.9514
3279.374 17.9441
3281.848 17.9360
3284.322 17.9255
3286.796 17.9137
3289.269 17.9004
3291.743 17.8849
3294.217 17.8687
3296.691 17.8500
3299.165 17.8303
3301.638 17.8090
3304.112 17.7859
3306.586 17.7619
3309.060 17.7354
3311.533 17.7081
3314.007 17.6790
3316.481 17.6483
3318.955 17.6166
3321.429 17.5825
3323.902 17.5475
3326.376 17.5105
3328.850 17.4720
3331.324 17.4321
3333.798 17.3900
3336.271 17.3470
3338.745 17.3014
3341.219 17.3650
3343.693 17.4302
3346.166 17.4929
3348.640 17.5546
3351.114 17.6129
3353.588 17.6701
3356.062 17.7250
3358.535 17.7779
3361.009 17.8295
3363.483 17.8782
3365.957 17.9259
3368.430 17.9711
3370.904 18.0148
3373.378 18.0569
3375.852 18.0966
3378.326 18.1355
3380.799 18.1717
3383.273 18.2068
3385.747 18.2403
3388.221 18.2718
3390.694 18.3024
3393.168 18.3305
3395.642 18.3578
3398.116 18.3834
3400.590 18.4073
3403.063 18.4304
3405.537 18.4513
3408.011 18.4714
3410.485 18.4898
3412.958 18.5070
3415.432 18.5232
3417.906 18.5375
3420.380 18.5512
3422.854 18.5631
3425.327 18.5741
3427.801 18.5840
3430.275 18.5923
3432.749 18.6001
3435.222 18.6061
3437.696 18.6113
3440.170 18.6154
3442.644 18.6182
3445.118 18.6204
3447.591 18.6208
3450.065 18.6207
3452.539 18.6192
3455.013 18.6167
3457.487 18.6134
3459.960 18.6085
3462.434 18.6031
3464.908 18.5962
3467.382 18.5884
3469.855 18.5796
3472.329 18.5694
3474.803 18.5586
3477.277 18.5461
3479.751 18.5328
3482.224 18.5183
3484.698 18.5025
3487.172 18.4860
3489.646 18.4675
3492.119 18.4484
3494.593 18.4277
3497.067 18.4058
3499.541 18.3829
3502.015 18.3581
3504.488 18.3325
3506.962 18.3050
3509.436 18.2763
3511.910 18.2463
3514.383 18.2143
3516.857 18.1815
3519.331 18.1464
3521.805 18.1101
3524.279 18.0722
3526.752 18.0322
3529.226 17.9913
3531.700 17.9475
3534.174 17.9075
3536.647 17.9668
3539.121 18.0241
3541.595 18.0801
3544.069 18.1331
3546.543 18.1851
3549.016 18.2346
3551.490 18.2823
3553.964 18.3285
3556.438 18.3720
3558.911 18.4145
3561.385 18.4543
3563.859 18.4927
3566.333 18.5293
3568.807 18.5637
3571.280 18.5972
3573.754 18.6277
3576.228 18.6573
3578.702 18.6850
3581.176 18.7109
3583.649 18.7357
3586.123 18.7580
3588.597 18.7795
3591.071 18.7990
3593.544 18.8171
3596.018 18.8341
3598.492 18.8490
3600.966 18.8631
3603.440 18.8754
3605.913 18.8866
3608.387 18.8966
3610.861 18.9050
3613.335 18.9127
3615.808 18.9186
3618.282 18.9238
3620.756 18.9278
3623.230 18.9306
3625.704 18.9327
3628.177 18.9333
3630.651 18.9333
3633.125 18.9322
3635.599 18.9302
3638.072 18.9276
3640.546 18.9237
3643.020 18.9194
3645.494 18.9140
3647.968 18.9080
3650.441 18.9014
3652.915 18.8938
3655.389 18.8858
3657.863 18.8768
3660.336 18.8674
3662.810 18.8573
3665.284 18.8465
3667.758 18.8354
3670.232 18.8233
3672.705 18.8108
3675.179 18.7977
3677.653 18.7841
3680.127 18.7700
3682.600 18.7551
3685.074 18.7399
3687.548 18.7239
3690.022 18.7075
3692.496 18.6906
3694.969 18.6729
3697.443 18.6549
3699.917 18.6360
3702.391 18.6166
3704.864 18.5967
3707.338 18.5759
3709.812 18.5548
3712.286 18.5326
3714.760 18.5099
3717.233 18.4864
3719.707 18.4621
3722.181 18.4373
3724.655 18.4112
3727.129 18.3846
3729.602 18.3568
3732.076 18.3282
3734.550 18.2988
3737.024 18.2679
3739.497 18.2365
3741.971 18.2035
3744.445 18.1695
3746.919 18.1344
3749.393 18.1764
3751.866 18.2246
3754.340 18.2700
3756.814 18.3146
3759.288 18.3573
3761.761 18.3984
3764.235 18.4385
3766.709 18.4762
3769.183 18.5131
3771.657 18.5481
3774.130 18.5818
3776.604 18.6143
3779.078 18.6449
3781.552 18.6747
3784.025 18.7026
3786.499 18.7296
3788.973 18.7553
3791.447 18.7794
3793.921 18.8029
3796.394 18.8244
3798.868 18.8453
3801.342 18.8649
3803.816 18.8833
3806.289 18.9011
3808.763 18.9172
3811.237 18.9328
3813.711 18.9471
3816.185 18.9605
3818.658 18.9732
3821.132 18.9846
3823.606 18.9956
3826.080 19.0054
3828.553 19.0145
3831.027 19.0229
3833.501 19.0303
3835.975 19.0373
3838.449 19.0432
3840.922 19.0487
3843.396 19.0534
3845.870 19.0574
3848.344 19.0611
3850.818 19.0637
3853.291 19.0660
3855.765 19.0676
3858.239 19.0687
3860.713 19.0694
3863.186 19.0693
3865.660 19.0689
3868.134 19.0678
3870.608 19.0663
3873.082 19.0644
3875.555 19.0618
3878.029 19.0590
3880.503 19.0555
3882.977 19.0517
3885.450 19.0474
3887.924 19.0426
3890.398 19.0376
3892.872 19.0318
3895.346 19.0258
3897.819 19.0193
3900.293 19.0123
3902.767 19.0050
3905.241 18.9970
3907.714 18.9888
3910.188 18.9799
3912.662 18.9706
3915.136 18.9610
3917.610 18.9506
3920.083 18.9400
3922.557 18.9287
3925.031 18.9169
3927.505 18.9046
3929.978 18.8917
3932.452 18.8784
3934.926 18.8642
3937.400 18.8497
3939.874 18.8344
3942.347 18.8185
3944.821 18.8021
3947.295 18.7847
3949.769 18.7669
3952.242 18.7482
3954.716 18.7288
3957.190 18.7088
3959.664 18.6876
3962.138 18.6661
3964.611 18.6433
3967.085 18.6199
3969.559 18.5956
3972.033 18.5702
3974.507 18.5443
3976.980 18.5168
3979.454 18.4887
3981.928 18.4595
3984.402 18.4291
3986.875 18.3981
3989.349 18.4088
3991.823 18.4488
3994.297 18.4868
3996.771 18.5234
3999.244 18.5588
4001.718 18.5921
4004.192 18.6247
4006.666 18.6553
4009.139 18.6849
4011.613 18.7134
4014.087 18.7403
4016.561 18.7665
4019.035 18.7910
4021.508 18.8148
4023.982 18.8375
4026.456 18.8590
4028.930 18.8800
4031.403 18.8995
4033.877 18.9185
4036.351 18.9365
4038.825 18.9537
4041.299 18.9704
4043.772 18.9859
4046.246 19.0011
4048.720 19.0154
4051.194 19.0291
4053.667 19.0423
4056.141 19.0548
4058.615 19.0669
4061.089 19.0783
4063.563 19.0893
4066.036 19.0998
4068.510 19.1098
4070.984 19.1196
4073.458 19.1286
4075.931 19.1375
4078.405 19.1459
4080.879 19.1539
4083.353 19.1617
4085.827 19.1689
4088.300 19.1759
4090.774 19.1826
4093.248 19.1889
4095.722 19.1950
4098.196 19.2006
4100.669 19.2061
4103.143 19.2111
4105.617 19.2159
4108.091 19.2203
4110.564 19.2244
4113.038 19.2284
4115.512 19.2318
4117.986 19.2350
4120.460 19.2379
4122.933 19.2404
4125.407 19.2426
4127.881 19.2444
4130.355 19.2459
4132.828 19.2469
4135.302 19.2476
4137.776 19.2480
4140.250 19.2478
4142.724 19.2474
4145.197 19.2464
4147.671 19.2450
4150.145 19.2432
4152.619 19.2408
4155.092 19.2381
4157.566 19.2347
4160.040 19.2309
4162.514 19.2265
4164.988 19.2216
4167.461 19.2163
4169.935 19.2100
4172.409 19.2035
4174.883 19.1962
4177.356 19.1884
4179.830 19.1800
4182.304 19.1708
4184.778 19.1611
4187.252 19.1506
4189.725 19.1395
4192.199 19.1277
4194.673 19.1151
4197.147 19.1021
4199.620 19.0879
4202.094 19.0733
4204.568 19.0579
4207.042 19.0417
4209.516 19.0250
4211.989 19.0071
4214.463 18.9887
4216.937 18.9695
4219.411 18.9494
4221.884 18.9288
4224.358 18.9071
4226.832 18.8849
4229.306 18.8616
4231.780 18.8377
4234.253 18.8131
4236.727 18.7875
4239.201 18.7614
4241.675 18.7342
4244.149 18.7064
4246.622 18.6778
4249.096 18.6484
4251.570 18.6185
4254.044 18.5873
4256.517 18.5558
4258.991 18.5234
4261.465 18.4902
4263.939 18.5225
4266.413 18.5559
4268.886 18.5886
4271.360 18.6197
4273.834 18.6497
4276.308 18.6787
4278.781 18.7062
4281.255 18.7332
4283.729 18.7585
4286.203 18.7832
4288.677 18.8068
4291.150 18.8293
4293.624 18.8514
4296.098 18.8720
4298.572 18.8922
4301.045 18.9114
4303.519 18.9299
4305.993 18.9478
4308.467 18.9647
4310.941 18.9813
4313.414 18.9970
4315.888 19.0122
4318.362 19.0270
4320.836 19.0410
4323.309 19.0547
4325.783 19.0677
4328.257 19.0804
4330.731 19.0927
4333.205 19.1045
4335.678 19.1161
4338.152 19.1271
4340.626 19.1379
4343.100 19.1483
4345.573 19.1584
4348.047 19.1684
4350.521 19.1779
4352.995 19.1872
4355.469 19.1963
4357.942 19.2052
4360.416 19.2139
4362.890 19.2223
4365.364 19.2306
4367.838 19.2386
4370.311 19.2465
4372.785 19.2542
4375.259 19.2617
4377.733 19.2691
4380.206 19.2763
4382.680 19.2833
4385.154 19.2902
4387.628 19.2969
4390.102 19.3035
4392.575 19.3099
4395.049 19.3161
4397.523 19.3221
4399.997 19.3280
4402.470 19.3337
4404.944 19.3392
4407.418 19.3445
4409.892 19.3496
4412.366 19.3545
4414.839 19.3592
4417.313 19.3635
4419.787 19.3678
4422.261 19.3717
4424.734 19.3754
4427.208 19.3788
4429.682 19.3818
4432.156 19.3848
4434.630 19.3871
4437.103 19.3894
4439.577 19.3912
4442.051 19.3926
4444.525 19.3938
4446.998 19.3945
4449.472 19.3949
4451.946 19.3948
4454.420 19.3943
4456.894 19.3934
4459.367 19.3919
4461.841 19.3902
4464.315 19.3878
4466.789 19.3850
4469.262 19.3818
4471.736 19.3779
4474.210 19.3737
4476.684 19.3686
4479.158 19.3632
4481.631 19.3572
4484.105 19.3506
4486.579 19.3436
4489.053 19.3356
4491.527 19.3274
4494.000 19.3183
4496.474 19.3087
4498.948 19.2986
4501.422 19.2875
4503.895 19.2762
4506.369 19.2638
4508.843 19.2510
4511.317 19.2376
4513.791 19.2233
4516.264 19.2087
4518.738 19.1929
4521.212 19.1768
4523.686 19.1599
4526.159 19.1423
4528.633 19.1242
4531.107 19.1051
4533.581 19.0856
4536.055 19.0653
4538.528 19.0443
4541.002 19.0228
4543.476 19.0004
4545.950 18.9776
4548.423 18.9539
4550.897 18.9296
4553.371 18.9048
4555.845 18.8792
4558.319 18.8532
4560.792 18.8262
4563.266 18.7989
4565.740 18.7709
4568.214 18.7422
4570.687 18.7132
4573.161 18.6833
4575.635 18.6530
4578.109 18.6221
4580.583 18.6342
4583.056 18.6634
4585.530 18.6915
4588.004 18.7192
4590.478 18.7460
4592.951 18.7721
4595.425 18.7977
4597.899 18.8224
4600.373 18.8468
4602.847 18.8701
4605.320 18.8931
4607.794 18.9153
4610.268 18.9370
4612.742 18.9582
4615.216 18.9786
4617.689 18.9986
4620.163 19.0180
4622.637 19.0368
4625.111 19.0553
4627.584 19.0730
4630.058 19.0905
4632.532 19.1072
4635.006 19.1236
4637.480 19.1395
4639.953 19.1548
4642.427 19.1699
4644.901 19.1843
4647.375 19.1984
4649.848 19.2121
4652.322 19.2253
4654.796 19.2382
4657.270 19.2505
4659.744 19.2626
4662.217 19.2742
4664.691 19.2855
4667.165 19.2964
4669.639 19.3068
4672.112 19.3171
4674.586 19.3268
4677.060 19.3363
4679.534 19.3454
4682.008 19.3541
4684.481 19.3626
4686.955 19.3707
4689.429 19.3785
4691.903 19.3860
4694.376 19.3931
4696.850 19.4000
4699.324 19.4064
4701.798 19.4127
4704.272 19.4186
4706.745 19.4242
4709.219 19.4296
4711.693 19.4346
4714.167 19.4394
4716.640 19.4438
4719.114 19.4480
4721.588 19.4519
4724.062 19.4555
4726.536 19.4589
4729.009 19.4619
4731.483 19.4647
4733.957 19.4672
4736.431 19.4694
4738.904 19.4715
4741.378 19.4731
4743.852 19.4745
4746.326 19.4757
4748.800 19.4765
4751.273 19.4772
4753.747 19.4774
4756.221 19.4775
4758.695 19.4772
4761.169 19.4767
4763.642 19.4760
4766.116 19.4749
4768.590 19.4736
4771.064 19.4720
4773.537 19.4701
4776.011 19.4680
4778.485 19.4655
4780.959 19.4628
4783.433 19.4598
4785.906 19.4565
4788.380 19.4529
4790.854 19.4490
4793.328 19.4449
4795.801 19.4404
4798.275 19.4357
4800.749 19.4306
4803.223 19.4253
4805.697 19.4197
4808.170 19.4137
4810.644 19.4075
4813.118 19.4009
4815.592 19.3940
4818.065 19.3869
4820.539 19.3793
4823.013 19.3716
4825.487 19.3634
4827.961 19.3550
4830.434 19.3462
4832.908 19.3371
4835.382 19.3278
4837.856 19.3179
4840.329 19.3078
4842.803 19.2974
4845.277 19.2866
4847.751 19.2756
4850.225 19.2640
4852.698 19.2523
4855.172 19.2401
4857.646 19.2276
4860.120 19.2148
4862.593 19.2015
4865.067 19.1880
4867.541 19.1740
4870.015 19.1597
4872.489 19.1451
4874.962 19.1300
4877.436 19.1147
4879.910 19.0988
4882.384 19.0827
4884.858 19.0661
4887.331 19.0492
4889.805 19.0320
4892.279 19.0142
4894.753 18.9962
4897.226 18.9777
4899.700 18.9588
4902.174 18.9396
4904.648 18.9199
4907.122 18.8999
4909.595 18.8794
4912.069 18.8585
4914.543 18.8373
4917.017 18.8155
4919.490 18.7936
4921.964 18.7709
4924.438 18.7481
4926.912 18.7247
4929.386 18.7009
4931.859 18.6769
4934.333 18.6522
4936.807 18.6272
4939.281 18.6017
4941.754 18.5758
4944.228 18.5496
4946.702 18.5650
4949.176 18.5887
4951.650 18.6118
4954.123 18.6345
4956.597 18.6568
4959.071 18.6786
4961.545 18.7002
4964.018 18.7212
4966.492 18.7419
4968.966 18.7622
4971.440 18.7821
4973.914 18.8018
4976.387 18.8208
4978.861 18.8397
4981.335 18.8582
4983.809 18.8763
4986.282 18.8941
4988.756 18.9114
4991.230 18.9286
4993.704 18.9453
4996.178 18.9617
4998.651 18.9778
5001.125 18.9935
5003.599 19.0090
5006.073 19.0241
5008.547 19.0389
5011.020 19.0534
5013.494 19.0675
5015.968 19.0814
5018.442 19.0949
5020.915 19.1081
5023.389 19.1211
5025.863 19.1337
5028.337 19.1460
5030.811 19.1580
5033.284 19.1697
5035.758 19.1811
5038.232 19.1922
5040.706 19.2031
5043.179 19.2136
5045.653 19.2239
5048.127 19.2338
5050.601 19.2434
5053.075 19.2528
5055.548 19.2618
5058.022 19.2707
5060.496 19.2791
5062.970 19.2874
5065.443 19.2953
5067.917 19.3029
5070.391 19.3104
5072.865 19.3174
5075.339 19.3242
5077.812 19.3307
5080.286 19.3370
5082.760 19.3430
5085.234 19.3486
5087.707 19.3541
5090.181 19.3592
5092.655 19.3641
5095.129 19.3688
5097.603 19.3731
5100.076 19.3772
5102.550 19.3810
5105.024 19.3846
5107.498 19.3879
5109.971 19.3909
5112.445 19.3937
5114.919 19.3962
5117.393 19.3985
5119.867 19.4005
5122.340 19.4022
5124.814 19.4038
5127.288 19.4050
5129.762 19.4061
5132.236 19.4068
5134.709 19.4074
5137.183 19.4077
5139.657 19.4077
5142.131 19.4076
5144.604 19.4071
5147.078 19.4065
5149.552 19.4056
5152.026 19.4045
5154.500 19.4032
5156.973 19.4016
5159.447 19.3998
5161.921 19.3978
5164.395 19.3955
5166.868 19.3931
5169.342 19.3904
5171.816 19.3876
5174.290 19.3844
5176.764 19.3811
5179.237 19.3776
5181.711 19.3738
5184.185 19.3700
5186.659 19.3658
5189.132 19.3614
5191.606 19.3569
5194.080 19.3521
5196.554 19.3472
5199.028 19.3420
5201.501 19.3367
5203.975 19.3311
5206.449 19.3253
5208.923 19.3194
5211.396 19.3132
5213.870 19.3070
5216.344 19.3004
5218.818 19.2937
5221.292 19.2868
5223.765 19.2797
5226.239 19.2724
5228.713 19.2649
5231.187 19.2572
5233.660 19.2494
5236.134 19.2413
5238.608 19.2331
5241.082 19.2246
5243.556 19.2160
5246.029 19.2072
5248.503 19.1982
5250.977 19.1890
5253.451 19.1796
5255.924 19.1700
5258.398 19.1602
5260.872 19.1502
5263.346 19.1400
5265.820 19.1296
5268.293 19.1191
5270.767 19.1082
5273.241 19.0972
5275.715 19.0861
5278.189 19.0746
5280.662 19.0630
5283.136 19.0511
5285.610 19.0391
5288.084 19.0268
5290.557 19.0143
5293.031 19.0016
5295.505 18.9886
5297.979 18.9755
5300.453 18.9620
5302.926 18.9483
5305.400 18.9345
5307.874 18.9203
5310.348 18.9060
5312.821 18.8913
5315.295 18.8764
5317.769 18.8612
5320.243 18.8458
5322.717 18.8302
5325.190 18.8141
5327.664 18.7979
5330.138 18.7814
5332.612 18.7645
5335.085 18.7475
5337.559 18.7300
5340.033 18.7124
5342.507 18.6944
5344.981 18.6761
5347.454 18.6575
5349.928 18.6385
5352.402 18.6193
5354.876 18.5996
5357.349 18.5797
5359.823 18.5595
5362.297 18.5388
5364.771 18.5180
5367.245 18.4966
5369.718 18.4750
5372.192 18.4530
5374.666 18.4453
5377.140 18.4663
5379.613 18.4867
5382.087 18.5070
5384.561 18.5269
5387.035 18.5464
5389.509 18.5658
5391.982 18.5846
5394.456 18.6033
5396.930 18.6216
5399.404 18.6397
5401.878 18.6574
5404.351 18.6748
5406.825 18.6920
5409.299 18.7088
5411.773 18.7254
5414.246 18.7418
5416.720 18.7578
5419.194 18.7736
5421.668 18.7890
5424.142 18.8043
5426.615 18.8192
5429.089 18.8339
5431.563 18.8484
5434.037 18.8625
5436.510 18.8765
5438.984 18.8902
5441.458 18.9036
5443.932 18.9168
5446.406 18.9297
5448.879 18.9425
5451.353 18.9549
5453.827 18.9671
5456.301 18.9791
5458.774 18.9909
5461.248 19.0025
5463.722 19.0137
5466.196 19.0248
5468.670 19.0356
5471.143 19.0462
5473.617 19.0566
5476.091 19.0667
5478.565 19.0767
5481.038 19.0864
5483.512 19.0959
5485.986 19.1052
5488.460 19.1142
5490.934 19.1231
5493.407 19.1317
5495.881 19.1401
5498.355 19.1483
5500.829 19.1563
5503.302 19.1641
5505.776 19.1717
5508.250 19.1791
5510.724 19.1862
5513.198 19.1932
5515.671 19.2000
5518.145 19.2065
5520.619 19.2129
5523.093 19.2190
5525.567 19.2250
5528.040 19.2308
5530.514 19.2363
5532.988 19.2418
5535.462 19.2469
5537.935 19.2519
5540.409 19.2568
5542.883 19.2614
5545.357 19.2659
5547.831 19.2701
5550.304 19.2741
5552.778 19.2780
5555.252 19.2817
5557.726 19.2853
5560.199 19.2886
5562.673 19.2917
5565.147 19.2947
5567.621 19.2975
5570.095 19.3002
5572.568 19.3026
5575.042 19.3049
5577.516 19.3070
5579.990 19.3090
5582.463 19.3108
5584.937 19.3123
5587.411 19.3138
5589.885 19.3151
5592.359 19.3162
5594.832 19.3171
5597.306 19.3179
5599.780 19.3186
5602.254 19.3190
5604.727 19.3194
5607.201 19.3195
5609.675 19.3195
5612.149 19.3194
5614.623 19.3190
5617.096 19.3186
5619.570 19.3180
5622.044 19.3172
5624.518 19.3163
5626.991 19.3152
5629.465 19.3141
5631.939 19.3127
5634.413 19.3112
5636.887 19.3095
5639.360 19.3077
5641.834 19.3058
5644.308 19.3037
5646.782 19.3015
5649.256 19.2992
5651.729 19.2967
5654.203 19.2941
5656.677 19.2912
5659.151 19.2883
5661.624 19.2853
5664.098 19.2821
5666.572 19.2788
5669.046 19.2753
5671.520 19.2717
5673.993 19.2679
5676.467 19.2641
5678.941 19.2601
5681.415 19.2559
5683.888 19.2517
5686.362 19.2472
5688.836 19.2426
5691.310 19.2380
5693.784 19.2331
5696.257 19.2282
5698.731 19.2230
5701.205 19.2178
5703.679 19.2124
5706.152 19.2069
5708.626 19.2013
5711.100 19.1955
5713.574 19.1896
5716.048 19.1835
5718.521 19.1773
5720.995 19.1710
5723.469 19.1644
5725.943 19.1579
5728.416 19.1510
5730.890 19.1441
5733.364 19.1371
5735.838 19.1298
5738.312 19.1225
5740.785 19.1150
5743.259 19.1073
5745.733 19.0995
5748.207 19.0915
5750.680 19.0834
5753.154 19.0751
5755.628 19.0667
5758.102 19.0581
5760.576 19.0493
5763.049 19.0404
5765.523 19.0313
5767.997 19.0221
5770.471 19.0126
5772.944 19.0030
5775.418 18.9932
5777.892 18.9833
5780.366 18.9732
5782.840 18.9628
5785.313 18.9524
5787.787 18.9417
5790.261 18.9308
5792.735 18.9198
5795.209 18.9085
5797.682 18.8971
5800.156 18.8855
5802.630 18.8737
5805.104 18.8617
5807.577 18.8494
5810.051 18.8370
5812.525 18.8243
5814.999 18.8115
5817.473 18.7984
5819.946 18.7851
5822.420 18.7717
5824.894 18.7579
5827.368 18.7439
5829.841 18.7298
5832.315 18.7153
5834.789 18.7008
5837.263 18.6858
5839.737 18.6708
5842.210 18.6554
5844.684 18.6398
5847.158 18.6240
5849.632 18.6079
5852.105 18.5916
5854.579 18.5750
5857.053 18.5581
5859.527 18.5411
5862.001 18.5237
5864.474 18.5061
5866.948 18.4882
5869.422 18.4701
5871.896 18.4517
5874.369 18.4330
5876.843 18.4142
5879.317 18.3949
5881.791 18.3754
5884.265 18.3931
5886.738 18.4119
5889.212 18.4304
5891.686 18.4486
5894.160 18.4666
5896.633 18.4843
5899.107 18.5019
5901.581 18.5192
5904.055 18.5362
5906.529 18.5531
5909.002 18.5696
5911.476 18.5860
5913.950 18.6022
5916.424 18.6181
5918.898 18.6338
5921.371 18.6493
5923.845 18.6646
5926.319 18.6796
5928.793 18.6945
5931.266 18.7092
5933.740 18.7236
5936.214 18.7379
5938.688 18.7519
5941.162 18.7657
5943.635 18.7794
5946.109 18.7928
5948.583 18.8061
5951.057 18.8191
5953.530 18.8320
5956.004 18.8447
5958.478 18.8571
5960.952 18.8695
5963.426 18.8815
5965.899 18.8935
5968.373 18.9052
5970.847 18.9167
5973.321 18.9282
5975.794 18.9393
5978.268 18.9503
5980.742 18.9612
5983.216 18.9718
5985.690 18.9823
5988.163 18.9926
5990.637 19.0027
5993.111 19.0127
5995.585 19.0224
5998.058 19.0321
6000.532 19.0415
6003.006 19.0508
6005.480 19.0598
6007.954 19.0688
6010.427 19.0776
6012.901 19.0861
6015.375 19.0946
6017.849 19.1028
6020.322 19.1110
6022.796 19.1189
6025.270 19.1267
6027.744 19.1343
6030.218 19.1417
6032.691 19.1491
6035.165 19.1562
6037.639 19.1632
6040.113 19.1700
6042.587 19.1766
6045.060 19.1832
6047.534 19.1895
6050.008 19.1957
6052.482 19.2018
6054.955 19.2077
6057.429 19.2135
6059.903 19.2190
6062.377 19.2245
6064.851 19.2298
6067.324 19.2349
6069.798 19.2399
6072.272 19.2447
6074.746 19.2495
6077.219 19.2540
6079.693 19.2584
6082.167 19.2627
6084.641 19.2668
6087.115 19.2709
6089.588 19.2747
6092.062 19.2784
6094.536 19.2820
6097.010 19.2854
6099.483 19.2887
6101.957 19.2918
6104.431 19.2948
6106.905 19.2977
6109.379 19.3004
6111.852 19.3031
6114.326 19.3055
6116.800 19.3079
6119.274 19.3101
6121.747 19.3122
6124.221 19.3141
6126.695 19.3159
6129.169 19.3176
6131.643 19.3191
6134.116 19.3206
6136.590 19.3219
6139.064 19.3231
6141.538 19.3241
6144.011 19.3250
6146.485 19.3259
6148.959 19.3265
6151.433 19.3271
6153.907 19.3275
6156.380 19.3278
6158.854 19.3280
6161.328 19.3281
6163.802 19.3281
6166.276 19.3279
6168.749 19.3276
6171.223 19.3272
6173.697 19.3267
6176.171 19.3261
6178.644 19.3253
6181.118 19.3245
6183.592 19.3235
6186.066 19.3224
6188.540 19.3212
6191.013 19.3199
6193.487 19.3185
6195.961 19.3170
6198.435 19.3153
6200.908 19.3135
6203.382 19.3117
6205.856 19.3097
6208.330 19.3076
6210.804 19.3054
6213.277 19.3032
6215.751 19.3007
6218.225 19.2982
6220.699 19.2956
6223.172 19.2929
6225.646 19.2901
6228.120 19.2871
6230.594 19.2841
6233.068 19.2810
6235.541 19.2777
6238.015 19.2744
6240.489 19.2709
6242.963 19.2674
6245.436 19.2637
6247.910 19.2600
6250.384 19.2562
6252.858 19.2522
6255.332 19.2481
6257.805 19.2440
6260.279 19.2397
6262.753 19.2353
6265.227 19.2308
6267.700 19.2263
6270.174 19.2216
6272.648 19.2168
6275.122 19.2120
6277.596 19.2070
6280.069 19.2019
6282.543 19.1967
6285.017 19.1915
6287.491 19.1861
6289.964 19.1806
6292.438 19.1750
6294.912 19.1693
6297.386 19.1635
6299.860 19.1576
6302.333 19.1516
6304.807 19.1455
6307.281 19.1393
6309.755 19.1330
6312.229 19.1265
6314.702 19.1200
6317.176 19.1134
6319.650 19.1066
6322.124 19.0998
6324.597 19.0928
6327.071 19.0857
6329.545 19.0786
6332.019 19.0713
6334.493 19.0639
6336.966 19.0563
6339.440 19.0487
6341.914 19.0410
6344.388 19.0331
6346.861 19.0252
6349.335 19.0171
6351.809 19.0089
6354.283 19.0006
6356.757 18.9921
6359.230 18.9836
6361.704 18.9749
6364.178 18.9662
6366.652 18.9572
6369.125 18.9482
6371.599 18.9390
6374.073 18.9297
6376.547 18.9203
6379.021 18.9107
6381.494 18.9011
6383.968 18.8913
6386.442 18.8813
6388.916 18.8713
6391.389 18.8610
6393.863 18.8507
6396.337 18.8402
6398.811 18.8296
6401.285 18.8189
6403.758 18.8080
6406.232 18.7970
6408.706 18.7858
6411.180 18.7745
6413.653 18.7630
6416.127 18.7514
6418.601 18.7396
6421.075 18.7277
6423.549 18.7156
6426.022 18.7034
6428.496 18.6910
6430.970 18.6785
6433.444 18.6658
6435.918 18.6530
6438.391 18.6400
6440.865 18.6268
6443.339 18.6135
6445.813 18.6000
6448.286 18.5864
6450.760 18.5726
6453.234 18.5586
6455.708 18.5444
6458.182 18.5301
6460.655 18.5157
6463.129 18.5009
6465.603 18.4861
6468.077 18.4711
6470.550 18.4559
6473.024 18.4406
6475.498 18.4250
6477.972 18.4093
6480.446 18.3934
6482.919 18.3773
6485.393 18.3610
6487.867 18.3446
6490.341 18.3280
6492.814 18.3111
6495.288 18.2941
6497.762 18.3023
6500.236 18.3178
6502.710 18.3331
6505.183 18.3482
6507.657 18.3631
6510.131 18.3779
6512.605 18.3926
6515.078 18.4071
6517.552 18.4213
6520.026 18.4355
6522.500 18.4495
6524.974 18.4634
6527.447 18.4771
6529.921 18.4906
6532.395 18.5040
6534.869 18.5173
6537.342 18.5304
6539.816 18.5433
6542.290 18.5561
6544.764 18.5688
6547.238 18.5813
6549.711 18.5937
6552.185 18.6059
6554.659 18.6180
6557.133 18.6299
6559.607 18.6417
6562.080 18.6534
6564.554 18.6649
6567.028 18.6763
6569.502 18.6875
6571.975 18.6986
6574.449 18.7096
6576.923 18.7204
6579.397 18.7311
6581.871 18.7417
6584.344 18.7521
6586.818 18.7624
6589.292 18.7725
6591.766 18.7825
6594.239 18.7924
6596.713 18.8021
6599.187 18.8117
6601.661 18.8212
6604.135 18.8305
6606.608 18.8397
6609.082 18.8488
6611.556 18.8577
6614.030 18.8665
6616.503 18.8752
6618.977 18.8837
6621.451 18.8921
6623.925 18.9004
6626.399 18.9085
6628.872 18.9166
6631.346 18.9244
6633.820 18.9322
6636.294 18.9398
6638.767 18.9473
6641.241 18.9546
6643.715 18.9618
6646.189 18.9689
6648.663 18.9759
6651.136 18.9827
6653.610 18.9895
6656.084 18.9960
6658.558 19.0025
6661.031 19.0088
6663.505 19.0150
6665.979 19.0211
6668.453 19.0270
6670.927 19.0329
6673.400 19.0385
6675.874 19.0441
6678.348 19.0496
6680.822 19.0549
6683.296 19.0601
6685.769 19.0652
6688.243 19.0701
6690.717 19.0750
6693.191 19.0797
6695.664 19.0843
6698.138 19.0887
6700.612 19.0931
6703.086 19.0973
6705.560 19.1014
6708.033 19.1054
6710.507 19.1093
6712.981 19.1131
6715.455 19.1167
6717.928 19.1202
6720.402 19.1236
6722.876 19.1269
6725.350 19.1301
6727.824 19.1332
6730.297 19.1361
6732.771 19.1390
6735.245 19.1417
6737.719 19.1444
6740.192 19.1469
6742.666 19.1493
6745.140 19.1516
6747.614 19.1538
6750.088 19.1559
6752.561 19.1579
6755.035 19.1598
6757.509 19.1615
6759.983 19.1632
6762.456 19.1648
6764.930 19.1663
6767.404 19.1677
6769.878 19.1689
6772.352 19.1701
6774.825 19.1712
6777.299 19.1722
6779.773 19.1731
6782.247 19.1739
6784.720 19.1746
6787.194 19.1752
6789.668 19.1757
6792.142 19.1762
6794.616 19.1765
6797.089 19.1767
6799.563 19.1769
6802.037 19.1770
6804.511 19.1770
6806.984 19.1768
6809.458 19.1767
6811.932 19.1764
6814.406 19.1761
6816.880 19.1756
6819.353 19.1751
6821.827 19.1745
6824.301 19.1739
6826.775 19.1731
6829.249 19.1723
6831.722 19.1714
6834.196 19.1704
6836.670 19.1694
6839.144 19.1682
6841.617 19.1670
6844.091 19.1658
6846.565 19.1644
6849.039 19.1630
6851.513 19.1615
6853.986 19.1600
6856.460 19.1583
6858.934 19.1567
6861.408 19.1549
6863.881 19.1531
6866.355 19.1512
6868.829 19.1492
6871.303 19.1472
6873.777 19.1451
6876.250 19.1430
6878.724 19.1408
6881.198 19.1385
6883.672 19.1362
6886.145 19.1338
6888.619 19.1313
6891.093 19.1288
6893.567 19.1262
6896.041 19.1236
6898.514 19.1209
6900.988 19.1181
6903.462 19.1153
6905.936 19.1125
6908.409 19.1095
6910.883 19.1066
6913.357 19.1035
6915.831 19.1004
6918.305 19.0973
6920.778 19.0941
6923.252 19.0908
6925.726 19.0875
6928.200 19.0841
6930.673 19.0807
6933.147 19.0772
6935.621 19.0737
6938.095 19.0701
6940.569 19.0664
6943.042 19.0627
6945.516 19.0589
6947.990 19.0551
6950.464 19.0512
6952.938 19.0473
6955.411 19.0433
6957.885 19.0393
6960.359 19.0352
6962.833 19.0310
6965.306 19.0268
6967.780 19.0225
6970.254 19.0181
6972.728 19.0138
6975.202 19.0093
6977.675 19.0048
6980.149 19.0002
6982.623 18.9956
6985.097 18.9909
6987.570 18.9861
6990.044 18.9813
6992.518 18.9764
6994.992 18.9714
6997.466 18.9664
6999.939 18.9613
7002.413 18.9562
7004.887 18.9510
7007.361 18.9457
7009.834 18.9403
7012.308 18.9349
7014.782 18.9294
7017.256 18.9238
7019.730 18.9182
7022.203 18.9125
7024.677 18.9067
7027.151 18.9008
7029.625 18.8948
7032.098 18.8888
7034.572 18.8827
7037.046 18.8765
7039.520 18.8703
7041.994 18.8639
7044.467 18.8575
7046.941 18.8509
7049.415 18.8443
7051.889 18.8376
7054.362 18.8308
7056.836 18.8240
7059.310 18.8170
7061.784 18.8100
7064.258 18.8028
7066.731 18.7955
7069.205 18.7882
7071.679 18.7807
7074.153 18.7732
7076.627 18.7655
7079.100 18.7578
7081.574 18.7499
7084.048 18.7419
7086.522 18.7339
7088.995 18.7257
7091.469 18.7174
7093.943 18.7090
7096.417 18.7005
7098.891 18.6919
7101.364 18.6831
7103.838 18.6743
7106.312 18.6653
7108.786 18.6562
7111.259 18.6470
7113.733 18.6377
7116.207 18.6282
7118.681 18.6186
7121.155 18.6089
7123.628 18.5991
7126.102 18.5891
7128.576 18.5791
7131.050 18.5688
7133.523 18.5585
7135.997 18.5480
7138.471 18.5374
7140.945 18.5267
7143.419 18.5158
7145.892 18.5048
7148.366 18.4937
7150.840 18.4824
7153.314 18.4710
7155.787 18.4594
7158.261 18.4477
7160.735 18.4359
7163.209 18.4239
7165.683 18.4118
7168.156 18.3996
7170.630 18.3872
7173.104 18.3747
7175.578 18.3620
7178.051 18.3493
7180.525 18.3363
7182.999 18.3233
7185.473 18.3100
7187.947 18.2967
7190.420 18.2832
7192.894 18.2696
7195.368 18.2559
7197.842 18.2420
7200.316 18.2280
7202.789 18.2138
7205.263 18.1996
7207.737 18.1852
7210.211 18.1707
7212.684 18.1561
7215.158 18.1413
7217.632 18.1264
7220.106 18.1114
7222.580 18.0962
7225.053 18.0811
7227.527 18.0657
7230.001 18.0503
7232.475 18.0347
7234.948 18.0190
7237.422 18.0033
7239.896 17.9875
7242.370 17.9716
7244.844 17.9555
7247.317 17.9394
7249.791 17.9303
7252.265 17.9438
7254.739 17.9572
7257.212 17.9705
7259.686 17.9836
7262.160 17.9967
7264.634 18.0096
7267.108 18.0225
7269.581 18.0351
7272.055 18.0477
7274.529 18.0602
7277.003 18.0725
7279.476 18.0847
7281.950 18.0968
7284.424 18.1088
7286.898 18.1206
7289.372 18.1324
7291.845 18.1440
7294.319 18.1555
7296.793 18.1669
7299.267 18.1781
7301.740 18.1892
7304.214 18.2002
7306.688 18.2111
7309.162 18.2219
7311.636 18.2324
7314.109 18.2430
7316.583 18.2533
7319.057 18.2636
7321.531 18.2738
7324.004 18.2837
7326.478 18.2937
7328.952 18.3034
7331.426 18.3130
7333.900 18.3226
7336.373 18.3320
7338.847 18.3413
7341.321 18.3504
7343.795 18.3594
7346.269 18.3683
7348.742 18.3771
7351.216 18.3858
7353.690 18.3943
7356.164 18.4028
7358.637 18.4111
7361.111 18.4193
7363.585 18.4274
7366.059 18.4353
7368.533 18.4431
7371.006 18.4508
7373.480 18.4584
7375.954 18.4659
7378.428 18.4733
7380.901 18.4805
7383.375 18.4876
7385.849 18.4947
7388.323 18.5016
7390.797 18.5083
7393.270 18.5150
7395.744 18.5216
7398.218 18.5280
7400.692 18.5343
7403.165 18.5406
7405.639 18.5467
7408.113 18.5527
7410.587 18.5586
7413.061 18.5643
7415.534 18.5700
7418.008 18.5756
7420.482 18.5810
7422.956 18.5864
7425.429 18.5916
7427.903 18.5968
7430.377 18.6018
7432.851 18.6067
7435.325 18.6116
7437.798 18.6163
7440.272 18.6209
7442.746 18.6254
7445.220 18.6299
7447.693 18.6342
7450.167 18.6384
7452.641 18.6425
7455.115 18.6465
7457.589 18.6505
7460.062 18.6543
7462.536 18.6580
7465.010 18.6617
7467.484 18.6652
7469.958 18.6687
7472.431 18.6721
7474.905 18.6753
7477.379 18.6785
7479.853 18.6816
7482.326 18.6846
7484.800 18.6875
7487.274 18.6903
7489.748 18.6931
7492.222 18.6957
7494.695 18.6982
7497.169 18.7007
7499.643 18.7031
7502.117 18.7054
7504.590 18.7076
7507.064 18.7098
7509.538 18.7118
7512.012 18.7138
7514.486 18.7157
7516.959 18.7175
7519.433 18.7192
7521.907 18.7209
7524.381 18.7225
7526.854 18.7240
7529.328 18.7254
7531.802 18.7267
7534.276 18.7280
7536.750 18.7292
7539.223 18.7303
7541.697 18.7314
7544.171 18.7324
7546.645 18.7333
7549.118 18.7341
7551.592 18.7349
7554.066 18.7356
7556.540 18.7362
7559.014 18.7367
7561.487 18.7373
7563.961 18.7377
7566.435 18.7380
7568.909 18.7383
7571.382 18.7385
7573.856 18.7387
7576.330 18.7388
7578.804 18.7388
7581.278 18.7388
7583.751 18.7387
7586.225 18.7386
7588.699 18.7383
7591.173 18.7381
7593.647 18.7377
7596.120 18.7373
7598.594 18.7369
7601.068 18.7364
7603.542 18.7358
7606.015 18.7352
7608.489 18.7345
7610.963 18.7338
7613.437 18.7329
7615.911 18.7321
7618.384 18.7312
7620.858 18.7302
7623.332 18.7292
7625.806 18.7281
7628.279 18.7270
7630.753 18.7258
7633.227 18.7246
7635.701 18.7233
7638.175 18.7220
7640.648 18.7206
7643.122 18.7192
7645.596 18.7177
7648.070 18.7161
7650.543 18.7146
7653.017 18.7129
7655.491 18.7112
7657.965 18.7095
7660.439 18.7077
7662.912 18.7059
7665.386 18.7040
7667.860 18.7021
7670.334 18.7001
7672.807 18.6981
7675.281 18.6960
7677.755 18.6939
7680.229 18.6918
7682.703 18.6896
7685.176 18.6873
7687.650 18.6850
7690.124 18.6827
7692.598 18.6803
7695.071 18.6779
7697.545 18.6754
7700.019 18.6729
7702.493 18.6703
7704.967 18.6677
7707.440 18.6651
7709.914 18.6624
7712.388 18.6596
7714.862 18.6569
7717.336 18.6540
7719.809 18.6512
7722.283 18.6483
7724.757 18.6453
7727.231 18.6423
7729.704 18.6393
7732.178 18.6362
7734.652 18.6331
7737.126 18.6299
7739.600 18.6267
7742.073 18.6235
7744.547 18.6202
7747.021 18.6168
7749.495 18.6134
7751.968 18.6100
7754.442 18.6066
7756.916 18.6031
7759.390 18.5995
7761.864 18.5959
7764.337 18.5923
7766.811 18.5886
7769.285 18.5849
7771.759 18.5811
7774.232 18.5773
7776.706 18.5735
7779.180 18.5696
7781.654 18.5657
7784.128 18.5617
7786.601 18.5577
7789.075 18.5536
7791.549 18.5495
7794.023 18.5454
7796.496 18.5412
7798.970 18.5370
7801.444 18.5327
7803.918 18.5284
7806.392 18.5240
7808.865 18.5196
7811.339 18.5151
7813.813 18.5106
7816.287 18.5061
7818.760 18.5015
7821.234 18.4969
7823.708 18.4922
7826.182 18.4875
7828.656 18.4827
7831.129 18.4779
7833.603 18.4730
7836.077 18.4681
7838.551 18.4632
7841.024 18.4582
7843.498 18.4531
7845.972 18.4480
7848.446 18.4429
7850.920 18.4377
7853.393 18.4325
7855.867 18.4272
7858.341 18.4218
7860.815 18.4165
7863.289 18.4110
7865.762 18.4055
7868.236 18.4000
7870.710 18.3944
7873.184 18.3888
7875.657 18.3831
7878.131 18.3774
7880.605 18.3716
7883.079 18.3658
7885.553 18.3599
7888.026 18.3539
7890.500 18.3479
7892.974 18.3419
7895.448 18.3358
7897.921 18.3296
7900.395 18.3234
7902.869 18.3172
7905.343 18.3109
7907.817 18.3045
7910.290 18.2981
7912.764 18.2916
7915.238 18.2851
7917.712 18.2785
7920.185 18.2718
7922.659 18.2652
7925.133 18.2584
7927.607 18.2516
7930.081 18.2447
7932.554 18.2378
7935.028 18.2308
7937.502 18.2237
7939.976 18.2167
7942.449 18.2095
7944.923 18.2023
7947.397 18.1950
7949.871 18.1876
7952.345 18.1803
7954.818 18.1728
7957.292 18.1653
7959.766 18.1577
7962.240 18.1500
7964.713 18.1424
7967.187 18.1346
7969.661 18.1267
7972.135 18.1189
7974.609 18.1109
7977.082 18.1029
7979.556 18.0948
7982.030 18.0867
7984.504 18.0785
7986.978 18.0702
7989.451 18.0619
7991.925 18.0534
7994.399 18.0450
7996.873 18.0365
7999.346 18.0279
8001.820 18.0192
8004.294 18.0105
8006.768 18.0017
8009.242 17.9928
8011.715 17.9839
8014.189 17.9749
8016.663 17.9658
8019.137 17.9567
8021.610 17.9475
8024.084 17.9383
8026.558 17.9289
8029.032 17.9195
8031.506 17.9101
8033.979 17.9006
8036.453 17.8910
8038.927 17.8813
8041.401 17.8716
8043.874 17.8618
8046.348 17.8519
8048.822 17.8420
8051.296 17.8319
8053.770 17.8219
8056.243 17.8117
8058.717 17.8015
8061.191 17.7912
8063.665 17.7809
8066.138 17.7705
8068.612 17.7600
8071.086 17.7494
8073.560 17.7388
8076.034 17.7281
8078.507 17.7173
8080.981 17.7065
8083.455 17.6956
8085.929 17.6846
8088.402 17.6736
8090.876 17.6625
8093.350 17.6513
8095.824 17.6401
8098.298 17.6288
8100.771 17.6174
8103.245 17.6059
8105.719 17.5944
8108.193 17.5828
8110.667 17.5712
8113.140 17.5595
8115.614 17.5477
8118.088 17.5358
8120.562 17.5239
8123.035 17.5119
8125.509 17.4999
8127.983 17.4878
8130.457 17.4756
8132.931 17.4634
8135.404 17.4511
8137.878 17.4387
8140.352 17.4263
8142.826 17.4138
8145.299 17.4013
8147.773 17.3886
8150.247 17.3760
8152.721 17.3632
8155.195 17.3504
8157.668 17.3376
8160.142 17.3246
8162.616 17.3117
8165.090 17.2986
8167.563 17.2856
8170.037 17.2724
8172.511 17.2592
8174.985 17.2460
8177.459 17.2326
8179.932 17.2193
8182.406 17.2059
8184.880 17.1924
8187.354 17.1789
8189.827 17.1653
8192.301 17.1517
8194.775 17.1380
8197.249 17.1243
8199.723 17.1105
8202.196 17.0967
8204.670 17.0828
8207.144 17.0689
8209.618 17.0550
8212.091 17.0410
8214.565 17.0269
8217.039 17.0129
8219.513 16.9988
8221.987 16.9846
8224.460 16.9704
8226.934 16.9562
8229.408 16.9419
8231.882 16.9276
8234.356 16.9133
8236.829 16.8990
8239.303 16.8846
8241.777 16.8702
8244.251 16.8557
8246.724 16.8413
8249.198 16.8268
8251.672 16.8122
8254.146 16.7977
8256.620 16.7831
8259.093 16.7686
8261.567 16.7540
8264.041 16.7394
8266.515 16.7248
8268.988 16.7101
8271.462 16.6955
8273.936 16.6808
8276.410 16.6662
8278.884 16.6515
8281.357 16.6368
8283.831 16.6221
8286.305 16.6075
8288.779 16.5928
8291.252 16.5781
8293.726 16.5635
8296.200 16.5488
