# lambda zeropoint
3701.4 14.565981612143787
3705.6 14.595878197784101
3709.8 14.625624802671057
3714.0 14.65522191559197
3718.2 14.684670025564872
3722.4 14.713969621825262
3726.6 14.743121193812883
3730.8 14.772125231158675
3735.0 14.800982223671644
3739.2 14.82969266132595
3743.4 14.858257034247952
3747.6 14.886675832703375
3751.8 14.914949547084538
3756.0 14.943078667897616
3760.2 14.971063685750028
3764.4 14.99890509133784
3768.6 15.026603375433258
3772.8 15.054159028872194
3777.0 15.081572542541853
3781.2 15.108844407368471
3785.4 15.135975114305047
3789.6 15.162965154319139
3793.8 15.1898150183808
3798.0 15.216525197450494
3802.2 15.243096182467134
3806.4 15.269528464336164
3810.6 15.295822533917681
3814.8 15.321978882014708
3819.0 15.347997999361418
3823.2 15.373880376611517
3827.4 15.399626504326637
3831.6 15.425236872964799
3835.8 15.450711972869012
3840.0 15.476052294255794
3844.2 15.501258327203912
3848.4 15.526330561643071
3852.6 15.551269487342747
3856.8 15.576075593901018
3861.0 15.600749370733508
3865.2 15.62529130706238
3869.4 15.649701891905377
3873.6 15.673981614064946
3877.8 15.698130962117428
3882.0 15.722150424402276
3886.2 15.746040489011392
3890.4 15.769801643778495
3894.6 15.793434376268515
3898.8 15.816939173767137
3903.0 15.840316523270346
3907.2 15.863566911474035
3911.4 15.886690824763706
3915.6 15.90968874920419
3919.8 15.932561170529485
3924.0 15.955308574132623
3928.2 15.97793144505558
3932.4 16.000430267979283
3936.6 16.022805527213677
3940.8 16.04505770668782
3945.0 16.067187289940076
3949.2 16.089194760108356
3953.4 16.1110805999204
3957.6 16.132845291684163
3961.8 16.154489317278237
3966.0 16.176013158142307
3970.2 16.19741729526771
3974.4 16.21870220918806
3978.6 16.23986837996989
3982.8 16.26091628720337
3987.0 16.281846409993104
3991.2 16.30265922694899
3995.4 16.323355216177106
3999.6 16.34393485527066
4003.8 16.36439862130105
4008.0 16.38474699080892
4012.2 16.404980439795324
4016.4 16.425099443712895
4020.6 16.445104477457146
4024.8 16.464996015357766
4029.0 16.484774531169997
4033.2 16.504440498066085
4037.4 16.52399438862676
4041.6 16.543436674832815
4045.8 16.562767828056685
4050.0 16.581988319054133
4054.2 16.601098617956
4058.4 16.620099194259954
4062.6 16.63899051682236
4066.8 16.65777305385017
4071.0 16.67644727289288
4075.2 16.695013640834574
4079.4 16.713472623885956
4083.6 16.731824687576502
4087.8 16.750070296746657
4092.0 16.768209915540062
4096.2 16.78624400739587
4100.4 16.80417303504109
4104.6 16.821997460483015
4108.8 16.839717745001686
4113.0 16.857334349142405
4117.2 16.874847732708364
4121.4 16.892258354753213
4125.6 16.909566673573824
4129.8 16.926773146703
4134.0 16.943878230902286
4138.2 16.960882382154846
4142.4 16.977786055658363
4146.6 16.994589705818036
4150.8 17.011293786239555
4155.0 17.027898749722244
4159.2 17.044405048252152
4163.4 17.060813132995275
4167.6 17.077123454290785
4171.8 17.093336461644316
4176.0 17.109452603721355
4180.2 17.125472328340617
4184.4 17.14139608246753
4188.6 17.157224312207738
4192.8 17.172957462800657
4197.0 17.188595978613137
4201.2 17.204140303133105
4205.4 17.21959087896331
4209.6 17.234948147815103
4213.8 17.25021255050227
4218.0 17.265384526934923
4222.2 17.28046451611345
4226.4 17.295452956122496
4230.6 17.31035028412503
4234.8 17.32515693635641
4239.0 17.33987334811858
4243.2 17.354499953774233
4247.4 17.3690371867411
4251.6 17.383485479486232
4255.8 17.397845263520384
4260.0 17.412116969392393
4264.2 17.42630102668368
4268.4 17.44039786400275
4272.6 17.454407908979732
4276.8 17.468331588261037
4281.0 17.482169327503996
4285.2 17.49592155137159
4289.4 17.509588683527223
4293.6 17.523171146629537
4297.8 17.536669362327267
4302.0 17.5500837512542
4306.2 17.563414733024107
4310.4 17.576662726225784
4314.6 17.589828148418125
4318.8 17.602911416125224
4323.0 17.61591294483157
4327.2 17.628833148977254
4331.4 17.641672441953226
4335.6 17.654431236096652
4339.8 17.667109942686235
4344.0 17.679708971937657
4348.2 17.69222873299906
4352.4 17.70466963394652
4356.6 17.717032081779653
4360.8 17.729316482417186
4365.0 17.74152324069266
4369.2 17.7536527603501
4373.4 17.765705444039806
4377.6 17.77768169331412
4381.8 17.789581908623305
4386.0 17.80140648931145
4390.2 17.8131558336124
4394.4 17.824830338645743
4398.6 17.836430400412898
4402.8 17.847956413793142
4407.0 17.859408772539812
4411.2 17.870787869276427
4415.4 17.882094095492967
4419.6 17.89332784154213
4423.8 17.90448949663565
4428.0 17.91557944884069
4432.2 17.926598085076222
4436.4 17.93754579110954
4440.6 17.948422951552722
4444.8 17.95922994985921
4449.0 17.969967168320412
4453.2 17.98063498806233
4457.4 17.991233789042276
4461.6 18.001763950045596
4465.8 18.012225848682448
4470.0 18.022619861384637
4474.2 18.0329463634025
4478.4 18.043205728801787
4482.6 18.053398330460674
4486.8 18.063524540066727
4491.0 18.073584728113975
4495.2 18.0835792639
4499.4 18.093508515523084
4503.6 18.103372849879385
4507.8 18.113172632660167
4512.0 18.122908228349065
4516.2 18.132580000219434
4520.4 18.142188310331658
4524.6 18.1517335195306
4528.8 18.161215987443015
4533.0 18.170636072475048
4537.2 18.179994131809792
4541.4 18.189290521404818
4545.6 18.19852559598983
4549.8 18.20769970906431
4554.0 18.216813212895232
4558.2 18.225866458514787
4562.4 18.234859795718204
4566.6 18.243793573061545
4570.8 18.252668137859605
4575.0 18.261483836183807
4579.2 18.27024101286018
4583.4 18.27894001146733
4587.6 18.287581174334502
4591.8 18.296164842539646
4596.0 18.30469135590755
4600.2 18.313161053008002
4604.4 18.32157427115397
4608.6 18.329931346399892
4612.8 18.33823261353992
4617.0 18.346478406106268
4621.2 18.354669056367573
4625.4 18.362804895327308
4629.6 18.370886252722222
4633.8 18.378913457020815
4638.0 18.386886835421905
4642.2 18.39480671385315
4646.4 18.402673416969684
4650.6 18.410487268152753
4654.8 18.418248589508405
4659.0 18.4259577018662
4663.2 18.433614924778006
4667.4 18.441220576516766
4671.6 18.448774974075373
4675.8 18.45627843316552
4680.0 18.463731268216648
4684.2 18.47113379237489
4688.4 18.47848631750206
4692.6 18.485789154174714
4696.8 18.493042611683187
4701.0 18.500246998030743
4705.2 18.50740261993269
4709.4 18.514509782815594
4713.6 18.52156879081648
4717.8 18.528579946782113
4722.0 18.535543552268283
4726.2 18.542459907539154
4730.4 18.549329311566623
4734.6 18.55615206202975
4738.8 18.56292845531418
4743.0 18.569658786511653
4747.2 18.576343349419503
4751.4 18.582982436540238
4755.6 18.589576339081106
4759.8 18.59612534695375
4764.0 18.60262974877386
4768.2 18.60908983186087
4772.4 18.61550588223771
4776.6 18.62187818463057
4780.8 18.628207022468715
4785.0 18.63449267788431
4789.2 18.640735431712333
4793.4 18.646935563490462
4797.6 18.653093351459027
4801.8 18.659209072561012
4806.0 18.66528300244205
4810.2 18.671315415450493
4814.4 18.67730658463751
4818.6 18.68325678175718
4822.8 18.68916627726667
4827.0 18.69503534032642
4831.2 18.700864238800374
4835.4 18.70665323925623
4839.6 18.712402606965746
4843.8 18.718112605905034
4848.0 18.72378349875497
4852.2 18.729415546901542
4856.4 18.735009010436304
4860.6 18.740564148156817
4864.8 18.74608121756716
4869.0 18.75156047487843
4873.2 18.757002175009326
4877.4 18.762406571586727
4881.6 18.767773916946307
4885.8 18.773104462133208
4890.0 18.77839845690271
4894.2 18.783656149720965
4898.4 18.78887778776573
4902.6 18.79406361692718
4906.8 18.79921388180868
4911.0 18.804328825727673
4915.2 18.809408690716527
4919.4 18.814453717523467
4923.6 18.819464145613495
4927.8 18.82444021316937
4932.0 18.829382157092613
4936.2 18.834290213004536
4940.4 18.839164615247302
4944.6 18.844005596885022
4948.8 18.84881338970488
4953.0 18.85358822421828
4957.2 18.858330329662053
4961.4 18.863039933999623
4965.6 18.867717263922316
4969.8 18.872362544850574
4974.0 18.8769760009353
4978.2 18.881557855059167
4982.4 18.886108328837988
4986.6 18.89062764262211
4990.8 18.895116015497827
4995.0 18.899573665288845
4999.2 18.90400080855773
5003.4 18.90839766060745
5007.6 18.912764435482885
5011.8 18.9171013459724
5016.0 18.921408603609443
5020.2 18.92568641867415
5024.4 18.929935000194998
5028.6 18.934154555950492
5032.8 18.938345292470864
5037.0 18.94250741503979
5041.2 18.94664112769616
5045.4 18.95074663323588
5049.6 18.95482413321365
5053.8 18.95887382794484
5058.0 18.962895916507325
5062.2 18.96689059674341
5066.4 18.97085806526173
5070.6 18.974798517439208
5074.8 18.97871214742302
5079.0 18.982599148132604
5083.2 18.98645971126169
5087.4 18.99029402728033
5091.6 18.994102285437016
5095.8 18.997884673760744
5100.0 19.00164137906316
5104.2 19.00537258694073
5108.4 19.009078481776893
5112.6 19.012759246744306
5116.8 19.016415063807024
5121.0 19.0200461137228
5125.2 19.023652576045354
5129.4 19.027234629126667
5133.6 19.030792450119336
5137.8 19.03432621497889
5142.0 19.03783609846621
5146.2 19.041322274149927
5150.4 19.044784914408822
5154.6 19.04822419043431
5158.8 19.051640272232888
5163.0 19.055033328628664
5167.2 19.058403527265856
5171.4 19.06175103461136
5175.6 19.065076015957292
5179.8 19.068378635423613
5184.0 19.07165905596072
5188.2 19.074917439352102
5192.4 19.078153946216993
5196.6 19.081368736013065
5200.8 19.084561967039114
5205.0 19.08773379643783
5209.2 19.090884380198506
5213.4 19.094013873159845
5217.6 19.09712242901273
5221.8 19.100210200303064
5226.0 19.103277338434605
5230.2 19.106323993671815
5234.4 19.109350315142752
5238.6 19.112356450841986
5242.8 19.115342547633507
5247.0 19.11830875125368
5251.2 19.12125520631421
5255.4 19.12418205630514
5259.6 19.12708944359785
5263.8 19.129977509448082
5268.0 19.13284639399902
5272.2 19.13569623628433
5276.4 19.138527174231257
5280.6 19.141339344663752
5284.8 19.144132883305588
5289.0 19.14690792478352
5293.2 19.149664602630455
5297.4 19.15240304928863
5301.6 19.155123396112852
5305.8 19.157825773373684
5310.0 19.160510310260737
5314.2 19.1631771348859
5318.4 19.165826374286667
5322.6 19.1684581544294
5326.8 19.171072600212682
5331.0 19.173669835470648
5335.2 19.176249982976348
5339.4 19.178813164445135
5343.6 19.181359500538036
5347.8 19.183889110865202
5352.0 19.186402113989317
5356.2 19.18889862742905
5360.4 19.19137876766255
5364.6 19.19384265013089
5368.8 19.196290389241614
5373.0 19.19872209837221
5377.2 19.201137889873706
5381.4 19.20353787507417
5385.6 19.205922164282313
5389.8 19.20829086679107
5394.0 19.21064409088121
5398.2 19.21298194382494
5402.4 19.21530453188956
5406.6 19.217611960341124
5410.8 19.219904333448074
5415.0 19.22218175448497
5419.2 19.22444432573617
5423.4 19.226692148499538
5427.6 19.228925323090206
5431.8 19.231143948844284
5436.0 19.233348124122667
5440.2 19.23553794631478
5444.4 19.237713511842372
5448.6 19.239874916163373
5452.8 19.242022253775644
5457.0 19.244155618220876
5461.2 19.246275102088408
5465.4 19.248380797019117
5469.6 19.250472793709275
5473.8 19.25255118191447
5478.0 19.2546160504535
5482.2 19.256667487212297
5486.4 19.258705579147875
5490.6 19.26073041229227
5494.8 19.2627420717565
5499.0 19.264740641734562
5503.2 19.26672620550741
5507.4 19.268698845446956
5511.6 19.270658643020088
5515.8 19.272605678792708
5520.0 19.274540032433777
5524.2 19.27646178271935
5528.4 19.278371007536656
5532.6 19.280267783888185
5536.8 19.282152187895775
5541.0 19.284024294804702
5545.2 19.28588417898781
5549.4 19.287731913949653
5553.6 19.289567572330597
5557.8 19.291391225911
5562.0 19.293202945615366
5566.2 19.295002801516517
5570.4 19.296790862839778
5574.6 19.29856719796718
5578.8 19.300331874441653
5583.0 19.30208495897125
5587.2 19.303826517433382
5591.4 19.305556614879052
5595.6 19.30727531553709
5599.8 19.30898268281844
5604.0 19.310678779320398
5608.2 19.31236366683091
5612.4 19.314037406332872
5616.6 19.315700058008392
5620.8 19.317351681243135
5625.0 19.318992334630625
5629.2 19.320622075976562
5633.4 19.322240962303184
5637.6 19.323849049853585
5641.8 19.32544639409609
5646.0 19.32703304972861
5650.2 19.328609070683008
5654.4 19.330174510129492
5658.6 19.331729420480986
5662.8 19.333273853397547
5667.0 19.334807859790757
5671.2 19.336331489828144
5675.4 19.33784479293759
5679.6 19.339347817811777
5683.8 19.340840612412613
5688.0 19.342323223975672
5692.2 19.34379569901466
5696.4 19.345258083325856
5700.6 19.346710421992594
5704.8 19.34815275938973
5709.0 19.349585139188118
5713.2 19.351007604359083
5717.4 19.352420197178954
5721.6 19.35382295923352
5725.8 19.35521593142256
5730.0 19.35659915396435
5734.2 19.357972666400176
5738.4 19.35933650759887
5742.6 19.36069071576132
5746.8 19.36203532842502
5751.0 19.36337038246861
5755.2 19.364695914116425
5759.4 19.366011958943034
5763.6 19.367318551877812
5767.8 19.36861572720948
5772.0 19.369903518590704
5776.2 19.371181959042634
5780.4 19.372451080959515
5784.6 19.37371091611322
5788.8 19.374961495657892
5793.0 19.376202850134487
5797.2 19.377435009475388
5801.4 19.378658003009
5805.6 19.379871859464355
5809.8 19.38107660697571
5814.0 19.38227227308716
5818.2 19.38345888475725
5822.4 19.38463646836358
5826.6 19.38580504970746
5830.8 19.386964654018477
5835.0 19.38811530595916
5839.2 19.389257029629604
5843.4 19.390389848572074
5847.6 19.39151378577568
5851.8 19.392628863680972
5856.0 19.393735104184596
5860.2 19.394832528643946
5864.4 19.395921157881784
5868.6 19.397001012190884
5872.8 19.398072111338706
5877.0 19.39913447457201
5881.2 19.40018812062152
5885.4 19.40123306770658
5889.6 19.402269333539802
5893.8 19.403296935331696
5898.0 19.404315889795363
5902.2 19.405326213151127
5906.4 19.40632792113118
5910.6 19.407321028984274
5914.8 19.40830555148033
5919.0 19.409281502915142
5923.2 19.410248897114993
5927.4 19.411207747441356
5931.6 19.412158066795495
5935.8 19.41309986762318
5940.0 19.414033161919306
5944.2 19.414957961232567
5948.4 19.415874276670095
5952.6 19.416782118902134
5956.8 19.417681498166683
5961.0 19.418572424274164
5965.2 19.41945490661204
5969.4 19.42032895414951
5973.6 19.421194575442133
5977.8 19.422051778636472
5982.0 19.422900571474763
5986.2 19.423740961299544
5990.4 19.424572955058295
5994.6 19.425396559308094
5998.8 19.42621178022025
6003.0 19.427018623584928
6007.2 19.4278170948158
6011.4 19.428607198954676
6015.6 19.42938894067612
6019.8 19.430162324292095
6024.0 19.430927353756566
6028.2 19.43168403267014
6032.4 19.43243236428468
6036.6 19.4331723515079
6040.8 19.43390399690801
6045.0 19.43462730271829
6049.2 19.43534227084172
6053.4 19.436048902855564
6057.6 19.436747200015976
6061.8 19.43743716326258
6066.0 19.43811879322307
6070.2 19.43879209021779
6074.4 19.439457054264317
6078.6 19.440113685082018
6082.8 19.440761982096646
6087.0 19.441401944444888
6091.2 19.442033570978925
6095.4 19.442656860271004
6099.6 19.443271810617965
6103.8 19.44387842004579
6108.0 19.44447668631417
6112.2 19.445066606921003
6116.4 19.445648179106932
6120.6 19.446221399859876
6124.8 19.446786265919545
6129.0 19.44734277378193
6133.2 19.447890919703845
6137.4 19.448430699707377
6141.6 19.448962109584418
6145.8 19.44948514490112
6150.0 19.44999980100239
6154.2 19.450506073016356
6158.4 19.451003955858823
6162.6 19.451493444237734
6166.8 19.451974532657623
6171.0 19.452447215424048
6175.2 19.45291148664804
6179.4 19.45336734025051
6183.6 19.453814769966677
6187.8 19.454253769350476
6192.0 19.454684331778964
6196.2 19.455106450456718
6200.4 19.455520118420203
6204.6 19.45592532854218
6208.8 19.45632207353603
6213.0 19.45671034596016
6217.2 19.45709013822233
6221.4 19.457461442584002
6225.6 19.45782425116466
6229.8 19.45817855594615
6234.0 19.458524348777004
6238.2 19.458861621376712
6242.4 19.459190365340035
6246.6 19.459510572141305
6250.8 19.459822233138677
6255.0 19.46012533957841
6259.2 19.46041988259912
6263.4 19.460705853236004
6267.6 19.46098324242512
6271.8 19.461252041007565
6276.0 19.46151223973373
6280.2 19.461763829267454
6284.4 19.462006800190267
6288.6 19.46224114300554
6292.8 19.462466848142654
6297.0 19.462683905961185
6301.2 19.462892306755016
6305.4 19.463092040756493
6309.6 19.463283098140558
6313.8 19.463465469028833
6318.0 19.463639143493733
6322.2 19.463804111562574
6326.4 19.463960363221613
6330.6 19.464107888420138
6334.8 19.4642466770745
6339.0 19.46437671907217
6343.2 19.464498004275754
6347.4 19.464610522527003
6351.6 19.464714263650816
6355.8 19.464809217459226
6360.0 19.464895373755375
6364.2 19.464972722337475
6368.4 19.46504125300275
6372.6 19.465100955551367
6376.8 19.46515181979036
6381.0 19.465193835537534
6385.2 19.465226992625354
6389.4 19.465251280904823
6393.6 19.465266690249344
6397.8 19.465273210558568
6402.0 19.465270831762222
6406.2 19.46525954382394
6410.4 19.465239336745054
6414.6 19.465210200568404
6418.8 19.465172125382065
6423.0 19.46512510132317
6427.2 19.465069118581606
6578.4 19.45701123005493
6582.6 19.456617691724254
6586.8 19.456214896348413
6591.0 19.45580283891702
6595.2 19.45538151460812
6599.4 19.454950918791205
6603.6 19.454511047030174
6607.8 19.454061895086316
6612.0 19.45360345892122
6616.2 19.45313573469974
6620.4 19.452658718792833
6624.6 19.452172407780505
6628.8 19.4516767984546
6633.0 19.451171887821662
6637.2 19.450657673105763
6641.4 19.450134151751257
6645.6 19.449601321425565
6649.8 19.449059180021926
6654.0 19.448507725662108
6658.2 19.447946956699102
6662.4 19.447376871719822
6666.6 19.44679746954774
6670.8 19.446208749245514
6675.0 19.445610710117627
6679.2 19.44500335171293
6683.4 19.444386673827243
6687.6 19.443760676505864
6691.8 19.4431253600461
6696.0 19.442480724999765
6700.2 19.44182677217562
6704.4 19.441163502641853
6708.6 19.440490917728475
6712.8 19.439809019029724
6717.0 19.439117808406422
6721.2 19.438417287988354
6725.4 19.43770746017656
6729.6 19.436988327645654
6733.8 19.436259893346072
6738.0 19.435522160506345
6742.2 19.434775132635313
6746.4 19.43401881352432
6750.6 19.43325320724939
6754.8 19.43247831817337
6759.0 19.431694150948058
6763.2 19.430900710516287
6767.4 19.43009800211402
6771.6 19.42928603127235
6775.8 19.428464803819573
6780.0 19.42763432588313
6784.2 19.4267946038916
6788.4 19.425945644576633
6792.6 19.425087454974857
6796.8 19.424220042429774
6801.0 19.4233434145936
6805.2 19.422457579429125
6809.4 19.421562545211476
6813.6 19.420658320529938
6817.8 19.419744914289673
6822.0 19.418822335713458
6826.2 19.417890594343366
6830.4 19.416949700042448
6834.6 19.41599966299636
6838.8 19.415040493714976
6843.0 19.41407220303397
6847.2 19.41309480211638
6851.4 19.412108302454115
6855.6 19.411112715869464
6859.8 19.410108054516567
6864.0 19.409094330882844
6868.2 19.408071557790414
6872.4 19.407039748397473
6876.6 19.40599891619965
6880.8 19.40494907503132
6885.0 19.403890239066904
6889.2 19.402822422822137
6893.4 19.4017456411553
6897.6 19.400659909268413
6901.8 19.39956524270842
6906.0 19.39846165736833
6910.2 19.397349169488336
6914.4 19.396227795656888
6918.6 19.395097552811755
6922.8 19.393958458241034
6927.0 19.392810529584168
6931.2 19.391653784832865
6935.4 19.390488242332072
6939.6 19.389313920780843
6943.8 19.388130839233213
6948.0 19.386939017099046
6952.2 19.385738474144816
6956.4 19.384529230494394
6960.6 19.38331130662979
6964.8 19.38208472339186
6969.0 19.380849501980975
6973.2 19.379605663957665
6977.4 19.378353231243246
6981.6 19.37709222612038
6985.8 19.375822671233635
6990.0 19.37454458959
6994.2 19.373258004559343
6998.4 19.37196293987489
7002.6 19.370659419633633
7006.8 19.369347468296684
7011.0 19.368027110689667
7015.2 19.366698372002997
7019.4 19.365361277792175
7023.6 19.364015853978046
7027.8 19.36266212684699
7032.0 19.361300123051116
7036.2 19.359929869608404
7040.4 19.358551393902825
7044.6 19.3571647236844
7048.8 19.35576988706925
7053.0 19.354366912539614
7057.2 19.35295582894381
7061.4 19.351536665496162
7065.6 19.350109451776934
7069.8 19.348674217732167
7074.0 19.347230993673527
7078.2 19.3457798102781
7082.4 19.34432069858814
7086.6 19.342853690010827
7090.8 19.341378816317906
7095.0 19.33989610964539
7099.2 19.33840560249315
7103.4 19.336907327724504
7107.6 19.335401318565754
7111.8 19.333887608605703
7116.0 19.332366231795138
7120.2 19.330837222446227
7124.4 19.329300615231958
7128.6 19.327756445185475
7132.8 19.32620474769942
7137.0 19.3246455585252
7141.2 19.323078913772246
7145.4 19.32150484990723
7149.6 19.319923403753233
7153.8 19.318334612488872
7158.0 19.316738513647422
7162.2 19.31513514511585
7166.4 19.31352454513386
7170.6 19.311906752292852
7174.8 19.310281805534892
7179.0 19.30864974415161
7183.2 19.30701060778305
7187.4 19.305364436416532
7191.6 19.303711270385417
7195.8 19.30205115036787
7200.0 19.300384117385562
7204.2 19.29871021280236
7208.4 19.297029478322926
7212.6 19.295341955991365
7216.8 19.293647688189722
7221.0 19.29194671763653
7225.2 19.29023908738528
7229.4 19.28852484082283
7233.6 19.286804021667844
7237.8 19.2850766739691
7242.0 19.283342842103824
7246.2 19.281602570775974
7250.4 19.279855905014426
7254.6 19.27810289017123
7258.8 19.2763435719197
7263.0 19.274577996252553
7267.2 19.272806209479967
7271.4 19.271028258227613
7275.6 19.269244189434627
7279.8 19.267454050351564
7284.0 19.26565788853828
7288.2 19.263855751861822
7292.4 19.262047688494214
7296.6 19.260233746910238
7300.8 19.258413975885187
7305.0 19.256588424492513
7309.2 19.254757142101514
7313.4 19.25292017837492
7317.6 19.251077583266454
7321.8 19.249229407018344
7326.0 19.247375700158813
7330.2 19.2455165134995
7334.4 19.243651898132857
7338.6 19.241781905429484
7342.8 19.239906587035428
7347.0 19.238025994869453
7351.2 19.23614018112025
7355.4 19.234249198243592
7359.6 19.23235309895949
7363.8 19.230451936249228
7368.0 19.228545763352454
7372.2 19.226634633764128
7376.4 19.22471860123149
7380.6 19.22279771975095
7384.8 19.22087204356497
7389.0 19.218941627158856
7393.2 19.21700652525752
7397.4 19.215066792822224
7401.6 19.21312248504723
7405.8 19.211173657356465
7410.0 19.209220365400075
7414.2 19.207262665050983
7418.4 19.205300612401363
7422.6 19.20333426375912
7426.8 19.20136367564426
7431.0 19.199388904785252
7435.2 19.197410008115355
7439.4 19.195427042768856
7443.6 19.193440066077294
7447.8 19.191449135565634
7452.0 19.18945430894838
7456.2 19.18745564412566
7460.4 19.18545319917922
7464.6 19.183447032368463
7468.8 19.18143720212631
7473.0 19.179423767055155
7477.2 19.17740678592263
7481.4 19.17538631765746
7485.6 19.173362421345146
7489.8 19.171335156223712
7494.0 19.169304581679295
7498.2 19.16727075724178
7502.4 19.165233742580337
7506.6 19.163193597498896
7510.8 19.161150381931638
7515.0 19.159104155938355
7519.2 19.157054979699822
7523.4 19.155002913513112
7527.6 19.15294801778681
7531.8 19.15089035303626
7536.0 19.14882997987868
7540.2 19.146766959028295
7544.4 19.144701351291374
7548.6 19.142633217561244
7552.8 19.140562618813235
7557.0 19.13848961609959
7561.2 19.136414270544325
7565.4 19.134336643338006
7569.6 19.13225679573253
7573.8 19.13017478903582
7578.0 19.128090684606452
7582.2 19.126004543848293
7586.4 19.123916428205018
7590.6 19.121826399154614
7594.8 19.11973451820385
7599.0 19.11764084688262
7603.2 19.115545446738334
7607.4 19.113448379330197
7611.6 19.111349706223425
7615.8 19.109249488983455
7620.0 19.10714778917007
7624.2 19.105044668331487
7628.4 19.10294018799837
7632.6 19.100834409677837
7636.8 19.098727394847348
7641.0 19.096619204948606
7645.2 19.094509901381358
7649.4 19.09239954549717
7653.6 19.09028819859314
7657.8 19.08817592190553
7662.0 19.086062776603423
7666.2 19.083948823782215
7670.4 19.081834124457167
7674.6 19.079718739556807
7678.8 19.077602729916347
7683.0 19.075486156270998
7687.2 19.07336907924927
7691.4 19.071251559366196
7695.6 19.069133657016476
7699.8 19.067015432467645
7704.0 19.064896945853096
7708.2 19.062778257165107
7712.4 19.06065942624777
7716.6 19.058540512789936
7720.8 19.05642157631801
7725.0 19.05430267618875
7729.2 19.052183871582027
7733.4 19.050065221493465
7737.6 19.04794678472707
7741.8 19.045828619887814
7746.0 19.04371078537411
7750.2 19.041593339370298
7754.4 19.03947633983901
7758.6 19.03735984451353
7762.8 19.035243910890074
7767.0 19.033128596219996
7771.2 19.031013957501976
7775.4 19.028900051474128
7779.6 19.026786934606058
7783.8 19.024674663090853
7788.0 19.02256329283701
7792.2 19.020452879460354
7796.4 19.018343478275824
7800.6 19.016235144289265
7804.8 19.01412793218913
7809.0 19.012021896338112
7813.2 19.009917090764784
7817.4 19.007813569155072
7821.6 19.00571138484379
7825.8 19.00361059080601
7830.0 19.001511239648444
7834.2 18.999413383600746
7838.4 18.997317074506746
7842.6 18.995222363815635
7846.8 18.99312930257308
7851.0 18.991037941412298
7855.2 18.988948330545053
7859.4 18.986860519752604
7863.6 18.984774558376582
7867.8 18.982690495309832
7872.0 18.980608378987156
7876.2 18.97852825737603
7880.4 18.97645017796725
7884.6 18.97437418776551
7888.8 18.97230033327993
7893.0 18.970228660514504
7897.2 18.96815921495853
7901.4 18.96609204157693
7905.6 18.96402718480053
7909.8 18.96196468851629
7914.0 18.959904596057452
7918.2 18.95784695019365
7922.4 18.955791793120927
7926.6 18.953739166451708
7930.8 18.951689111204736
7935.0 18.949641667794896
7939.2 18.947596876023006
7943.4 18.94555477506556
7947.6 18.943515403464364
7951.8 18.94147879911615
7956.0 18.939444999262125
7960.2 18.937414040477428
7964.4 18.93538595866054
7968.6 18.933360789022647
7972.8 18.93133856607693
7977.0 18.929319323627766
7981.2 18.9273030947599
7985.4 18.925289911827548
7989.6 18.923279806443407
7993.8 18.92127280946766
7998.0 18.919268950996845
8002.2 18.9172682603527
8006.4 18.91527076607097
8010.6 18.913276495890088
8014.8 18.911285476739828
8019.0 18.909297734729904
8023.2 18.907313295138472
8027.4 18.90533218240058
8031.6 18.90335442009659
8035.8 18.90138003094046
8040.0 18.899409036768017
8044.2 18.897441458525176
8048.4 18.89547731625603
8052.6 18.893516629090932
8056.8 18.89155941523449
8061.0 18.889605691953488
8065.2 18.887655475564777
8069.4 18.885708781423045
8073.6 18.883765623908552
8077.8 18.88182601641482
8082.0 18.879889971336212
8086.2 18.877957500055466
8090.4 18.87602861293117
8094.6 18.87410331928515
8098.8 18.872181627389832
8103.0 18.870263544455455
8107.2 18.868349076617324
8111.4 18.866438228922895
8115.6 18.864531005318884
8119.8 18.862627408638218
8124.0 18.860727440586988
8128.2 18.858831101731308
8132.4 18.8569383914841
8136.6 18.855049308091818
8140.8 18.8531638486211
8145.0 18.851282008945383
8149.2 18.84940378373137
8153.4 18.847529166425527
8157.6 18.845658149240446
8161.8 18.843790723141144
8166.0 18.841926877831327
8170.2 18.840066601739558
8174.4 18.838209882005348
8178.6 18.836356704465214
8182.8 18.834507053638625
8187.0 18.832660912713898
8191.2 18.830818263534045
8195.4 18.828979086582493
8199.6 18.827143360968815
8203.8 18.8253110644143
8208.0 18.823482173237526
8212.2 18.821656662339834
8216.4 18.819834505190713
8220.6 18.81801567381315
8224.8 18.81620013876889
8229.0 18.814387869143626
8233.2 18.812578832532104
8237.4 18.810772995023203
8241.6 18.808970321184884
8245.8 18.80717077404911
8250.0 18.805374315096667
8254.2 18.803580904241958
8258.4 18.80179049981765
8262.6 18.80000305855932
8266.8 18.79821853559
8271.0 18.79643688440464
8275.2 18.79465805685451
8279.4 18.792882003131545
8283.6 18.791108671752585
8287.8 18.789338009543567
8292.0 18.787569961623618
8296.2 18.78580447138912
8300.4 18.784041480497653
8304.6 18.782280928851893
8308.8 18.780522754583426
8313.0 18.7787668940365
8317.2 18.777013281751685
8321.4 18.775261850449468
8325.6 18.77351253101378
8329.8 18.77176525247545
8334.0 18.77001994199557
8338.2 18.768276524848787
8342.4 18.766534924406535
8346.6 18.764795062120204
8350.8 18.76305685750418
8355.0 18.76132022811886
8359.2 18.759585089553592
8363.4 18.757851355409507
8367.6 18.75611893728229
8371.8 18.7543877447449
8376.0 18.752657685330178
8380.2 18.750928664513392
8384.4 18.749200585694727
8388.6 18.747473350181654
8392.8 18.745746857171287
8397.0 18.74402100373258
8401.2 18.742295684788548
8405.4 18.740570793098307
8409.6 18.73884621923913
8413.8 18.73712185158835
8418.0 18.735397576305242
8422.2 18.73367327731281
8426.4 18.73194883627949
8430.6 18.730224132600753
8434.8 18.728499043380697
8439.0 18.726773443413496
8443.2 18.72504720516482
8447.4 18.723320198753118
8451.6 18.721592291930893
8455.8 18.719863350065854
8460.0 18.71813323612199
8464.2 18.7164018106406
8468.4 18.714668931721196
8472.6 18.712934455002365
8476.8 18.711198233642556
8481.0 18.709460118300733
8485.2 18.707719957117032
8489.4 18.705977595693263
8493.6 18.704232877073377
8497.8 18.70248564172385
8502.0 18.700735727513962
8506.2 18.69898296969603
8510.4 18.697227200885536
8514.6 18.695468251041188
8518.8 18.693705947444887
8523.0 18.69194011468164
8527.2 18.69017057461937
8531.4 18.688397146388645
8535.6 18.68661964636235
8539.8 18.684837888135245
8544.0 18.68305168250347
8548.2 18.681260837443965
8552.4 18.679465158093784
8556.6 18.677664446729352
8560.8 18.67585850274566
8565.0 18.674047122635308
8569.2 18.672230099967564
8573.4 18.670407225367242
8577.6 18.66857828649358
8581.8 18.666743068018988
8586.0 18.664901351607732
8590.2 18.663052915894518
8594.4 18.661197536463032
8598.6 18.659334985824355
8602.8 18.657465033395315
8607.0 18.655587445476765
8611.2 18.653701985231745
8615.4 18.651808412663623
8619.6 18.64990648459407
8623.8 18.647995954641022
8628.0 18.64607657319653
8632.2 18.644148087404528
8636.4 18.642210241138503
8640.6 18.64026277497911
8644.8 18.638305426191696
8649.0 18.636337928703718
8653.2 18.63436001308211
8657.4 18.632371406510522
8661.6 18.630371832766528
8665.8 18.628361012198706
8670.0 18.62633866170366
8674.2 18.62430449470293
8678.4 18.622258221119857
8682.6 18.620199547356314
8686.8 18.61812817626941
8691.0 18.61604380714803
8695.2 18.613946135689392
8699.4 18.611834853975417
8703.6 18.60970965044908
8707.8 18.607570209890653
8712.0 18.605416213393845
8716.2 18.60324733834191
8720.4 18.60106325838359
8724.6 18.59886364340905
8728.8 18.596648159525664
8733.0 18.594416469033767
8737.2 18.592168230402258
8741.4 18.589903098244196
8745.6 18.587620723292236
8749.8 18.58532075237402
8754.0 18.583002828387453
8758.2 18.580666590275936
8762.4 18.578311673003448
8766.6 18.575937707529604
8770.8 18.57354432078457
8775.0 18.571131135643945
8779.2 18.5686977709035
8783.4 18.56624384125387
8787.6 18.563768957255125
8791.8 18.56127272531131
8796.0 18.5587547476448
8800.2 18.556214622270677
8804.4 18.553651942970927
8808.6 18.551066299268594
8812.8 18.54845727640186
8817.0 18.545824455297968
8821.2 18.543167412547138
8825.4 18.540485720376346
8829.6 18.537778946623003
8833.8 18.53504665470859
8838.0 18.532288403612164
8842.2 18.529503747843783
8846.4 18.52669223741786
8850.6 18.52385341782639
8854.8 18.52098683001214
8859.0 18.518092010341682
8863.2 18.51516849057839
8867.4 18.512215797855326
8871.6 18.50923345464803
8875.8 18.50622097874723
8880.0 18.50317788323145
8884.2 18.50010367643953
8888.4 18.496997861943075
8892.6 18.493859938518764
8896.8 18.49068940012063
8901.0 18.487485735852193
8905.2 18.484248429938532
8909.4 18.480976961698254
8913.6 18.47767080551538
8917.8 18.474329430811128
8922.0 18.470952302015608
8926.2 18.46753887853942
8930.4 18.464088614745172
8934.6 18.4606009599189
8938.8 18.457075358241372
8943.0 18.453511248759337
8947.2 18.449908065356666
8951.4 18.446265236725377
8955.6 18.4425821863366
8959.8 18.43885833241143
8964.0 18.435093087891694
8968.2 18.431285860410615
8972.4 18.427436052263392
8976.6 18.423543060377675
8980.8 18.419606276283965
8985.0 18.41562508608589
8989.2 18.411598870430414
8993.4 18.40752700447795
8997.6 18.40340885787234
9001.8 18.39924379471079
9006.0 18.395031173513704
9010.2 18.390770347194362
9014.4 18.386460663028597
9018.6 18.382101462624288
9022.8 18.37769208189083
9027.0 18.373231851008462
9031.2 18.3687200943975
9035.4 18.364156130687512
9039.6 18.359539272686355
9043.8 18.354868827349136
9048.0 18.350144095747083
9052.2 18.34536437303629
9056.4 18.340528948426407
9060.6 18.335637105149196
9064.8 18.330688120427013
9069.0 18.325681265441183
9073.2 18.320615805300296
9077.4 18.315490999008357
9081.6 18.310306099432896
9085.8 18.30506035327297
9090.0 18.299753001027014
9094.2 18.294383276960662
9098.4 18.288950409074452
9102.6 18.283453619071384
9106.8 18.27789212232447
9111.0 18.272265127844083
9115.2 18.266571838245298
9119.4 18.260811449715085
9123.6 18.254983151979403
9127.8 18.24908612827022
9132.0 18.243119555292417
9136.2 18.237082603190593
9140.4 18.230974435515773
9144.6 18.22479420919203
9148.8 18.218541074482985
9153.0 18.212214174958202
9157.2 18.20581264745955
9161.4 18.19933562206736
9165.6 18.192782222066544
9169.8 18.18615156391266
9174.0 18.179442757197748
9178.2 18.17265490461619
9182.4 18.165787101930412
9186.6 18.15883843793647
9190.8 18.151807994429596
9195.0 18.144694846169568
9199.2 18.137498060846053
9203.4 18.130216699043793
9207.6 18.122849814207697
9211.8 18.11539645260788
9216.0 18.107855653304526
9220.2 18.100226448112714
9224.4 18.092507861567114
9228.6 18.084698910886566
9232.8 18.076798605938603
9237.0 18.0688059492038
9241.2 18.060719935740114
9245.4 18.05253955314704
9249.6 18.044263781529693
9253.8 18.03589159346282
9258.0 18.027421953954637
9262.2 18.018853820410637
9266.4 18.01018614259727
9270.6 18.001417862605468
9274.8 17.992547914814164
9279.0 17.98357522585362
9283.2 17.974498714568703
9287.4 17.965317291982032
9291.6 17.956029861257047
9295.8 17.94663531766093
9300.0 17.937132548527465
9304.2 17.927520433219794
9308.4 17.91779784309301
9312.6 17.90796364145672
9316.8 17.898016683537485
9321.0 17.887955816441085
9325.2 17.877779879114787
9329.4 17.867487702309454
9333.6 17.85707810854151
9337.8 17.84654991205489
9342.0 17.835901918782792
9346.2 17.825132926309415
9350.4 17.8142417238315
9354.6 17.80322709211982
9358.8 17.79208780348058
9363.0 17.780822621716638
9367.2 17.7694303020887
9371.4 17.757909591276373
9375.6 17.74625922733908
9379.8 17.734477939676946
9384.0 17.72256444899149
9388.2 17.710517467246287
9392.4 17.69833569762747
9396.6 17.686017834504142
9400.8 17.673562563388696
9405.0 17.660968560896993
9409.2 17.64823449470847
9413.4 17.635359023526128
9417.6 17.622340797036383
9421.8 17.609178455868864
9426.0 17.595870631556043
9430.2 17.582415946492816
9434.4 17.568813013895927
9438.6 17.555060437763306
9442.8 17.541156812833304
9447.0 17.527100724543796
9451.2 17.51289074899121
9455.4 17.498525452889425
9459.6 17.48400339352852
9463.8 17.469323118733527
9468.0 17.45448316682294
9472.2 17.43948206656722
9476.4 17.424318337147135
9480.6 17.408990488111982
9484.8 17.39349701933777
9489.0 17.37783642098519
