# lambda zeropoint
3541.8 16.73639166347161
3546.0 16.753216395099052
3550.2 16.769976676449666
3554.4 16.786672588955668
3558.6 16.803304214396025
3562.8 16.819871634895364
3567.0 16.83637493292284
3571.2 16.85281419129101
3575.4 16.86918949315475
3579.6 16.885500922010078
3583.8 16.90174856169309
3588.0 16.9179324963788
3592.2 16.934052810580052
3596.4 16.950109589146376
3600.6 16.966102917262887
3604.8 16.982032880449154
3609.0 16.997899564558082
3613.2 17.013703055774805
3617.4 17.02944344061556
3621.6 17.045120805926548
3625.8 17.060735238882856
3630.0 17.076286826987296
3634.2 17.09177565806931
3638.4 17.10720182028385
3642.6 17.122565402110254
3646.8 17.13786649235112
3651.0 17.153105180131192
3655.2 17.16828155489626
3659.4 17.183395706412007
3663.6 17.198447724762914
3667.8 17.213437700351122
3672.0 17.228365723895344
3676.2 17.243231886429708
3680.4 17.258036279302665
3684.6 17.27277899417586
3688.8 17.287460123023006
3693.0 17.302079758128784
3697.2 17.316637992087706
3701.4 17.331134917803002
3705.6 17.345570628485497
3709.8 17.359945217652506
3714.0 17.3742587791267
3718.2 17.388511407034983
3722.4 17.402703195807398
3726.6 17.416834240175973
3730.8 17.43090463517364
3735.0 17.44491447613307
3739.2 17.45886385868561
3743.4 17.472752878760115
3747.6 17.486581632581842
3751.8 17.500350216671357
3756.0 17.514058727843377
3760.2 17.52770726320567
3764.4 17.541295920157953
3768.6 17.554824796390736
3772.8 17.56829398988423
3777.0 17.581703598907215
3781.2 17.595053722015923
3785.4 17.608344458052933
3789.6 17.62157590614603
3793.8 17.6347481657071
3798.0 17.647861336431006
3802.2 17.660915518294463
3806.4 17.67391081155494
3810.6 17.68684731674951
3814.8 17.69972513469376
3819.0 17.712544366480653
3823.2 17.725305113479408
3827.4 17.738007477334406
3831.6 17.750651559964034
3835.8 17.763237463559598
3840.0 17.77576529058418
3844.2 17.788235143771537
3848.4 17.80064712612497
3852.6 17.81300134091621
3856.8 17.82529789168429
3861.0 17.83753688223445
3865.2 17.84971841663699
3869.4 17.861842599226158
3873.6 17.873909534599044
3877.8 17.885919327614456
3882.0 17.897872083391782
3886.2 17.909767907309895
3890.4 17.92160690500603
3894.6 17.93338918237464
3898.8 17.94511484556632
3903.0 17.956784000986648
3907.2 17.968396755295085
3911.4 17.979953215403857
3915.6 17.99145348847683
3919.8 18.002897681928392
3924.0 18.014285903422326
3928.2 18.025618260870715
3932.4 18.036894862432796
3936.6 18.04811581651386
3940.8 18.059281231764114
3945.0 18.070391217077578
3949.2 18.081445881590962
3953.4 18.092445334682548
3957.6 18.103389685971056
3999.6 18.20982688548865
4003.8 18.220172419427893
4008.0 18.230464185336537
4012.2 18.24070229585733
4016.4 18.25088686385779
4020.6 18.261018002429093
4024.8 18.271095824884974
4029.0 18.281120444760575
4033.2 18.291091975811362
4037.4 18.301010532011976
4041.6 18.31087622755512
4045.8 18.320689176850465
4050.0 18.330449494523492
4054.2 18.340157295414397
4058.4 18.349812694576965
4062.6 18.359415807277465
4066.8 18.368966748993497
4071.0 18.378465635412915
4075.2 18.387912582432673
4079.4 18.397307706157733
4083.6 18.40665112289991
4087.8 18.415942949176802
4092.0 18.42518330171063
4096.2 18.43437229742713
4100.4 18.44351005345445
4104.6 18.452596687122014
4108.8 18.461632315959395
4113.0 18.470617057695218
4117.2 18.479551030256037
4121.4 18.488434351765193
4125.6 18.497267140541727
4129.8 18.506049515099235
4134.0 18.514781594144758
4138.2 18.523463496577676
4142.4 18.532095341488564
4146.6 18.54067724815809
4150.8 18.549209336055892
4155.0 18.557691724839465
4159.2 18.566124534353015
4163.4 18.574507884626385
4167.6 18.58284189587389
4171.8 18.591126688493233
4176.0 18.599362383064364
4180.2 18.607549100348372
4184.4 18.615686961286357
4188.6 18.623776086998326
4192.8 18.631816598782056
4197.0 18.63980861811198
4201.2 18.647752266638076
4205.4 18.65564766618474
4209.6 18.663494938749682
4213.8 18.671294206502772
4218.0 18.67904559178496
4222.2 18.68674921710713
4226.4 18.694405205148996
4230.6 18.70201367875798
4234.8 18.709574760948083
4239.0 18.71708857489878
4243.2 18.72455524395389
4247.4 18.731974891620467
4251.6 18.739347641567665
4255.8 18.746673617625635
4260.0 18.753952943784398
4264.2 18.761185744192737
4268.4 18.76837214315705
4272.6 18.77551226514026
4276.8 18.78260623476069
4281.0 18.789654176790922
4285.2 18.796656216156716
4289.4 18.80361247793585
4293.6 18.81052308735704
4297.8 18.817388169798782
4302.0 18.824207850788262
4306.2 18.83098225600023
4310.4 18.83771151125587
4314.6 18.84439574252169
4318.8 18.85103507590841
4323.0 18.857629637669824
4327.2 18.864179554201698
4331.4 18.870684952040637
4335.6 18.877145957862982
4339.8 18.883562698483676
4344.0 18.889935300855157
4348.2 18.896263892066216
4352.4 18.902548599340914
4356.6 18.908789550037437
4360.8 18.914986871646974
4365.0 18.92114069179262
4369.2 18.927251138228232
4373.4 18.93331833883734
4377.6 18.939342421631984
4381.8 18.94532351475164
4386.0 18.951261746462066
4390.2 18.95715724515422
4394.4 18.963010139343094
4398.6 18.968820557666643
4402.8 18.974588628884618
4407.0 18.980314481877496
4411.2 18.985998245645316
4415.4 18.991640049306593
4419.6 18.99724002209718
4423.8 19.00279829336916
4428.0 19.008314992589717
4432.2 19.01379024934002
4436.4 19.019224193314116
4440.6 19.024616954317786
4444.8 19.029968662267446
4449.0 19.03527944718903
4453.2 19.040549439216854
4457.4 19.0457787685925
4461.6 19.05096756566372
4465.8 19.056115960883282
4470.0 19.061224084807883
4474.2 19.066292068097002
4478.4 19.071320041511804
4482.6 19.076308135914005
4486.8 19.08125648226476
4491.0 19.08616521162354
4495.2 19.091034455147025
4499.4 19.095864344087964
4503.6 19.100655009794075
4507.8 19.10540658370691
4512.0 19.110119197360753
4516.2 19.114792982381484
4520.4 19.11942807048547
4524.6 19.12402459347845
4528.8 19.128582683254397
4533.0 19.133102471794416
4537.2 19.137584091165625
4541.4 19.14202767352003
4545.6 19.1464333510934
4549.8 19.150801256204154
4554.0 19.15513152125225
4558.2 19.159424278718056
4562.4 19.163679661161233
4566.6 19.167897801219613
4570.8 19.17207883160808
4575.0 19.176222885117458
4579.2 19.180330094613396
4583.4 19.184400593035225
4587.6 19.18843451339486
4591.8 19.19243198877568
4596.0 19.1963931523314
4600.2 19.20031813728495
4604.4 19.204207076927368
4608.6 19.208060104616678
4612.8 19.211877353776757
4617.0 19.215658957896235
4621.2 19.219405050527367
4625.4 19.223115765284906
4629.6 19.226791235844995
4633.8 19.23043159594405
4638.0 19.23403697937763
4642.2 19.23760751999933
4646.4 19.24114335171964
4650.6 19.244644608504853
4654.8 19.24811142437593
4659.0 19.251543933407397
4663.2 19.254942269726193
4667.4 19.258306567510584
4671.6 19.261636960989026
4675.8 19.264933584439056
4680.0 19.268196572186163
4684.2 19.271426058602678
4688.4 19.274622178106647
4692.6 19.27778506516072
4696.8 19.280914854271025
4701.0 19.284011679986044
4705.2 19.287075676895515
4709.4 19.29010697962929
4713.6 19.293105722856225
4717.8 19.29607204128306
4722.0 19.299006069653306
4726.2 19.301907942746123
4730.4 19.30477779537518
4734.6 19.307615762387574
4738.8 19.31042197866268
4743.0 19.313196579111047
4747.2 19.315939698673272
4751.4 19.318651472318887
4755.6 19.32133203504523
4759.8 19.323981521876345
4801.8 19.34879693808244
4806.0 19.35111350816629
4810.2 19.35340062431802
4814.4 19.35565842180684
4818.6 19.35788703591298
4822.8 19.360086601926575
4827.0 19.362257255146545
4831.2 19.36439913087948
4835.4 19.36651236443852
4839.6 19.368597091142227
4843.8 19.370653446313487
4848.0 19.37268156527836
4852.2 19.37468158336499
4856.4 19.37665363590247
4860.6 19.37859785821973
4864.8 19.38051438564441
4869.0 19.382403353501743
4873.2 19.384264897113447
4877.4 19.38609915179659
4881.6 19.387906252862475
4885.8 19.38968633561554
4890.0 19.391439535352198
4894.2 19.39316598735977
4898.4 19.39486582691531
4902.6 19.39653918928454
4906.8 19.398186209720684
4911.0 19.399807023463385
4915.2 19.40140176573756
4919.4 19.402970571752302
4923.6 19.404513576699745
4927.8 19.406030915753945
4932.0 19.40752272406977
4936.2 19.40898913678179
4940.4 19.41043028900312
4944.6 19.41184631582435
4948.8 19.41323735231238
4953.0 19.414603533509336
4957.2 19.41594499443144
4961.4 19.417261870067875
4965.6 19.41855429537969
4969.8 19.419822405298664
4974.0 19.421066334726195
4978.2 19.422286218532186
4982.4 19.423482191553898
4986.6 19.424654388594867
4990.8 19.42580294442377
4995.0 19.4269279937733
4999.2 19.42802967133905
5003.4 19.4291081117784
5007.6 19.430163449709394
5011.8 19.431195819709618
5016.0 19.43220535631508
5020.2 19.433192194019096
5024.4 19.434156467271176
5028.6 19.435098310475887
5032.8 19.436017857991757
5037.0 19.436915244130127
5041.2 19.437790603154063
5045.4 19.438644069277217
5049.6 19.439475776662707
5053.8 19.440285859422023
5058.0 19.441074451613858
5062.2 19.44184168724305
5066.4 19.442587700259413
5070.6 19.443312624556647
5074.8 19.444016593971206
5079.0 19.44469974228118
5083.2 19.44536220320518
5087.4 19.446004110401216
5091.6 19.44662559746558
5095.8 19.447226797931727
5100.0 19.44780784526915
5104.2 19.448368872882266
5108.4 19.4489100141093
5112.6 19.44943140222115
5116.8 19.449933170420298
5121.0 19.450415451839657
5125.2 19.45087837954148
5129.4 19.451322086516214
5133.6 19.451746705681412
5137.8 19.45215236988058
5142.0 19.45253921188208
5146.2 19.452907364378017
5150.4 19.453256959983094
5154.6 19.453588131233516
5158.8 19.45390101058586
5163.0 19.454195730415954
5167.2 19.454472423017766
5171.4 19.454731220602284
5175.6 19.454972255296383
5179.8 19.455195659141726
5184.0 19.455401564093634
5188.2 19.45559010201997
5192.4 19.45576140470001
5196.6 19.455915603823335
5200.8 19.456052830988714
5205.0 19.45617321770298
5209.2 19.456276895379897
5213.4 19.45636399533907
5217.6 19.456434648804805
5221.8 19.456488986904994
5226.0 19.456527140669994
5230.2 19.45654924103151
5234.4 19.45655541882149
5238.6 19.456545804770975
5242.8 19.456520529509014
5247.0 19.45647972356151
5251.2 19.45642351735013
5255.4 19.45635204119118
5259.6 19.456265425294465
5263.8 19.456163799762194
5268.0 19.45604729458786
5272.2 19.455916039655104
5276.4 19.455770164736602
5280.6 19.45560979949296
5284.8 19.455435073471577
5289.0 19.455246116105535
5293.2 19.45504305671247
5297.4 19.45482602449347
5301.6 19.454595148531943
5305.8 19.454350557792498
5310.0 19.45409238111984
5314.2 19.453820747237625
5318.4 19.45353578474736
5322.6 19.453237622127286
5326.8 19.45292638773125
5331.0 19.45260220978758
5335.2 19.45226521639799
5339.4 19.451915535536422
5343.6 19.451553295047976
5347.8 19.451178622647745
5352.0 19.450791645919725
5356.2 19.450392492315682
5360.4 19.449981289154042
5364.6 19.449558163618757
5368.8 19.44912324275821
5373.0 19.448676653484068
5377.2 19.448218522570187
5381.4 19.447748976651482
5385.6 19.447268142222796
5389.8 19.44677614563781
5394.0 19.446273113107893
5398.2 19.445759170701006
5402.4 19.445234444340574
5406.6 19.444699059804353
5410.8 19.444153142723348
5415.0 19.443596818580648
5419.2 19.443030212710337
5423.4 19.442453450296373
5427.6 19.44186665637146
5431.8 19.44126995581592
5436.0 19.4406634733566
5440.2 19.44004733356574
5444.4 19.439421660859836
5448.6 19.43878657949855
5452.8 19.438142213583582
5457.0 19.437488687057527
5461.2 19.436826123702797
5465.4 19.43615464714047
5469.6 19.435474380829188
5473.8 19.434785448064016
5478.0 19.43408797197535
5482.2 19.433382075527796
5486.4 19.432667881519023
5490.6 19.431945512578665
5494.8 19.4312150911672
5499.0 19.43047673957484
5503.2 19.42973057992038
5507.4 19.428976734150126
5511.6 19.42821532403672
5515.8 19.42744647117808
5520.0 19.426670296996235
5524.2 19.425886922736222
5528.4 19.42509646946497
5532.6 19.42429905807019
5536.8 19.42349480925922
5541.0 19.422683843557955
5545.2 19.42186628130968
5549.4 19.421042242673995
5553.6 19.420211847625655
5557.8 19.419375215953487
5562.0 19.418532467259244
5566.2 19.417683720956493
5570.4 19.41682909626951
5574.6 19.415968712232146
5612.4 19.4079856300148
5616.6 19.40707415664242
5620.8 19.406158220404116
5625.0 19.40523793796139
5629.2 19.40431342577077
5633.4 19.403384800082694
5637.6 19.402452176940393
5641.8 19.40151567217878
5646.0 19.400575401423303
5650.2 19.399631480088864
5654.4 19.39868402337866
5658.6 19.397733146283098
5662.8 19.39677896357866
5667.0 19.395821589826777
5671.2 19.39486113937273
5675.4 19.393897726344505
5679.6 19.392931464651706
5683.8 19.391962467984403
5688.0 19.39099084981203
5692.2 19.39001672338227
5696.4 19.38904020171993
5700.6 19.388061397625812
5704.8 19.38708042367561
5709.0 19.38609739221878
5713.2 19.385112415377435
5717.4 19.3841256050452
5721.6 19.383137072886115
5725.8 19.38214693033352
5730.0 19.381155288588914
5734.2 19.380162258620846
5738.4 19.379167951163797
5742.6 19.378172476717076
5746.8 19.37717594554367
5751.0 19.376178467669135
5755.2 19.375180152880503
5759.4 19.37418111072513
5763.6 19.373181450509588
5767.8 19.37218128129855
5772.0 19.371180711913663
5776.2 19.370179850932445
5780.4 19.369178806687145
5784.6 19.368177687263636
5788.8 19.36717660050029
5793.0 19.366175653986872
5797.2 19.365174955063395
5801.4 19.364174610819035
5805.6 19.363174728090975
5809.8 19.362175413463323
5814.0 19.36117677326596
5818.2 19.360178913573446
5822.4 19.35918194020388
5826.6 19.358185958717797
5830.8 19.357191074417038
5835.0 19.356197392343645
5839.2 19.35520501727872
5843.4 19.354214053741337
5847.6 19.353224605987375
5851.8 19.35223677800846
5856.0 19.35125067353079
5860.2 19.350266396014053
5864.4 19.349284048650283
5868.6 19.348303734362773
5872.8 19.34732555580491
5877.0 19.3463496153591
5881.2 19.345376015135617
5885.4 19.34440485697151
5889.6 19.343436242429462
5893.8 19.342470272796678
5898.0 19.341507049083773
5902.2 19.34054667202365
5906.4 19.339589242070364
5910.6 19.338634859398027
5914.8 19.337683623899686
5919.0 19.336735635186184
5923.2 19.33579099258506
5927.4 19.33484979513942
5931.6 19.33391214160682
5935.8 19.332978130458155
5940.0 19.332047859876532
5944.2 19.33112142775614
5948.4 19.33019893170116
5952.6 19.329280469024617
5956.8 19.328366136747274
5961.0 19.327456031596512
5965.2 19.326550250005216
5969.4 19.32564888811064
5973.6 19.3247520417533
5977.8 19.323859806475863
5982.0 19.322972277522
5986.2 19.3220895498353
5990.4 19.321211718058127
5994.6 19.320338876530517
5998.8 19.319471119289034
6003.0 19.318608540065693
6007.2 19.317751232286785
6011.4 19.316899289071817
6015.6 19.316052803232346
6019.8 19.31521186727089
6024.0 19.314376573379786
6028.2 19.31354701344009
6032.4 19.312723279020446
6036.6 19.311905461375975
6040.8 19.31109365144714
6045.0 19.310287939858657
6049.2 19.30948841691834
6053.4 19.308695172616005
6057.6 19.307908296622347
6061.8 19.30712787828782
6066.0 19.30635400664151
6070.2 19.305586770390022
6074.4 19.304826257916375
6078.6 19.30407255727885
6082.8 19.303325756209908
6087.0 19.30258594211504
6091.2 19.301853202071662
6095.4 19.301127622828005
6099.6 19.30040929080197
6103.8 19.299698292080038
6108.0 19.298994712416125
6112.2 19.298298637230488
6116.4 19.297610151608584
6120.6 19.296929340299958
6124.8 19.29625628771713
6129.0 19.29559107793448
6133.2 19.294933794687093
6137.4 19.2942845213697
6141.6 19.293643341035505
6145.8 19.293010336395092
6150.0 19.2923855898153
6154.2 19.291769183318106
6158.4 19.29116119857951
6162.6 19.290561716928394
6166.8 19.28997081934544
6171.0 19.28938858646197
6175.2 19.28881509855886
6179.4 19.288250435565402
6183.6 19.287694677058195
6187.8 19.287147902260013
6192.0 19.2866101900387
6196.2 19.286081618906053
6200.4 19.285562267016676
6204.6 19.285052212166896
6208.8 19.284551531793618
6213.0 19.28406030297322
6217.2 19.283578602420427
6221.4 19.283106506487197
6225.6 19.282644091161597
6229.8 19.282191432066686
6234.0 19.2817486044594
6238.2 19.281315683229412
6242.4 19.280892742898057
6246.6 19.280479857617166
6250.8 19.28007710116796
6255.0 19.279684546959963
6259.2 19.27930226802983
6263.4 19.278930337040272
6267.6 19.278568826278907
6271.8 19.27821780765716
6276.0 19.277877352709144
6280.2 19.27754753259052
6284.4 19.2772284180774
6288.6 19.276920079565222
6292.8 19.27662258706762
6297.0 19.276336010215328
6301.2 19.276060418255028
6305.4 19.275795880048264
6309.6 19.275542464070295
6313.8 19.275300238409006
6318.0 19.275069270763755
6322.2 19.27484962844428
6326.4 19.27464137836957
6330.6 19.27444458706674
6334.8 19.274259320669927
6339.0 19.274085644919158
6343.2 19.273923625159227
6347.4 19.273773326338603
6351.6 19.273634813008275
6355.8 19.273508149320648
6360.0 19.273393399028443
6364.2 19.27329062548354
6368.4 19.27319989163589
6372.6 19.273121260032383
