# lambda zeropoint
6124.8 19.148892435511442
6129.0 19.15055243916152
6133.2 19.152189794314655
6137.4 19.15380461982935
6141.6 19.155397034238252
6145.8 19.156967155748184
6150.0 19.158515102240127
6154.2 19.160040991269234
6158.4 19.16154494006481
6162.6 19.16302706553035
6166.8 19.16448748424348
6171.0 19.165926312456012
6175.2 19.167343666093924
6179.4 19.168739660757343
6183.6 19.17011441172058
6187.8 19.171468033932094
6192.0 19.17280064201452
6196.2 19.17411235026465
6200.4 19.17540327265345
6204.6 19.17667352282604
6208.8 19.17792321410171
6213.0 19.179152459473915
6217.2 19.18036137161027
6221.4 19.18155006285257
6225.6 19.18271864521675
6229.8 19.183867230392927
6234.0 19.18499592974538
6238.2 19.186104854312553
6242.4 19.18719411480705
6246.6 19.18826382161564
6250.8 19.189314084799264
6255.0 19.190345014093023
6259.2 19.191356718906174
6263.4 19.19234930832216
6267.6 19.193322891098568
6271.8 19.194277575667154
6276.0 19.19521347013385
6280.2 19.196130682278742
6284.4 19.197029319556083
6288.6 19.197909489094293
6292.8 19.198771297695952
6297.0 19.19961485183781
6301.2 19.200440257670774
6305.4 19.20124762101993
6309.6 19.202037047384515
6313.8 19.202808641937928
6318.0 19.20356250952775
6322.2 19.204298754675715
6326.4 19.20501748157772
6330.6 19.20571879410383
6334.8 19.206402795798276
6339.0 19.20706958987945
6343.2 19.207719279239914
6347.4 19.208351966446394
6351.6 19.208967753739767
6355.8 19.209566743035097
6360.0 19.2101490359216
6364.2 19.21071473366265
6368.4 19.2112639371958
6372.6 19.211796747132766
6376.8 19.21231326375942
6381.0 19.2128135870358
6385.2 19.21329781659611
6389.4 19.21376605174873
6393.6 19.214218391476187
6397.8 19.21465493443518
6402.0 19.21507577895658
6406.2 19.21548102304541
6410.4 19.215870764380867
6414.6 19.216245100316304
6418.8 19.21660412787925
6423.0 19.21694794377139
6427.2 19.217276644368575
6431.4 19.217590325720824
6435.6 19.21788908355232
6439.8 19.218173013261403
6444.0 19.21844220992059
6448.2 19.21869676827655
6452.4 19.218936782750134
6456.6 19.219162347436335
6460.8 19.219373556104333
6465.0 19.219570502197453
6469.2 19.2197532788332
6473.4 19.21992197880324
6477.6 19.220076694573393
6481.8 19.220217518283658
6486.0 19.220344541748187
6507.0 19.220775846071906
6511.2 19.22082197791257
6515.4 19.22085494308322
6519.6 19.220874830791328
6523.8 19.220881729918535
6528.0 19.220875729020637
6532.2 19.22085691632761
6536.4 19.220825379743584
6540.6 19.220781206846862
6544.8 19.220724484889903
6549.0 19.220655300799336
6553.2 19.220573741175954
6557.4 19.220479892294712
6561.6 19.22037384010473
6565.8 19.220255670229303
6570.0 19.220125467965875
6574.2 19.21998331828606
6578.4 19.219829305835642
6582.6 19.219663514934567
6586.8 19.21948602957694
6591.0 19.21929693343104
6595.2 19.2190963098393
6599.4 19.218884241818333
6603.6 19.218660812058896
6607.8 19.218426102925932
6612.0 19.218180196458533
6616.2 19.21792317436996
6620.4 19.21765511804765
6624.6 19.217376108553182
6628.8 19.21708622662232
6633.0 19.21678555266498
6637.2 19.216474166765256
6641.4 19.216152148681388
6645.6 19.215819577845796
6649.8 19.215476533365063
6654.0 19.215123094019926
6658.2 19.2147593382653
6662.4 19.214385344230255
6666.6 19.21400118971803
6670.8 19.21360695220603
6675.0 19.213202708845824
6679.2 19.212788536463137
6683.4 19.21236451155788
6687.6 19.211930710304095
6691.8 19.211487208550025
6696.0 19.211034081818056
6700.2 19.210571405304737
6704.4 19.2100992538808
6708.6 19.20961770209112
6712.8 19.20912682415475
6717.0 19.20862669396491
6721.2 19.208117385088972
6725.4 19.20759897076848
6729.6 19.207071523919144
6733.8 19.206535117130844
6738.0 19.205989822667604
6742.2 19.205435712467633
6746.4 19.204872858143304
6750.6 19.204301330981142
6754.8 19.203721201941843
6759.0 19.20313254166027
6763.2 19.20253542044545
6767.4 19.20192990828057
6771.6 19.201316074822984
6775.8 19.20069398940422
6780.0 19.200063721029952
6784.2 19.199425338380035
6788.4 19.198778909808485
6792.6 19.198124503343475
6796.8 19.197462186687353
6801.0 19.19679202721662
6805.2 19.196114091981954
6809.4 19.195428447708192
6813.6 19.194735160794334
6817.8 19.194034297313543
6822.0 19.193325923013155
6826.2 19.192610103314667
6830.4 19.191886903313737
6834.6 19.191156387780186
6838.8 19.190418621158013
6843.0 19.189673667565366
6847.2 19.188921590794564
6851.4 19.188162454312092
6855.6 19.1873963212586
6859.8 19.186623254448897
6864.0 19.185843316371965
6868.2 19.185056569190944
6872.4 19.184263074743146
6876.6 19.183462894540032
6880.8 19.18265608976725
6885.0 19.181842721284596
6889.2 19.181022849626032
6893.4 19.1801965349997
6897.6 19.17936383728788
6918.6 19.175106675518446
6922.8 19.17423691857517
6927.0 19.173361188599085
6931.2 19.17247954286581
6935.4 19.17159203832512
6939.6 19.170698731600957
6943.8 19.16979967899143
6948.0 19.16889493646881
6952.2 19.167984559679528
6956.4 19.16706860394419
6960.6 19.16614712425756
6964.8 19.16522017528856
6969.0 19.164287811380298
6973.2 19.16335008655002
6977.4 19.16240705448916
6981.6 19.1614587685633
6985.8 19.1605052818122
6990.0 19.15954664694977
6994.2 19.158582916364097
6998.4 19.157614142117428
7002.6 19.156640375946175
7006.8 19.15566166926091
7011.0 19.15467807314638
7015.2 19.153689638361485
7019.4 19.152696415339303
7023.6 19.151698454187063
7027.8 19.15069580468617
7032.0 19.149688516292187
7036.2 19.148676638134834
7040.4 19.147660219018018
7044.6 19.14663930741979
7048.8 19.14561395149238
7053.0 19.144584199062166
7057.2 19.14355009762971
7061.4 19.142511694369723
7065.6 19.141469036131088
7069.8 19.140422169436853
7074.0 19.13937114048423
7078.2 19.13831599514459
7082.4 19.13725677896348
7086.6 19.1361935371606
7090.8 19.135126314629826
7095.0 19.134055155939183
7099.2 19.13298010533088
7103.4 19.131901206721274
7107.6 19.130818503700898
7111.8 19.129732039534442
7116.0 19.12864185716077
7120.2 19.127547999192892
7124.4 19.12645050791801
7128.6 19.12534942529747
7132.8 19.12424479296678
7137.0 19.123136652235633
7141.2 19.12202504408787
7145.4 19.120910009181507
7149.6 19.11979158784871
7153.8 19.11866982009582
7158.0 19.117544745603354
7162.2 19.11641640372597
7166.4 19.115284833492503
7170.6 19.11415007360595
7174.8 19.11301216244348
7179.0 19.111871138056415
7183.2 19.11072703817025
7187.4 19.10957990018465
7191.6 19.108429761173422
7195.8 19.10727665788456
7200.0 19.10612062674022
7204.2 19.104961703836715
7208.4 19.10379992494452
7212.6 19.102635325508288
7216.8 19.101467940646824
7221.0 19.1002978051531
7225.2 19.099124953494265
7229.4 19.097949419811616
7233.6 19.096771237920624
7237.8 19.095590441310915
7242.0 19.094407063146296
7246.2 19.09322113626473
7250.4 19.09203269317834
7254.6 19.090841766073414
7258.8 19.089648386810417
7263.0 19.088452586923967
7267.2 19.08725439762285
7271.4 19.086053849790016
7275.6 19.08485097398258
7279.8 19.083645800431825
7284.0 19.082438359043188
7288.2 19.081228679396286
7292.4 19.080016790744892
7296.6 19.078802722016945
7300.8 19.077586501814544
7305.0 19.07636815841396
7309.2 19.075147719765624
7330.2 19.069015053264355
7334.4 19.067782611841825
7338.6 19.066548261701183
7342.8 19.065312028186174
7347.0 19.06407393631472
7351.2 19.0628340107789
7355.4 19.061592275944957
7359.6 19.060348755853298
7363.8 19.059103474218496
7368.0 19.05785645442929
7372.2 19.056607719548587
7376.4 19.05535729231345
7380.6 19.054105195135108
7384.8 19.052851450098963
7389.0 19.051596078964575
7393.2 19.05033910316567
7397.4 19.049080543810135
7401.6 19.04782042168003
7405.8 19.046558757231576
7410.0 19.045295570595155
7414.2 19.044030881575313
7418.4 19.04276470965077
7422.6 19.041497073974405
7426.8 19.040227993373254
7431.0 19.038957486348533
7435.2 19.03768557107561
7439.4 19.036412265404024
7443.6 19.035137586857477
7447.8 19.033861552633837
7452.0 19.032584179605134
7456.2 19.031305484317564
7460.4 19.030025482991487
7464.6 19.02874419152143
7468.8 19.02746162547608
7473.0 19.026177800098296
7477.2 19.024892730305094
7481.4 19.02360643068766
7485.6 19.02231891551134
7489.8 19.021030198715653
7494.0 19.019740293914275
7498.2 19.018449214395044
7502.4 19.01715697311997
7506.6 19.015863582725228
7510.8 19.014569055521154
7515.0 19.013273403492246
7519.2 19.011976638297174
7523.4 19.01067877126876
7527.6 19.00937981341401
7531.8 19.008079775414085
7536.0 19.0067786676243
7540.2 19.005476500074153
7544.4 19.004173282467292
7548.6 19.00286902418154
7552.8 19.001563734268878
7557.0 19.000257421455455
7561.2 18.998950094141584
7565.4 18.99764176040174
7569.6 18.996332427984566
7573.8 18.995022104312874
7578.0 18.99371079648363
7582.2 18.99239851126797
7586.4 18.991085255111198
7590.6 18.98977103413278
7594.8 18.98845585412634
7599.0 18.98713972055968
7603.2 18.985822638574753
7607.4 18.984504612987685
7611.6 18.983185648288767
7615.8 18.981865748642456
7620.0 18.98054491788736
7624.2 18.97922315953627
7628.4 18.97790047677613
7632.6 18.976576872468055
7636.8 18.97525234914732
7641.0 18.973926909023362
7645.2 18.972600553979795
7649.4 18.97127328557438
7653.6 18.969945105039066
7657.8 18.968616013279945
7662.0 18.96728601087728
7666.2 18.965955098085505
7670.4 18.96462327483321
7674.6 18.963290540723154
7678.8 18.96195689503227
7683.0 18.960622336711634
7687.2 18.959286864386506
7691.4 18.957950476356295
