# lambda zeropoint
6350.000 17.81
6352.000 17.84
6354.000 17.88
6356.000 17.91
6358.000 17.94
6360.000 17.97
6362.000 18.00
6364.000 18.03
6366.000 18.06
6368.000 18.09
6370.000 18.11
6372.000 18.14
6374.000 18.17
6376.000 18.20
6378.000 18.22
6380.000 18.25
6382.000 18.27
6384.000 18.30
6386.000 18.32
6388.000 18.35
6390.000 18.37
6392.000 18.39
6394.000 18.42
6396.000 18.44
6398.000 18.46
6400.000 18.48
6402.000 18.50
6404.000 18.52
6406.000 18.54
6408.000 18.56
6410.000 18.58
6412.000 18.60
6414.000 18.62
6416.000 18.64
6418.000 18.66
6420.000 18.67
6422.000 18.69
6424.000 18.71
6426.000 18.73
6428.000 18.74
6430.000 18.76
6432.000 18.77
6434.000 18.79
6436.000 18.80
6438.000 18.82
6440.000 18.83
6442.000 18.84
6444.000 18.86
6446.000 18.87
6448.000 18.88
6450.000 18.90
6452.000 18.91
6454.000 18.92
6456.000 18.93
6458.000 18.94
6460.000 18.95
6462.000 18.96
6464.000 18.97
6466.000 18.98
6468.000 18.99
6470.000 19.00
6472.000 19.01
6474.000 19.02
6476.000 19.03
6478.000 19.04
6480.000 19.04
6482.000 19.05
6484.000 19.06
6486.000 19.07
6488.000 19.07
6490.000 19.08
6492.000 19.09
6494.000 19.09
6496.000 19.10
6498.000 19.11
6500.000 19.11
6502.000 19.12
6504.000 19.12
6506.000 19.12
6508.000 19.13
6510.000 19.14
6512.000 19.14
6514.000 19.14
6516.000 19.15
6518.000 19.15
6520.000 19.16
6522.000 19.16
6524.000 19.16
6526.000 19.17
6528.000 19.17
6530.000 19.17
6532.000 19.17
6534.000 19.17
6536.000 19.18
6538.000 19.18
6540.000 19.18
6542.000 19.18
6544.000 19.18
6546.000 19.19
6548.000 19.19
6550.000 19.19
6552.000 19.19
6554.000 19.19
6556.000 19.19
6558.000 19.19
6560.000 19.19
6562.000 19.19
6564.000 19.19
6566.000 19.17
6568.000 19.19
6570.000 19.19
6572.000 19.19
6574.000 19.19
6576.000 19.19
6578.000 19.19
6580.000 19.19
6582.000 19.19
6584.000 19.19
6586.000 19.19
6588.000 19.19
6590.000 19.19
6592.000 19.19
6594.000 19.19
6596.000 19.19
6598.000 19.19
6600.000 19.19
6602.000 19.18
6604.000 19.18
6606.000 19.18
6608.000 19.18
6610.000 19.18
6612.000 19.18
6614.000 19.18
6616.000 19.18
6618.000 19.18
6620.000 19.17
6622.000 19.17
6624.000 19.17
6626.000 19.17
6628.000 19.17
6630.000 19.17
6632.000 19.17
6634.000 19.17
6636.000 19.17
6638.000 19.17
6640.000 19.16
6642.000 19.16
6644.000 19.16
6646.000 19.16
6648.000 19.16
6650.000 19.16
6652.000 19.16
6654.000 19.16
6656.000 19.16
6658.000 19.16
6660.000 19.16
6662.000 19.16
6664.000 19.15
6666.000 19.15
6668.000 19.15
6670.000 19.15
6672.000 19.15
6674.000 19.15
6676.000 19.15
6678.000 19.15
6680.000 19.15
6682.000 19.15
6684.000 19.15
6686.000 19.15
6688.000 19.15
6690.000 19.15
6692.000 19.15
6694.000 19.15
6696.000 19.15
6698.000 19.15
6700.000 19.15
6702.000 19.15
6704.000 19.15
6706.000 19.15
6708.000 19.14
6710.000 19.14
6712.000 19.14
6714.000 19.14
6716.000 19.14
6718.000 19.14
6720.000 19.14
6722.000 19.14
6724.000 19.14
6726.000 19.14
6728.000 19.14
6730.000 19.14
6732.000 19.14
6734.000 19.14
6736.000 19.14
6738.000 19.14
6740.000 19.14
6742.000 19.14
6744.000 19.14
6746.000 19.14
6748.000 19.14
6750.000 19.14
6752.000 19.14
6754.000 19.14
6756.000 19.14
6758.000 19.14
6760.000 19.14
6762.000 19.14
6764.000 19.14
6766.000 19.14
6768.000 19.14
6770.000 19.14
6772.000 19.14
6774.000 19.14
6776.000 19.14
6778.000 19.14
6780.000 19.14
6782.000 19.14
6784.000 19.14
6786.000 19.14
6788.000 19.14
6790.000 19.14
6792.000 19.14
6794.000 19.14
6796.000 19.14
6798.000 19.14
6800.000 19.14
6802.000 19.14
6804.000 19.14
6806.000 19.15
6808.000 19.15
6810.000 19.15
6812.000 19.15
6814.000 19.15
6816.000 19.15
6818.000 19.15
6820.000 19.15
6822.000 19.15
6824.000 19.15
6826.000 19.15
6828.000 19.15
6830.000 19.15
6832.000 19.15
6834.000 19.15
6836.000 19.15
6838.000 19.15
6840.000 19.15
6842.000 19.15
6844.000 19.15
6846.000 19.15
6848.000 19.15
6850.000 19.15
6852.000 19.15
6854.000 19.15
6856.000 19.15
6858.000 19.15
6860.000 19.15
6862.000 19.15
6864.000 19.15
6866.000 19.15
6868.000 19.15
6870.000 17.26
6872.000 18.93
6874.000 18.96
6876.000 19.10
6878.000 19.13
6880.000 19.14
6882.000 19.12
6884.000 19.15
6886.000 19.12
6888.000 19.12
6890.000 19.14
6892.000 19.05
6894.000 19.11
6896.000 19.14
6898.000 18.23
6900.000 19.14
6902.000 19.01
6904.000 19.15
6906.000 17.17
6908.000 19.14
6910.000 19.14
6912.000 19.14
6914.000 19.15
6916.000 18.29
6918.000 19.15
6920.000 18.59
6922.000 19.15
6924.000 19.15
6926.000 19.07
6928.000 19.15
6930.000 19.14
6932.000 19.14
6934.000 19.13
6936.000 19.14
6938.000 19.14
6940.000 19.14
6942.000 19.12
6944.000 19.11
6946.000 19.14
6948.000 19.14
6950.000 19.14
6952.000 19.14
6954.000 19.14
6956.000 19.14
6958.000 19.14
6960.000 19.14
6962.000 19.14
6964.000 19.14
6966.000 19.14
6968.000 19.14
6970.000 19.14
6972.000 19.14
6974.000 19.14
6976.000 19.13
6978.000 19.13
6980.000 19.13
6982.000 19.13
6984.000 19.13
6986.000 19.13
6988.000 19.13
6990.000 19.13
6992.000 19.13
6994.000 19.13
6996.000 19.09
6998.000 19.13
7000.000 19.12
7002.000 19.13
7004.000 19.12
7006.000 19.12
7008.000 19.12
7010.000 19.12
7012.000 19.12
7014.000 19.12
7016.000 19.12
7018.000 19.11
7020.000 19.12
7022.000 19.12
7024.000 19.12
7026.000 19.12
7028.000 19.12
7030.000 19.11
7032.000 19.11
7034.000 19.12
7036.000 19.11
7038.000 19.11
7040.000 19.11
7042.000 19.11
7044.000 19.11
7046.000 19.11
7048.000 19.11
7050.000 19.11
7052.000 19.11
7054.000 19.11
7056.000 19.11
7058.000 19.11
7060.000 19.10
7062.000 19.10
7064.000 19.10
7066.000 19.10
7068.000 19.10
7070.000 19.10
7072.000 19.10
7074.000 19.09
7076.000 19.10
7078.000 19.10
7080.000 19.10
7082.000 19.10
7084.000 19.10
7086.000 19.10
7088.000 19.09
7090.000 19.09
7092.000 19.09
7094.000 19.09
7096.000 19.08
7098.000 19.09
7100.000 19.09
7102.000 19.09
7104.000 19.09
7106.000 19.09
7108.000 19.09
7110.000 19.09
7112.000 19.09
7114.000 19.08
7116.000 19.08
7118.000 19.08
7120.000 19.08
7122.000 19.08
7124.000 19.08
7126.000 19.08
7128.000 19.08
7130.000 19.08
7132.000 19.08
7134.000 19.08
7136.000 19.07
7138.000 19.08
7140.000 19.07
7142.000 19.07
7144.000 19.07
7146.000 19.07
7148.000 19.07
7150.000 19.07
7152.000 19.07
7154.000 19.07
7156.000 19.07
7158.000 19.07
7160.000 19.07
7162.000 19.07
7164.000 19.05
7166.000 19.07
7168.000 19.06
7170.000 19.03
7172.000 19.04
7174.000 19.05
7176.000 19.06
7178.000 19.01
7180.000 19.06
7182.000 19.06
7184.000 19.06
7186.000 19.06
7188.000 19.03
7190.000 19.06
7192.000 19.06
7194.000 19.04
7196.000 19.05
7198.000 19.06
7200.000 19.05
7202.000 19.05
7204.000 19.06
7206.000 19.04
7208.000 19.05
7210.000 19.06
7212.000 19.06
7214.000 19.05
7216.000 19.06
7218.000 19.06
7220.000 19.03
7222.000 19.06
7224.000 19.06
7226.000 19.05
7228.000 19.06
7230.000 19.05
7232.000 19.06
7234.000 19.05
7236.000 19.05
7238.000 19.02
7240.000 19.05
7242.000 19.05
7244.000 19.06
7246.000 19.05
7248.000 19.05
7250.000 19.06
7252.000 19.05
7254.000 19.04
7256.000 19.05
7258.000 19.05
7260.000 18.97
7262.000 19.05
7264.000 18.98
7266.000 19.05
7268.000 19.05
7270.000 19.05
7272.000 19.05
7274.000 19.06
7276.000 19.06
7278.000 19.05
7280.000 19.02
7282.000 19.06
7284.000 19.06
7286.000 19.06
7288.000 19.06
7290.000 19.04
7292.000 19.05
7294.000 19.05
7296.000 19.06
7298.000 19.06
7300.000 19.06
7302.000 19.00
7304.000 19.05
7306.000 19.03
7308.000 19.05
7310.000 19.06
7312.000 19.05
7314.000 19.06
7316.000 19.06
7318.000 19.05
7320.000 19.04
7322.000 19.06
7324.000 19.06
7326.000 19.00
7328.000 19.06
7330.000 19.06
7332.000 19.06
7334.000 19.06
7336.000 19.06
7338.000 19.06
7340.000 19.06
7342.000 19.06
7344.000 19.06
7346.000 19.02
7348.000 19.06
7350.000 19.05
7352.000 19.05
7354.000 19.06
7356.000 19.05
7358.000 19.06
7360.000 19.06
7362.000 19.06
7364.000 19.05
7366.000 19.06
7368.000 19.06
7370.000 19.06
7372.000 19.05
7374.000 19.06
7376.000 19.06
7378.000 19.06
7380.000 19.05
7382.000 19.06
7384.000 19.05
7386.000 19.06
7388.000 19.06
7390.000 19.06
7392.000 19.06
7394.000 19.06
7396.000 19.06
7398.000 19.05
7400.000 19.06
7402.000 19.06
7404.000 19.06
7406.000 19.05
7408.000 19.06
7410.000 19.06
7412.000 19.06
7414.000 19.05
7416.000 19.05
7418.000 19.05
7420.000 19.05
7422.000 19.05
7424.000 19.05
7426.000 19.05
7428.000 19.05
7430.000 19.05
7432.000 19.05
7434.000 19.05
7436.000 19.05
7438.000 19.05
7440.000 19.05
7442.000 19.05
7444.000 19.05
7446.000 19.05
7448.000 19.05
7450.000 19.05
7452.000 19.05
7454.000 19.05
7456.000 19.04
7458.000 19.04
7460.000 19.04
7462.000 19.04
7464.000 19.04
7466.000 19.04
7468.000 19.04
7470.000 19.04
7472.000 19.04
7474.000 19.04
7476.000 19.04
7478.000 19.04
7480.000 19.04
7482.000 19.04
7484.000 19.03
7486.000 19.03
7488.000 19.03
7490.000 19.03
7492.000 19.03
7494.000 19.03
7496.000 19.03
7498.000 19.03
7500.000 19.03
7502.000 19.03
7504.000 19.02
7506.000 19.02
7508.000 19.02
7510.000 19.02
7512.000 19.02
7514.000 19.02
7516.000 19.02
7518.000 19.02
7520.000 19.02
7522.000 19.01
7524.000 19.01
7526.000 19.01
7528.000 19.01
7530.000 19.01
7532.000 19.01
7534.000 19.01
7536.000 19.00
7538.000 19.00
7540.000 19.00
7542.000 19.00
7544.000 19.00
7546.000 19.00
7548.000 19.00
7550.000 19.00
7552.000 18.99
7554.000 18.99
7556.000 18.99
7558.000 18.99
7560.000 18.99
7562.000 18.99
7564.000 18.98
7566.000 18.98
7568.000 18.98
7570.000 18.98
7572.000 18.98
7574.000 18.98
7576.000 18.98
7578.000 18.97
7580.000 18.97
7582.000 18.97
7584.000 18.97
7586.000 18.97
7588.000 18.97
7590.000 18.96
7592.000 18.96
7594.000 18.96
7596.000 18.52
7598.000 18.57
7600.000 18.70
7602.000 17.34
7604.000 17.70
7606.000 18.21
7608.000 17.97
7610.000 5.89
7612.000 18.30
7614.000 16.25
7616.000 18.80
7618.000 18.59
7620.000 18.92
7622.000 18.89
7624.000 18.83
7626.000 18.65
7628.000 18.84
7630.000 18.10
7632.000 18.82
7634.000 17.74
7636.000 18.84
7638.000 18.40
7640.000 18.86
7642.000 18.28
7644.000 18.85
7646.000 18.37
7648.000 18.77
7650.000 18.87
7652.000 18.24
7654.000 18.85
7656.000 18.32
7658.000 18.83
7660.000 18.89
7662.000 18.82
7664.000 18.89
7666.000 18.89
7668.000 16.48
7670.000 18.89
7672.000 18.89
7674.000 18.81
7676.000 18.89
7678.000 18.89
7680.000 18.86
7682.000 18.89
7684.000 18.88
7686.000 18.58
7688.000 18.88
7690.000 18.88
7692.000 18.88
7694.000 18.88
7696.000 18.87
7698.000 18.72
7700.000 18.87
7702.000 18.87
7704.000 18.87
7706.000 18.86
7708.000 18.87
7710.000 18.86
7712.000 18.83
7714.000 18.86
7716.000 18.86
7718.000 18.86
7720.000 18.86
7722.000 18.86
7724.000 18.85
7726.000 18.85
7728.000 18.84
7730.000 18.85
7732.000 18.85
7734.000 18.85
7736.000 18.83
7738.000 18.84
7740.000 18.84
7742.000 18.84
7744.000 18.84
7746.000 18.84
7748.000 18.84
7750.000 18.84
7752.000 18.84
7754.000 18.83
7756.000 18.83
7758.000 18.83
7760.000 18.83
7762.000 18.83
7764.000 18.83
7766.000 18.83
