# lambda zeropoint
3600.000 16.91
3602.000 16.93
3604.000 16.94
3606.000 16.96
3608.000 16.97
3610.000 16.99
3612.000 17.00
3614.000 17.02
3616.000 17.03
3618.000 17.05
3620.000 17.06
3622.000 17.08
3624.000 17.09
3626.000 17.11
3628.000 17.12
3630.000 17.14
3632.000 17.15
3634.000 17.17
3636.000 17.18
3638.000 17.19
3640.000 17.21
3642.000 17.22
3644.000 17.24
3646.000 17.25
3648.000 17.26
3650.000 17.28
3652.000 17.29
3654.000 17.31
3656.000 17.32
3658.000 17.33
3660.000 17.35
3662.000 17.36
3664.000 17.37
3666.000 17.39
3668.000 17.40
3670.000 17.41
3672.000 17.43
3674.000 17.44
3676.000 17.45
3678.000 17.47
3680.000 17.48
3682.000 17.49
3684.000 17.50
3686.000 17.52
3688.000 17.53
3690.000 17.54
3692.000 17.55
3694.000 17.57
3696.000 17.58
3698.000 17.59
3700.000 17.60
3702.000 17.62
3704.000 17.63
3706.000 17.64
3708.000 17.65
3710.000 17.66
3712.000 17.68
3714.000 17.69
3716.000 17.70
3718.000 17.71
3720.000 17.72
3722.000 17.74
3724.000 17.75
3726.000 17.76
3728.000 17.77
3730.000 17.78
3732.000 17.79
3734.000 17.81
3736.000 17.82
3738.000 17.83
3740.000 17.84
3742.000 17.85
3744.000 17.86
3746.000 17.87
3748.000 17.88
3750.000 17.90
3752.000 17.91
3754.000 17.92
3756.000 17.93
3758.000 17.94
3760.000 17.95
3762.000 17.96
3764.000 17.97
3766.000 17.98
3768.000 17.99
3770.000 18.00
3772.000 18.01
3774.000 18.02
3776.000 18.03
3778.000 18.04
3780.000 18.05
3782.000 18.06
3784.000 18.07
3786.000 18.08
3788.000 18.09
3790.000 18.10
3792.000 18.11
3794.000 18.12
3796.000 18.13
3798.000 18.14
3800.000 18.15
3802.000 18.16
3804.000 18.17
3806.000 18.18
3808.000 18.19
3810.000 18.20
3812.000 18.21
3814.000 18.22
3816.000 18.23
3818.000 18.24
3820.000 18.25
3822.000 18.26
3824.000 18.27
3826.000 18.28
3828.000 18.29
3830.000 18.30
3832.000 18.31
3834.000 18.31
3836.000 18.32
3838.000 18.33
3840.000 18.34
3842.000 18.35
3844.000 18.36
3846.000 18.37
3848.000 18.38
3850.000 18.39
3852.000 18.39
3854.000 18.40
3856.000 18.41
3858.000 18.42
3860.000 18.43
3862.000 18.44
3864.000 18.45
3866.000 18.45
3868.000 18.46
3870.000 18.47
3872.000 18.48
3874.000 18.49
3876.000 18.49
3878.000 18.50
3880.000 18.51
3882.000 18.52
3884.000 18.53
3886.000 18.53
3888.000 18.54
3890.000 18.55
3892.000 18.56
3894.000 18.57
3896.000 18.57
3898.000 18.58
3900.000 18.59
3902.000 18.60
3904.000 18.60
3906.000 18.61
3908.000 18.62
3910.000 18.63
3912.000 18.63
3914.000 18.64
3916.000 18.65
3918.000 18.65
3920.000 18.66
3922.000 18.67
3924.000 18.68
3926.000 18.68
3928.000 18.69
3930.000 18.70
3932.000 18.70
3934.000 18.71
3936.000 18.72
3938.000 18.72
3940.000 18.73
3942.000 18.74
3944.000 18.74
3946.000 18.75
3948.000 18.76
3950.000 18.76
3952.000 18.77
3954.000 18.78
3956.000 18.78
3958.000 18.79
3960.000 18.80
3962.000 18.80
3964.000 18.81
3966.000 18.82
3968.000 18.82
3970.000 18.83
3972.000 18.83
3974.000 18.84
3976.000 18.85
3978.000 18.85
3980.000 18.86
3982.000 18.86
3984.000 18.87
3986.000 18.88
3988.000 18.88
3990.000 18.89
3992.000 18.89
3994.000 18.90
3996.000 18.90
3998.000 18.91
4000.000 18.92
4002.000 18.92
4004.000 18.93
4006.000 18.93
4008.000 18.94
4010.000 18.94
4012.000 18.95
4014.000 18.95
4016.000 18.96
4018.000 18.97
4020.000 18.97
4022.000 18.98
4024.000 18.98
4026.000 18.99
4028.000 18.99
4030.000 19.00
4032.000 19.00
4034.000 19.01
4036.000 19.01
4038.000 19.02
4040.000 19.02
4042.000 19.03
4044.000 19.03
4046.000 19.04
4048.000 19.04
4050.000 19.05
4052.000 19.05
4054.000 19.06
4056.000 19.06
4058.000 19.07
4060.000 19.07
4062.000 19.07
4064.000 19.08
4066.000 19.08
4068.000 19.09
4070.000 19.09
4072.000 19.10
4074.000 19.10
4076.000 19.11
4078.000 19.11
4080.000 19.11
4082.000 19.12
4084.000 19.12
4086.000 19.13
4088.000 19.13
4090.000 19.14
4092.000 19.14
4094.000 19.14
4096.000 19.15
4098.000 19.15
4100.000 19.16
4102.000 19.16
4104.000 19.16
4106.000 19.17
4108.000 19.17
4110.000 19.18
4112.000 19.18
4114.000 19.18
4116.000 19.19
4118.000 19.19
4120.000 19.19
4122.000 19.20
4124.000 19.20
4126.000 19.21
4128.000 19.21
4130.000 19.21
4132.000 19.22
4134.000 19.22
4136.000 19.22
4138.000 19.23
4140.000 19.23
4142.000 19.23
4144.000 19.24
4146.000 19.24
4148.000 19.24
4150.000 19.25
4152.000 19.25
4154.000 19.25
4156.000 19.26
4158.000 19.26
4160.000 19.26
4162.000 19.27
4164.000 19.27
4166.000 19.27
4168.000 19.28
4170.000 19.28
4172.000 19.28
4174.000 19.28
4176.000 19.29
4178.000 19.29
4180.000 19.29
4182.000 19.30
4184.000 19.30
4186.000 19.30
4188.000 19.30
4190.000 19.31
4192.000 19.31
4194.000 19.31
4196.000 19.32
4198.000 19.32
4200.000 19.32
4202.000 19.32
4204.000 19.33
4206.000 19.33
4208.000 19.33
4210.000 19.33
4212.000 19.34
4214.000 19.34
4216.000 19.34
4218.000 19.34
4220.000 19.35
4222.000 19.35
4224.000 19.35
4226.000 19.35
4228.000 19.36
4230.000 19.36
4232.000 19.36
4234.000 19.36
4236.000 19.37
4238.000 19.37
4240.000 19.37
4242.000 19.37
4244.000 19.37
4246.000 19.38
4248.000 19.38
4250.000 19.38
4252.000 19.38
4254.000 19.38
4256.000 19.39
4258.000 19.39
4260.000 19.39
4262.000 19.39
4264.000 19.39
4266.000 19.40
4268.000 19.40
4270.000 19.40
4272.000 19.40
4274.000 19.40
4276.000 19.41
4278.000 19.41
4280.000 19.41
4282.000 19.41
4284.000 19.41
4286.000 19.41
4288.000 19.42
4290.000 19.42
4292.000 19.42
4294.000 19.42
4296.000 19.42
4298.000 19.42
4300.000 19.43
4302.000 19.43
4304.000 19.43
4306.000 19.43
4308.000 19.43
4310.000 19.43
4312.000 19.43
4314.000 19.44
4316.000 19.44
4318.000 19.44
4320.000 19.44
4322.000 19.44
4324.000 19.44
4326.000 19.44
4328.000 19.45
4330.000 19.45
4332.000 19.45
4334.000 19.45
4336.000 19.45
4338.000 19.45
4340.000 19.45
4342.000 19.45
4344.000 19.46
4346.000 19.46
4348.000 19.46
4350.000 19.46
4352.000 19.46
4354.000 19.46
4356.000 19.46
4358.000 19.46
4360.000 19.47
4362.000 19.47
4364.000 19.47
4366.000 19.47
4368.000 19.47
4370.000 19.47
4372.000 19.47
4374.000 19.47
4376.000 19.47
4378.000 19.47
4380.000 19.48
4382.000 19.48
4384.000 19.48
4386.000 19.48
4388.000 19.48
4390.000 19.48
4392.000 19.48
4394.000 19.48
4396.000 19.48
4398.000 19.48
4400.000 19.48
4402.000 19.48
4404.000 19.49
4406.000 19.49
4408.000 19.49
4410.000 19.49
4412.000 19.49
4414.000 19.49
4416.000 19.49
4418.000 19.49
4420.000 19.49
4422.000 19.49
4424.000 19.49
4426.000 19.49
4428.000 19.49
4430.000 19.49
4432.000 19.49
4434.000 19.50
4436.000 19.50
4438.000 19.50
4440.000 19.50
4442.000 19.50
4444.000 19.50
4446.000 19.50
4448.000 19.50
4450.000 19.50
4452.000 19.50
4454.000 19.50
4456.000 19.50
4458.000 19.50
4460.000 19.50
4462.000 19.50
4464.000 19.50
4466.000 19.50
4468.000 19.50
4470.000 19.50
4472.000 19.51
4474.000 19.51
4476.000 19.51
4478.000 19.51
4480.000 19.51
4482.000 19.51
4484.000 19.51
4486.000 19.51
4488.000 19.51
4490.000 19.51
4492.000 19.51
4494.000 19.51
4496.000 19.51
4498.000 19.51
4500.000 19.51
4502.000 19.51
4504.000 19.51
4506.000 19.51
4508.000 19.51
4510.000 19.51
4512.000 19.51
4514.000 19.51
4516.000 19.51
4518.000 19.51
4520.000 19.51
4522.000 19.51
4524.000 19.51
4526.000 19.51
4528.000 19.51
4530.000 19.51
4532.000 19.51
4534.000 19.51
4536.000 19.52
4538.000 19.52
4540.000 19.52
4542.000 19.52
4544.000 19.52
4546.000 19.52
4548.000 19.52
4550.000 19.52
4552.000 19.52
4554.000 19.52
4556.000 19.52
4558.000 19.52
4560.000 19.52
4562.000 19.52
4564.000 19.52
4566.000 19.52
4568.000 19.52
4570.000 19.52
4572.000 19.52
4574.000 19.52
4576.000 19.52
4578.000 19.52
4580.000 19.52
4582.000 19.52
4584.000 19.52
4586.000 19.52
4588.000 19.52
4590.000 19.52
4592.000 19.52
4594.000 19.52
4596.000 19.52
4598.000 19.52
4600.000 19.52
4602.000 19.52
4604.000 19.52
4606.000 19.52
4608.000 19.52
4610.000 19.52
4612.000 19.52
4614.000 19.52
4616.000 19.52
4618.000 19.52
4620.000 19.52
4622.000 19.52
4624.000 19.52
4626.000 19.52
4628.000 19.52
4630.000 19.52
4632.000 19.52
4634.000 19.52
4636.000 19.52
4638.000 19.52
4640.000 19.52
4642.000 19.52
4644.000 19.52
4646.000 19.52
4648.000 19.52
4650.000 19.52
4652.000 19.52
4654.000 19.52
4656.000 19.52
4658.000 19.52
4660.000 19.52
4662.000 19.52
4664.000 19.52
4666.000 19.52
4668.000 19.52
4670.000 19.52
4672.000 19.52
4674.000 19.52
4676.000 19.52
4678.000 19.52
4680.000 19.52
4682.000 19.52
4684.000 19.52
4686.000 19.52
4688.000 19.52
4690.000 19.52
4692.000 19.52
4694.000 19.52
4696.000 19.52
4698.000 19.52
4700.000 19.52
4702.000 19.52
4704.000 19.52
4706.000 19.52
4708.000 19.52
4710.000 19.52
4712.000 19.52
4714.000 19.52
4716.000 19.52
4718.000 19.52
4720.000 19.52
4722.000 19.52
4724.000 19.52
4726.000 19.52
4728.000 19.52
4730.000 19.52
4732.000 19.52
4734.000 19.52
4736.000 19.52
4738.000 19.52
4740.000 19.52
4742.000 19.52
4744.000 19.52
4746.000 19.52
4748.000 19.52
4750.000 19.52
4752.000 19.52
4754.000 19.52
4756.000 19.52
4758.000 19.52
4760.000 19.52
4762.000 19.52
4764.000 19.52
4766.000 19.52
4768.000 19.52
4770.000 19.52
4772.000 19.52
4774.000 19.52
4776.000 19.52
4778.000 19.52
4780.000 19.52
4782.000 19.52
4784.000 19.52
4786.000 19.52
4788.000 19.52
4790.000 19.52
4792.000 19.52
4794.000 19.52
4796.000 19.52
4798.000 19.52
4800.000 19.52
4802.000 19.52
4804.000 19.52
4806.000 19.52
4808.000 19.52
4810.000 19.52
4812.000 19.52
4814.000 19.52
4816.000 19.52
4818.000 19.52
4820.000 19.52
4822.000 19.52
4824.000 19.52
4826.000 19.52
4828.000 19.52
4830.000 19.52
4832.000 19.52
4834.000 19.52
4836.000 19.52
4838.000 19.52
4840.000 19.52
4842.000 19.52
4844.000 19.52
4846.000 19.52
4848.000 19.52
4850.000 19.52
4852.000 19.52
4854.000 19.52
4856.000 19.52
4858.000 19.52
4860.000 19.52
4862.000 19.52
4864.000 19.52
4866.000 19.52
4868.000 19.52
4870.000 19.52
4872.000 19.52
4874.000 19.52
4876.000 19.52
4878.000 19.52
4880.000 19.52
4882.000 19.52
4884.000 19.52
4886.000 19.52
4888.000 19.52
4890.000 19.52
4892.000 19.52
4894.000 19.52
4896.000 19.52
4898.000 19.52
4900.000 19.52
4902.000 19.52
4904.000 19.52
4906.000 19.52
4908.000 19.52
4910.000 19.52
4912.000 19.52
4914.000 19.52
4916.000 19.52
4918.000 19.52
4920.000 19.52
4922.000 19.52
4924.000 19.52
4926.000 19.52
4928.000 19.52
4930.000 19.52
4932.000 19.52
4934.000 19.52
4936.000 19.52
4938.000 19.52
4940.000 19.52
4942.000 19.52
4944.000 19.52
4946.000 19.52
4948.000 19.52
4950.000 19.52
4952.000 19.52
4954.000 19.52
4956.000 19.52
4958.000 19.52
4960.000 19.52
4962.000 19.52
4964.000 19.52
4966.000 19.52
4968.000 19.52
4970.000 19.52
4972.000 19.52
4974.000 19.52
4976.000 19.52
4978.000 19.52
4980.000 19.52
4982.000 19.52
4984.000 19.52
4986.000 19.52
4988.000 19.52
4990.000 19.52
4992.000 19.51
4994.000 19.51
4996.000 19.51
4998.000 19.51
5000.000 19.51
5002.000 19.51
5004.000 19.51
5006.000 19.51
5008.000 19.51
5010.000 19.51
5012.000 19.51
5014.000 19.51
5016.000 19.51
5018.000 19.51
5020.000 19.51
5022.000 19.51
5024.000 19.51
5026.000 19.51
5028.000 19.51
5030.000 19.51
5032.000 19.51
5034.000 19.51
5036.000 19.51
5038.000 19.51
5040.000 19.51
5042.000 19.51
5044.000 19.51
5046.000 19.51
5048.000 19.51
5050.000 19.51
5052.000 19.51
5054.000 19.51
5056.000 19.51
5058.000 19.51
5060.000 19.51
5062.000 19.51
5064.000 19.51
5066.000 19.51
5068.000 19.51
5070.000 19.51
5072.000 19.51
5074.000 19.51
5076.000 19.51
5078.000 19.51
5080.000 19.51
5082.000 19.51
5084.000 19.51
5086.000 19.51
5088.000 19.50
5090.000 19.51
5092.000 19.51
5094.000 19.50
5096.000 19.50
5098.000 19.50
5100.000 19.50
5102.000 19.50
5104.000 19.50
5106.000 19.50
5108.000 19.50
5110.000 19.50
5112.000 19.50
5114.000 19.50
5116.000 19.50
5118.000 19.50
5120.000 19.50
5122.000 19.50
5124.000 19.50
5126.000 19.50
5128.000 19.50
5130.000 19.50
5132.000 19.50
5134.000 19.50
5136.000 19.50
5138.000 19.50
5140.000 19.50
5142.000 19.50
5144.000 19.50
5146.000 19.50
5148.000 19.50
5150.000 19.50
5152.000 19.50
5154.000 19.50
5156.000 19.50
5158.000 19.50
5160.000 19.50
5162.000 19.50
5164.000 19.50
5166.000 19.50
5168.000 19.50
5170.000 19.50
5172.000 19.50
5174.000 19.50
5176.000 19.50
5178.000 19.50
5180.000 19.50
5182.000 19.49
5184.000 19.49
5186.000 19.49
5188.000 19.49
5190.000 19.49
5192.000 19.49
5194.000 19.49
5196.000 19.49
5198.000 19.49
5200.000 19.49
5202.000 19.49
5204.000 19.49
5206.000 19.49
5208.000 19.49
5210.000 19.49
5212.000 19.49
5214.000 19.49
5216.000 19.49
5218.000 19.49
5220.000 19.49
5222.000 19.49
5224.000 19.49
5226.000 19.49
5228.000 19.49
5230.000 19.49
5232.000 19.49
5234.000 19.49
5236.000 19.49
5238.000 19.49
5240.000 19.48
5242.000 19.48
5244.000 19.48
5246.000 19.48
5248.000 19.48
5250.000 19.48
5252.000 19.48
5254.000 19.48
5256.000 19.48
5258.000 19.48
5260.000 19.48
5262.000 19.48
5264.000 19.48
5266.000 19.48
5268.000 19.48
5270.000 19.48
5272.000 19.48
5274.000 19.48
5276.000 19.48
5278.000 19.48
5280.000 19.48
5282.000 19.48
5284.000 19.48
5286.000 19.47
5288.000 19.47
5290.000 19.47
5292.000 19.47
5294.000 19.47
5296.000 19.47
5298.000 19.47
5300.000 19.47
5302.000 19.47
5304.000 19.47
5306.000 19.47
5308.000 19.47
5310.000 19.47
5312.000 19.47
5314.000 19.47
5316.000 19.47
5318.000 19.47
5320.000 19.47
5322.000 19.47
5324.000 19.47
5326.000 19.47
5328.000 19.47
5330.000 19.47
5332.000 19.47
5334.000 19.46
5336.000 19.46
5338.000 19.46
5340.000 19.46
5342.000 19.46
5344.000 19.46
5346.000 19.46
5348.000 19.46
5350.000 19.46
5352.000 19.46
5354.000 19.46
5356.000 19.46
5358.000 19.46
5360.000 19.46
5362.000 19.46
5364.000 19.46
5366.000 19.46
5368.000 19.46
5370.000 19.46
5372.000 19.46
5374.000 19.46
5376.000 19.46
5378.000 19.46
5380.000 19.46
5382.000 19.46
5384.000 19.46
5386.000 19.46
5388.000 19.46
5390.000 19.46
5392.000 19.45
5394.000 19.45
5396.000 19.45
5398.000 19.45
5400.000 19.45
5402.000 19.45
5404.000 19.45
5406.000 19.45
5408.000 19.45
5410.000 19.45
5412.000 19.45
5414.000 19.45
5416.000 19.45
5418.000 19.45
5420.000 19.45
5422.000 19.45
5424.000 19.45
5426.000 19.45
5428.000 19.45
5430.000 19.45
5432.000 19.45
5434.000 19.45
5436.000 19.44
5438.000 19.44
5440.000 19.44
5442.000 19.44
5444.000 19.44
5446.000 19.44
5448.000 19.44
5450.000 19.44
5452.000 19.44
5454.000 19.44
5456.000 19.44
5458.000 19.44
5460.000 19.44
5462.000 19.44
5464.000 19.44
5466.000 19.44
5468.000 19.44
5470.000 19.44
5472.000 19.44
5474.000 19.44
5476.000 19.43
5478.000 19.43
5480.000 19.43
5482.000 19.43
5484.000 19.43
5486.000 19.43
5488.000 19.43
5490.000 19.43
5492.000 19.43
5494.000 19.43
5496.000 19.43
5498.000 19.43
5500.000 19.43
5502.000 19.43
5504.000 19.43
5506.000 19.43
5508.000 19.43
5510.000 19.43
5512.000 19.43
5514.000 19.43
5516.000 19.42
5518.000 19.42
5520.000 19.42
5522.000 19.42
5524.000 19.42
5526.000 19.42
5528.000 19.42
5530.000 19.42
5532.000 19.42
5534.000 19.42
5536.000 19.42
5538.000 19.42
5540.000 19.42
5542.000 19.42
5544.000 19.42
5546.000 19.42
5548.000 19.42
5550.000 19.42
5552.000 19.41
5554.000 19.41
5556.000 19.41
5558.000 19.41
5560.000 19.41
5562.000 19.41
5564.000 19.41
5566.000 19.41
5568.000 19.41
5570.000 19.41
5572.000 19.41
5574.000 19.41
5576.000 19.41
5578.000 19.41
5580.000 19.41
5582.000 19.40
5584.000 19.40
5586.000 19.40
5588.000 19.40
5590.000 19.40
5592.000 19.40
5594.000 19.40
5596.000 19.40
5598.000 19.40
5600.000 19.40
5602.000 19.40
5604.000 19.40
5606.000 19.40
5608.000 19.40
5610.000 19.40
5612.000 19.39
5614.000 19.39
5616.000 19.39
5618.000 19.39
5620.000 19.39
5622.000 19.39
5624.000 19.39
5626.000 19.39
5628.000 19.39
5630.000 19.39
5632.000 19.39
5634.000 19.39
5636.000 19.39
5638.000 19.38
5640.000 19.38
5642.000 19.38
5644.000 19.38
5646.000 19.38
5648.000 19.38
5650.000 19.38
5652.000 19.38
5654.000 19.38
5656.000 19.38
5658.000 19.38
5660.000 19.38
5662.000 19.38
5664.000 19.37
5666.000 19.37
5668.000 19.37
5670.000 19.37
5672.000 19.37
5674.000 19.37
5676.000 19.37
5678.000 19.37
5680.000 19.37
5682.000 19.37
5684.000 19.37
5686.000 19.37
5688.000 19.36
5690.000 19.36
5692.000 19.35
5694.000 19.35
5696.000 19.36
5698.000 19.36
5700.000 19.36
5702.000 19.36
5704.000 19.36
5706.000 19.36
5708.000 19.36
5710.000 19.36
5712.000 19.35
5714.000 19.35
5716.000 19.35
5718.000 19.35
5720.000 19.35
5722.000 19.35
5724.000 19.35
5726.000 19.35
5728.000 19.35
5730.000 19.35
5732.000 19.35
5734.000 19.34
5736.000 19.34
5738.000 19.34
5740.000 19.34
5742.000 19.34
5744.000 19.34
5746.000 19.34
5748.000 19.34
5750.000 19.34
5752.000 19.34
5754.000 19.34
5756.000 19.34
5758.000 19.34
5760.000 19.33
5762.000 19.33
5764.000 19.33
5766.000 19.33
5768.000 19.33
5770.000 19.33
5772.000 19.33
5774.000 19.33
5776.000 19.33
5778.000 19.33
5780.000 19.33
5782.000 19.33
5784.000 19.33
5786.000 19.33
5788.000 19.33
5790.000 19.32
5792.000 19.32
5794.000 19.32
5796.000 19.32
5798.000 19.32
5800.000 19.32
5802.000 19.32
5804.000 19.32
5806.000 19.32
5808.000 19.32
5810.000 19.32
5812.000 19.32
5814.000 19.32
5816.000 19.32
5818.000 19.32
5820.000 19.32
5822.000 19.32
5824.000 19.32
5826.000 19.32
5828.000 19.32
5830.000 19.32
5832.000 19.31
5834.000 19.31
5836.000 19.31
5838.000 19.31
5840.000 19.31
5842.000 19.31
5844.000 19.31
5846.000 19.31
5848.000 19.31
5850.000 19.31
5852.000 19.31
5854.000 19.31
5856.000 19.31
5858.000 19.31
5860.000 19.31
5862.000 19.30
5864.000 19.30
5866.000 19.30
5868.000 19.30
5870.000 19.30
5872.000 19.30
5874.000 19.30
5876.000 19.30
5878.000 19.29
5880.000 19.30
5882.000 19.30
5884.000 19.29
5886.000 19.29
5888.000 19.28
5890.000 19.29
5892.000 19.29
5894.000 19.27
5896.000 19.28
5898.000 19.29
5900.000 19.28
5902.000 19.29
5904.000 19.29
5906.000 19.28
5908.000 19.28
5910.000 19.28
5912.000 19.28
5914.000 19.28
5916.000 19.28
5918.000 19.28
5920.000 19.26
5922.000 19.28
5924.000 19.27
5926.000 19.27
5928.000 19.27
5930.000 19.27
5932.000 19.27
5934.000 19.27
5936.000 19.27
5938.000 19.27
5940.000 19.27
5942.000 19.26
5944.000 19.26
5946.000 19.25
5948.000 19.26
5950.000 19.26
5952.000 19.25
5954.000 19.26
5956.000 19.26
5958.000 19.25
5960.000 19.25
5962.000 19.25
5964.000 19.25
5966.000 19.25
5968.000 19.24
5970.000 19.24
5972.000 19.25
5974.000 19.25
5976.000 19.25
5978.000 19.24
5980.000 19.24
5982.000 19.24
5984.000 19.24
5986.000 19.24
5988.000 19.24
5990.000 19.24
5992.000 19.24
5994.000 19.24
5996.000 19.23
5998.000 19.23
6000.000 19.23
6002.000 19.23
6004.000 19.23
6006.000 19.23
6008.000 19.23
6010.000 19.23
6012.000 19.22
6014.000 19.22
6016.000 19.22
6018.000 19.22
6020.000 19.22
6022.000 19.22
6024.000 19.22
6026.000 19.22
6028.000 19.21
6030.000 19.21
6032.000 19.21
6034.000 19.21
6036.000 19.21
6038.000 19.21
6040.000 19.21
6042.000 19.21
6044.000 19.21
6046.000 19.20
6048.000 19.20
6050.000 19.20
6052.000 19.20
6054.000 19.20
6056.000 19.20
6058.000 19.20
6060.000 19.20
6062.000 19.20
6064.000 19.19
6066.000 19.19
6068.000 19.19
6070.000 19.19
6072.000 19.19
6074.000 19.19
6076.000 19.19
6078.000 19.19
6080.000 19.19
6082.000 19.18
6084.000 19.18
6086.000 19.18
6088.000 19.18
6090.000 19.18
6092.000 19.18
6094.000 19.18
6096.000 19.18
6098.000 19.17
6100.000 19.17
6102.000 19.17
6104.000 19.17
6106.000 19.17
6108.000 19.17
6110.000 19.17
6112.000 19.17
6114.000 19.16
6116.000 19.16
6118.000 19.16
6120.000 19.16
6122.000 19.16
6124.000 19.16
6126.000 19.16
6128.000 19.16
6130.000 19.15
6132.000 19.15
6134.000 19.15
6136.000 19.15
6138.000 19.15
6140.000 19.15
6142.000 19.15
6144.000 19.15
6146.000 19.14
6148.000 19.14
6150.000 19.14
6152.000 19.14
6154.000 19.14
6156.000 19.14
6158.000 19.14
6160.000 19.13
6162.000 19.13
6164.000 19.13
6166.000 19.13
6168.000 19.13
6170.000 19.13
6172.000 19.13
6174.000 19.12
6176.000 19.12
6178.000 19.12
6180.000 19.12
6182.000 19.12
6184.000 19.12
6186.000 19.12
6188.000 19.11
6190.000 19.11
6192.000 19.11
6194.000 19.11
6196.000 19.11
6198.000 19.11
6200.000 19.10
6202.000 19.10
6204.000 19.10
6206.000 19.10
6208.000 19.10
6210.000 19.10
6212.000 19.09
6214.000 19.09
6216.000 19.09
6218.000 19.09
6220.000 19.09
6222.000 19.09
6224.000 19.09
6226.000 19.08
6228.000 19.08
6230.000 19.08
6232.000 19.08
6234.000 19.08
6236.000 19.08
6238.000 19.07
6240.000 19.07
6242.000 19.07
6244.000 19.07
6246.000 19.07
6248.000 19.06
6250.000 19.06
6252.000 19.06
6254.000 19.06
6256.000 19.06
6258.000 19.06
6260.000 19.05
6262.000 19.05
6264.000 19.05
6266.000 19.05
6268.000 19.05
6270.000 19.05
6272.000 19.04
6274.000 19.04
6276.000 19.04
6278.000 19.04
6280.000 19.03
6282.000 19.03
6284.000 19.03
6286.000 19.03
6288.000 19.03
6290.000 19.03
6292.000 18.93
6294.000 19.01
6296.000 19.02
6298.000 19.02
6300.000 19.02
6302.000 19.02
6304.000 19.01
6306.000 19.01
6308.000 19.01
6310.000 19.01
6312.000 19.01
6314.000 19.01
6316.000 18.94
6318.000 19.00
6320.000 19.00
6322.000 19.00
6324.000 19.00
6326.000 19.00
6328.000 18.99
6330.000 18.99
6332.000 18.99
6334.000 18.99
6336.000 18.99
6338.000 18.98
6340.000 18.98
6342.000 18.98
6344.000 18.98
6346.000 18.98
6348.000 18.98
6350.000 18.97
6352.000 18.97
6354.000 18.97
6356.000 18.97
6358.000 18.97
6360.000 18.97
6362.000 18.96
6364.000 18.96
6366.000 18.96
6368.000 18.96
6370.000 18.96
6372.000 18.95
6374.000 18.95
6376.000 18.95
6378.000 18.95
6380.000 18.95
6382.000 18.95
6384.000 18.94
6386.000 18.94
6388.000 18.94
6390.000 18.94
6392.000 18.94
6394.000 18.93
6396.000 18.93
6398.000 18.93
6400.000 18.93
6402.000 18.93
6404.000 18.92
6406.000 18.92
6408.000 18.92
6410.000 18.92
6412.000 18.92
6414.000 18.91
6416.000 18.91
6418.000 18.91
6420.000 18.91
6422.000 18.91
6424.000 18.90
6426.000 18.90
6428.000 18.90
6430.000 18.90
6432.000 18.89
6434.000 18.89
6436.000 18.89
6438.000 18.89
6440.000 18.89
6442.000 18.88
6444.000 18.88
6446.000 18.88
6448.000 18.88
6450.000 18.87
6452.000 18.87
6454.000 18.87
6456.000 18.87
6458.000 18.87
6460.000 18.86
6462.000 18.86
6464.000 18.86
6466.000 18.86
6468.000 18.85
6470.000 18.85
6472.000 18.85
6474.000 18.85
6476.000 18.84
6478.000 18.84
6480.000 18.84
6482.000 18.83
6484.000 18.84
6486.000 18.83
6488.000 18.83
6490.000 18.83
6492.000 18.83
6494.000 18.82
6496.000 18.82
6498.000 18.82
6500.000 18.82
6502.000 18.81
6504.000 18.81
6506.000 18.80
6508.000 18.81
6510.000 18.80
6512.000 18.80
6514.000 18.79
6516.000 18.80
6518.000 18.79
6520.000 18.79
6522.000 18.79
6524.000 18.78
6526.000 18.78
6528.000 18.78
6530.000 18.78
6532.000 18.78
6534.000 18.77
6536.000 18.77
6538.000 18.77
6540.000 18.77
6542.000 18.76
6544.000 18.76
6546.000 18.76
6548.000 18.76
6550.000 18.75
6552.000 18.75
6554.000 18.75
6556.000 18.75
6558.000 18.74
6560.000 18.74
6562.000 18.74
6564.000 18.74
6566.000 18.71
6568.000 18.73
6570.000 18.73
6572.000 18.72
6574.000 18.72
6576.000 18.72
6578.000 18.72
6580.000 18.71
6582.000 18.71
6584.000 18.71
6586.000 18.71
6588.000 18.70
6590.000 18.70
6592.000 18.70
6594.000 18.70
6596.000 18.69
6598.000 18.69
6600.000 18.69
6602.000 18.68
6604.000 18.68
6606.000 18.68
6608.000 18.68
6610.000 18.67
