# lambda zeropoint
3600.000 17.96
3602.000 17.96
3604.000 17.97
3606.000 17.98
3608.000 17.99
3610.000 17.99
3612.000 18.00
3614.000 18.01
3616.000 18.02
3618.000 18.02
3620.000 18.03
3622.000 18.04
3624.000 18.05
3626.000 18.05
3628.000 18.06
3630.000 18.07
3632.000 18.07
3634.000 18.08
3636.000 18.09
3638.000 18.10
3640.000 18.10
3642.000 18.11
3644.000 18.12
3646.000 18.12
3648.000 18.13
3650.000 18.14
3652.000 18.15
3654.000 18.15
3656.000 18.16
3658.000 18.17
3660.000 18.17
3662.000 18.18
3664.000 18.19
3666.000 18.19
3668.000 18.20
3670.000 18.21
3672.000 18.21
3674.000 18.22
3676.000 18.23
3678.000 18.23
3680.000 18.24
3682.000 18.25
3684.000 18.25
3686.000 18.26
3688.000 18.27
3690.000 18.27
3692.000 18.28
3694.000 18.29
3696.000 18.29
3698.000 18.30
3700.000 18.31
3702.000 18.31
3704.000 18.32
3706.000 18.33
3708.000 18.33
3710.000 18.34
3712.000 18.34
3714.000 18.35
3716.000 18.36
3718.000 18.36
3720.000 18.37
3722.000 18.38
3724.000 18.38
3726.000 18.39
3728.000 18.39
3730.000 18.40
3732.000 18.41
3734.000 18.41
3736.000 18.42
3738.000 18.42
3740.000 18.43
3742.000 18.44
3744.000 18.44
3746.000 18.45
3748.000 18.45
3750.000 18.46
3752.000 18.47
3754.000 18.47
3756.000 18.48
3758.000 18.48
3760.000 18.49
3762.000 18.50
3764.000 18.50
3766.000 18.51
3768.000 18.51
3770.000 18.52
3772.000 18.52
3774.000 18.53
3776.000 18.54
3778.000 18.54
3780.000 18.55
3782.000 18.55
3784.000 18.56
3786.000 18.56
3788.000 18.57
3790.000 18.57
3792.000 18.58
3794.000 18.58
3796.000 18.59
3798.000 18.60
3800.000 18.60
3802.000 18.61
3804.000 18.61
3806.000 18.62
3808.000 18.62
3810.000 18.63
3812.000 18.63
3814.000 18.64
3816.000 18.64
3818.000 18.65
3820.000 18.66
3822.000 18.66
3824.000 18.67
3826.000 18.67
3828.000 18.68
3830.000 18.68
3832.000 18.69
3834.000 18.69
3836.000 18.70
3838.000 18.70
3840.000 18.71
3842.000 18.71
3844.000 18.72
3846.000 18.72
3848.000 18.73
3850.000 18.73
3852.000 18.74
3854.000 18.74
3856.000 18.75
3858.000 18.75
3860.000 18.76
3862.000 18.76
3864.000 18.77
3866.000 18.77
3868.000 18.78
3870.000 18.78
3872.000 18.79
3874.000 18.79
3876.000 18.80
3878.000 18.80
3880.000 18.81
3882.000 18.81
3884.000 18.82
3886.000 18.82
3888.000 18.83
3890.000 18.83
3892.000 18.84
3894.000 18.84
3896.000 18.84
3898.000 18.85
3900.000 18.85
3902.000 18.86
3904.000 18.86
3906.000 18.87
3908.000 18.87
3910.000 18.88
3912.000 18.88
3914.000 18.89
3916.000 18.89
3918.000 18.89
3920.000 18.90
3922.000 18.90
3924.000 18.91
3926.000 18.91
3928.000 18.92
3930.000 18.92
3932.000 18.93
3934.000 18.93
3936.000 18.93
3938.000 18.94
3940.000 18.94
3942.000 18.95
3944.000 18.95
3946.000 18.96
3948.000 18.96
3950.000 18.96
3952.000 18.97
3954.000 18.97
3956.000 18.98
3958.000 18.98
3960.000 18.98
3962.000 18.99
3964.000 18.99
3966.000 19.00
3968.000 19.00
3970.000 19.00
3972.000 19.01
3974.000 19.01
3976.000 19.02
3978.000 19.02
3980.000 19.02
3982.000 19.03
3984.000 19.03
3986.000 19.04
3988.000 19.04
3990.000 19.04
3992.000 19.05
3994.000 19.05
3996.000 19.06
3998.000 19.06
4000.000 19.06
4002.000 19.07
4004.000 19.07
4006.000 19.07
4008.000 19.08
4010.000 19.08
4012.000 19.09
4014.000 19.09
4016.000 19.09
4018.000 19.10
4020.000 19.10
4022.000 19.10
4024.000 19.11
4026.000 19.11
4028.000 19.12
4030.000 19.12
4032.000 19.12
4034.000 19.13
4036.000 19.13
4038.000 19.13
4040.000 19.14
4042.000 19.14
4044.000 19.14
4046.000 19.15
4048.000 19.15
4050.000 19.15
4052.000 19.16
4054.000 19.16
4056.000 19.16
4058.000 19.17
4060.000 19.17
4062.000 19.17
4064.000 19.18
4066.000 19.18
4068.000 19.18
4070.000 19.19
4072.000 19.19
4074.000 19.19
4076.000 19.20
4078.000 19.20
4080.000 19.20
4082.000 19.21
4084.000 19.21
4086.000 19.21
4088.000 19.22
4090.000 19.22
4092.000 19.22
4094.000 19.23
4096.000 19.23
4098.000 19.23
4100.000 19.24
4102.000 19.24
4104.000 19.24
4106.000 19.24
4108.000 19.25
4110.000 19.25
4112.000 19.25
4114.000 19.26
4116.000 19.26
4118.000 19.26
4120.000 19.27
4122.000 19.27
4124.000 19.27
4126.000 19.27
4128.000 19.28
4130.000 19.28
4132.000 19.28
4134.000 19.29
4136.000 19.29
4138.000 19.29
4140.000 19.29
4142.000 19.30
4144.000 19.30
4146.000 19.30
4148.000 19.31
4150.000 19.31
4152.000 19.31
4154.000 19.31
4156.000 19.32
4158.000 19.32
4160.000 19.32
4162.000 19.32
4164.000 19.33
4166.000 19.33
4168.000 19.33
4170.000 19.34
4172.000 19.34
4174.000 19.34
4176.000 19.34
4178.000 19.35
4180.000 19.35
4182.000 19.35
4184.000 19.35
4186.000 19.36
4188.000 19.36
4190.000 19.36
4192.000 19.36
4194.000 19.37
4196.000 19.37
4198.000 19.37
4200.000 19.37
4202.000 19.38
4204.000 19.38
4206.000 19.38
4208.000 19.38
4210.000 19.39
4212.000 19.39
4214.000 19.39
4216.000 19.39
4218.000 19.39
4220.000 19.40
4222.000 19.40
4224.000 19.40
4226.000 19.40
4228.000 19.41
4230.000 19.41
4232.000 19.41
4234.000 19.41
4236.000 19.41
4238.000 19.42
4240.000 19.42
4242.000 19.42
4244.000 19.42
4246.000 19.43
4248.000 19.43
4250.000 19.43
4252.000 19.43
4254.000 19.43
4256.000 19.44
4258.000 19.44
4260.000 19.44
4262.000 19.44
4264.000 19.44
4266.000 19.45
4268.000 19.45
4270.000 19.45
4272.000 19.45
4274.000 19.45
4276.000 19.46
4278.000 19.46
4280.000 19.46
4282.000 19.46
4284.000 19.46
4286.000 19.47
4288.000 19.47
4290.000 19.47
4292.000 19.47
4294.000 19.47
4296.000 19.48
4298.000 19.48
4300.000 19.48
4302.000 19.48
4304.000 19.48
4306.000 19.48
4308.000 19.49
4310.000 19.49
4312.000 19.49
4314.000 19.49
4316.000 19.49
4318.000 19.50
4320.000 19.50
4322.000 19.50
4324.000 19.50
4326.000 19.50
4328.000 19.50
4330.000 19.51
4332.000 19.51
4334.000 19.51
4336.000 19.51
4338.000 19.51
4340.000 19.51
4342.000 19.52
4344.000 19.52
4346.000 19.52
4348.000 19.52
4350.000 19.52
4352.000 19.52
4354.000 19.52
4356.000 19.53
4358.000 19.53
4360.000 19.53
4362.000 19.53
4364.000 19.53
4366.000 19.53
4368.000 19.54
4370.000 19.54
4372.000 19.54
4374.000 19.54
4376.000 19.54
4378.000 19.54
4380.000 19.54
4382.000 19.55
4384.000 19.55
4386.000 19.55
4388.000 19.55
4390.000 19.55
4392.000 19.55
4394.000 19.55
4396.000 19.55
4398.000 19.56
4400.000 19.56
4402.000 19.56
4404.000 19.56
4406.000 19.56
4408.000 19.56
4410.000 19.56
4412.000 19.56
4414.000 19.57
4416.000 19.57
4418.000 19.57
4420.000 19.57
4422.000 19.57
4424.000 19.57
4426.000 19.57
4428.000 19.57
4430.000 19.57
4432.000 19.58
4434.000 19.58
4436.000 19.58
4438.000 19.58
4440.000 19.58
4442.000 19.58
4444.000 19.58
4446.000 19.58
4448.000 19.59
4450.000 19.59
4452.000 19.59
4454.000 19.59
4456.000 19.59
4458.000 19.59
4460.000 19.59
4462.000 19.59
4464.000 19.59
4466.000 19.59
4468.000 19.60
4470.000 19.60
4472.000 19.60
4474.000 19.60
4476.000 19.60
4478.000 19.60
4480.000 19.60
4482.000 19.60
4484.000 19.60
4486.000 19.60
4488.000 19.61
4490.000 19.61
4492.000 19.61
4494.000 19.61
4496.000 19.61
4498.000 19.61
4500.000 19.61
4502.000 19.61
4504.000 19.61
4506.000 19.61
4508.000 19.61
4510.000 19.61
4512.000 19.62
4514.000 19.62
4516.000 19.62
4518.000 19.62
4520.000 19.62
4522.000 19.62
4524.000 19.62
4526.000 19.62
4528.000 19.62
4530.000 19.62
4532.000 19.62
4534.000 19.62
4536.000 19.62
4538.000 19.63
4540.000 19.63
4542.000 19.63
4544.000 19.63
4546.000 19.63
4548.000 19.63
4550.000 19.63
4552.000 19.63
4554.000 19.63
4556.000 19.63
4558.000 19.63
4560.000 19.63
4562.000 19.63
4564.000 19.63
4566.000 19.63
4568.000 19.63
4570.000 19.64
4572.000 19.64
4574.000 19.64
4576.000 19.64
4578.000 19.64
4580.000 19.64
4582.000 19.64
4584.000 19.64
4586.000 19.64
4588.000 19.64
4590.000 19.64
4592.000 19.64
4594.000 19.64
4596.000 19.64
4598.000 19.64
4600.000 19.64
4602.000 19.64
4604.000 19.64
4606.000 19.64
4608.000 19.64
4610.000 19.64
4612.000 19.64
4614.000 19.65
4616.000 19.65
4618.000 19.65
4620.000 19.65
4622.000 19.65
4624.000 19.65
4626.000 19.65
4628.000 19.65
4630.000 19.65
4632.000 19.65
4634.000 19.65
4636.000 19.65
4638.000 19.65
4640.000 19.65
4642.000 19.65
4644.000 19.65
4646.000 19.65
4648.000 19.65
4650.000 19.65
4652.000 19.65
4654.000 19.65
4656.000 19.65
4658.000 19.65
4660.000 19.65
4662.000 19.65
4664.000 19.65
4666.000 19.65
4668.000 19.65
4670.000 19.65
4672.000 19.65
4674.000 19.65
4676.000 19.65
4678.000 19.65
4680.000 19.65
4682.000 19.66
4684.000 19.66
4686.000 19.66
4688.000 19.66
4690.000 19.66
4692.000 19.66
4694.000 19.66
4696.000 19.66
4698.000 19.66
4700.000 19.66
4702.000 19.66
4704.000 19.66
4706.000 19.66
4708.000 19.66
4710.000 19.66
4712.000 19.66
4714.000 19.66
4716.000 19.66
4718.000 19.66
4720.000 19.66
4722.000 19.66
4724.000 19.66
4726.000 19.66
4728.000 19.66
4730.000 19.66
4732.000 19.66
4734.000 19.66
4736.000 19.66
4738.000 19.66
4740.000 19.66
4742.000 19.66
4744.000 19.66
4746.000 19.66
4748.000 19.66
4750.000 19.65
4752.000 19.65
4754.000 19.65
4756.000 19.65
4758.000 19.65
4760.000 19.65
4762.000 19.65
4764.000 19.65
4766.000 19.65
4768.000 19.65
4770.000 19.65
4772.000 19.65
4774.000 19.65
4776.000 19.65
4778.000 19.65
4780.000 19.65
4782.000 19.65
4784.000 19.65
4786.000 19.65
4788.000 19.65
4790.000 19.65
4792.000 19.65
4794.000 19.65
4796.000 19.65
4798.000 19.65
4800.000 19.65
4802.000 19.65
4804.000 19.65
4806.000 19.65
4808.000 19.65
4810.000 19.65
4812.000 19.65
4814.000 19.65
4816.000 19.65
4818.000 19.65
4820.000 19.65
4822.000 19.65
4824.000 19.65
4826.000 19.65
4828.000 19.65
4830.000 19.65
4832.000 19.65
4834.000 19.65
4836.000 19.65
4838.000 19.65
4840.000 19.65
4842.000 19.65
4844.000 19.65
4846.000 19.65
4848.000 19.65
4850.000 19.65
4852.000 19.65
4854.000 19.65
4856.000 19.65
4858.000 19.65
4860.000 19.65
4862.000 19.65
4864.000 19.65
4866.000 19.65
4868.000 19.65
4870.000 19.65
4872.000 19.65
4874.000 19.65
4876.000 19.65
4878.000 19.65
4880.000 19.65
4882.000 19.65
4884.000 19.65
4886.000 19.64
4888.000 19.64
4890.000 19.64
4892.000 19.64
4894.000 19.64
4896.000 19.64
4898.000 19.64
4900.000 19.64
4902.000 19.64
4904.000 19.64
4906.000 19.64
4908.000 19.64
4910.000 19.64
4912.000 19.64
4914.000 19.64
4916.000 19.64
4918.000 19.64
4920.000 19.64
4922.000 19.64
4924.000 19.64
4926.000 19.64
4928.000 19.64
4930.000 19.64
4932.000 19.64
4934.000 19.64
4936.000 19.64
4938.000 19.64
4940.000 19.63
4942.000 19.63
4944.000 19.63
4946.000 19.63
4948.000 19.63
4950.000 19.63
4952.000 19.63
4954.000 19.63
4956.000 19.63
4958.000 19.63
4960.000 19.63
4962.000 19.63
4964.000 19.63
4966.000 19.63
4968.000 19.63
4970.000 19.63
4972.000 19.63
4974.000 19.63
4976.000 19.63
4978.000 19.63
4980.000 19.63
4982.000 19.62
4984.000 19.62
4986.000 19.62
4988.000 19.62
4990.000 19.62
4992.000 19.62
4994.000 19.62
4996.000 19.62
4998.000 19.62
5000.000 19.62
5002.000 19.62
5004.000 19.62
5006.000 19.62
5008.000 19.62
5010.000 19.62
5012.000 19.62
5014.000 19.62
5016.000 19.61
5018.000 19.61
5020.000 19.61
5022.000 19.61
5024.000 19.61
5026.000 19.61
5028.000 19.61
5030.000 19.61
5032.000 19.61
5034.000 19.61
5036.000 19.61
5038.000 19.61
5040.000 19.61
5042.000 19.61
5044.000 19.61
5046.000 19.61
5048.000 19.61
5050.000 19.60
5052.000 19.60
5054.000 19.60
5056.000 19.60
5058.000 19.60
5060.000 19.60
5062.000 19.60
5064.000 19.60
5066.000 19.60
5068.000 19.60
5070.000 19.60
5072.000 19.60
5074.000 19.60
5076.000 19.60
5078.000 19.60
5080.000 19.60
5082.000 19.60
5084.000 19.60
5086.000 19.60
5088.000 19.59
5090.000 19.59
5092.000 19.59
5094.000 19.59
5096.000 19.59
5098.000 19.59
5100.000 19.59
5102.000 19.59
5104.000 19.59
5106.000 19.59
5108.000 19.59
5110.000 19.59
5112.000 19.59
5114.000 19.59
5116.000 19.59
5118.000 19.59
5120.000 19.59
5122.000 19.59
5124.000 19.59
5126.000 19.59
5128.000 19.58
5130.000 19.58
5132.000 19.58
5134.000 19.58
5136.000 19.58
5138.000 19.58
5140.000 19.58
5142.000 19.58
5144.000 19.58
5146.000 19.58
5148.000 19.58
5150.000 19.58
5152.000 19.58
5154.000 19.58
5156.000 19.58
5158.000 19.58
5160.000 19.57
5162.000 19.57
5164.000 19.57
5166.000 19.57
5168.000 19.57
5170.000 19.57
5172.000 19.57
5174.000 19.57
5176.000 19.57
5178.000 19.57
5180.000 19.57
5182.000 19.57
5184.000 19.57
5186.000 19.57
5188.000 19.57
5190.000 19.57
5192.000 19.56
5194.000 19.56
5196.000 19.56
5198.000 19.56
5200.000 19.56
5202.000 19.56
5204.000 19.56
5206.000 19.56
5208.000 19.56
5210.000 19.56
5212.000 19.56
5214.000 19.56
5216.000 19.56
5218.000 19.56
5220.000 19.56
5222.000 19.55
5224.000 19.55
5226.000 19.55
5228.000 19.55
5230.000 19.55
5232.000 19.55
5234.000 19.55
5236.000 19.55
5238.000 19.55
5240.000 19.55
5242.000 19.55
5244.000 19.55
5246.000 19.55
5248.000 19.54
5250.000 19.54
5252.000 19.54
5254.000 19.54
5256.000 19.54
5258.000 19.54
5260.000 19.54
5262.000 19.54
5264.000 19.54
5266.000 19.54
5268.000 19.54
5270.000 19.54
5272.000 19.54
5274.000 19.53
5276.000 19.53
5278.000 19.53
5280.000 19.53
5282.000 19.53
5284.000 19.53
5286.000 19.53
5288.000 19.53
5290.000 19.53
5292.000 19.53
5294.000 19.53
5296.000 19.53
5298.000 19.53
5300.000 19.52
5302.000 19.52
5304.000 19.52
5306.000 19.52
5308.000 19.52
5310.000 19.52
5312.000 19.52
5314.000 19.52
5316.000 19.52
5318.000 19.52
5320.000 19.52
5322.000 19.52
5324.000 19.52
5326.000 19.52
5328.000 19.51
5330.000 19.51
5332.000 19.51
5334.000 19.51
5336.000 19.51
5338.000 19.51
5340.000 19.51
5342.000 19.51
5344.000 19.51
5346.000 19.51
5348.000 19.51
5350.000 19.51
5352.000 19.51
5354.000 19.51
5356.000 19.51
5358.000 19.51
5360.000 19.50
5362.000 19.50
5364.000 19.50
5366.000 19.50
5368.000 19.50
5370.000 19.50
5372.000 19.50
5374.000 19.50
5376.000 19.50
5378.000 19.50
5380.000 19.50
5382.000 19.50
5384.000 19.50
5386.000 19.50
5388.000 19.50
5390.000 19.49
5392.000 19.49
5394.000 19.49
5396.000 19.49
5398.000 19.49
5400.000 19.49
5402.000 19.49
5404.000 19.49
5406.000 19.49
5408.000 19.49
5410.000 19.49
5412.000 19.49
5414.000 19.49
5416.000 19.48
5418.000 19.48
5420.000 19.48
5422.000 19.48
5424.000 19.48
5426.000 19.48
5428.000 19.48
5430.000 19.48
5432.000 19.48
5434.000 19.48
5436.000 19.48
5438.000 19.48
5440.000 19.48
5442.000 19.47
5444.000 19.47
5446.000 19.47
5448.000 19.47
5450.000 19.47
5452.000 19.47
5454.000 19.47
5456.000 19.47
5458.000 19.47
5460.000 19.47
5462.000 19.47
5464.000 19.47
5466.000 19.47
5468.000 19.47
5470.000 19.46
5472.000 19.46
5474.000 19.46
5476.000 19.46
5478.000 19.46
5480.000 19.46
5482.000 19.46
5484.000 19.46
5486.000 19.46
5488.000 19.46
5490.000 19.46
5492.000 19.46
5494.000 19.46
5496.000 19.45
5498.000 19.45
5500.000 19.45
5502.000 19.45
5504.000 19.45
5506.000 19.45
5508.000 19.45
5510.000 19.45
5512.000 19.45
5514.000 19.45
5516.000 19.45
5518.000 19.45
5520.000 19.45
5522.000 19.44
5524.000 19.44
5526.000 19.44
5528.000 19.44
5530.000 19.44
5532.000 19.44
5534.000 19.44
5536.000 19.44
5538.000 19.44
5540.000 19.44
5542.000 19.44
5544.000 19.44
5546.000 19.44
5548.000 19.43
5550.000 19.43
5552.000 19.43
5554.000 19.43
5556.000 19.43
5558.000 19.43
5560.000 19.43
5562.000 19.43
5564.000 19.43
5566.000 19.43
5568.000 19.43
5570.000 19.43
5572.000 19.42
5574.000 19.42
5576.000 19.42
5578.000 19.42
5580.000 19.42
5582.000 19.42
5584.000 19.42
5586.000 19.42
5588.000 19.42
5590.000 19.42
5592.000 19.42
5594.000 19.42
5596.000 19.41
5598.000 19.41
5600.000 19.41
5602.000 19.41
5604.000 19.41
5606.000 19.41
5608.000 19.41
5610.000 19.41
5612.000 19.41
5614.000 19.41
5616.000 19.41
5618.000 19.40
5620.000 19.40
5622.000 19.40
5624.000 19.40
5626.000 19.40
5628.000 19.40
5630.000 19.40
5632.000 19.40
5634.000 19.40
5636.000 19.40
5638.000 19.40
5640.000 19.39
5642.000 19.39
5644.000 19.39
5646.000 19.39
5648.000 19.39
5650.000 19.39
5652.000 19.39
5654.000 19.39
5656.000 19.39
5658.000 19.39
5660.000 19.39
5662.000 19.38
5664.000 19.38
5666.000 19.38
5668.000 19.38
5670.000 19.38
5672.000 19.38
5674.000 19.38
5676.000 19.38
5678.000 19.38
5680.000 19.38
5682.000 19.38
5684.000 19.37
5686.000 19.37
5688.000 19.37
5690.000 19.37
5692.000 19.36
5694.000 19.36
5696.000 19.37
5698.000 19.37
5700.000 19.37
5702.000 19.37
5704.000 19.36
5706.000 19.36
5708.000 19.36
5710.000 19.36
5712.000 19.36
5714.000 19.36
5716.000 19.36
5718.000 19.36
5720.000 19.36
5722.000 19.36
5724.000 19.35
5726.000 19.35
5728.000 19.35
5730.000 19.35
5732.000 19.35
5734.000 19.35
5736.000 19.35
5738.000 19.35
5740.000 19.35
5742.000 19.35
5744.000 19.35
5746.000 19.34
5748.000 19.34
5750.000 19.34
5752.000 19.34
5754.000 19.34
5756.000 19.34
5758.000 19.34
5760.000 19.34
5762.000 19.34
5764.000 19.34
5766.000 19.34
5768.000 19.34
5770.000 19.34
5772.000 19.33
5774.000 19.33
5776.000 19.33
5778.000 19.33
5780.000 19.33
5782.000 19.33
5784.000 19.33
5786.000 19.33
5788.000 19.33
5790.000 19.33
5792.000 19.33
5794.000 19.33
5796.000 19.33
5798.000 19.33
5800.000 19.33
5802.000 19.33
5804.000 19.33
5806.000 19.33
5808.000 19.33
5810.000 19.33
5812.000 19.32
5814.000 19.32
5816.000 19.32
5818.000 19.32
5820.000 19.32
5822.000 19.32
5824.000 19.32
5826.000 19.32
5828.000 19.32
5830.000 19.32
5832.000 19.32
5834.000 19.32
5836.000 19.32
5838.000 19.32
5840.000 19.32
5842.000 19.32
5844.000 19.32
5846.000 19.32
5848.000 19.32
5850.000 19.31
5852.000 19.31
5854.000 19.31
5856.000 19.31
5858.000 19.31
5860.000 19.31
5862.000 19.31
5864.000 19.31
5866.000 19.31
5868.000 19.31
5870.000 19.31
5872.000 19.31
5874.000 19.31
5876.000 19.31
5878.000 19.30
5880.000 19.30
5882.000 19.30
5884.000 19.30
5886.000 19.30
5888.000 19.29
5890.000 19.30
5892.000 19.30
5894.000 19.28
5896.000 19.29
5898.000 19.29
5900.000 19.29
5902.000 19.29
5904.000 19.29
5906.000 19.29
5908.000 19.29
5910.000 19.29
5912.000 19.29
5914.000 19.29
5916.000 19.29
5918.000 19.29
5920.000 19.27
5922.000 19.29
5924.000 19.28
5926.000 19.28
5928.000 19.29
5930.000 19.28
5932.000 19.28
5934.000 19.28
5936.000 19.28
5938.000 19.28
5940.000 19.28
5942.000 19.27
5944.000 19.27
5946.000 19.27
5948.000 19.28
5950.000 19.27
5952.000 19.27
5954.000 19.27
5956.000 19.27
5958.000 19.26
5960.000 19.27
5962.000 19.27
5964.000 19.27
5966.000 19.27
5968.000 19.26
5970.000 19.26
5972.000 19.27
5974.000 19.26
5976.000 19.26
5978.000 19.26
5980.000 19.26
5982.000 19.26
5984.000 19.26
5986.000 19.26
5988.000 19.26
5990.000 19.26
5992.000 19.26
5994.000 19.26
5996.000 19.25
5998.000 19.25
6000.000 19.25
6002.000 19.25
6004.000 19.25
6006.000 19.25
6008.000 19.25
6010.000 19.25
6012.000 19.25
6014.000 19.25
6016.000 19.25
6018.000 19.25
6020.000 19.25
6022.000 19.24
6024.000 19.24
6026.000 19.24
6028.000 19.24
6030.000 19.24
6032.000 19.24
6034.000 19.24
6036.000 19.24
6038.000 19.24
6040.000 19.24
6042.000 19.24
6044.000 19.24
6046.000 19.24
6048.000 19.24
6050.000 19.23
6052.000 19.23
6054.000 19.23
6056.000 19.23
6058.000 19.23
6060.000 19.23
6062.000 19.23
6064.000 19.23
6066.000 19.23
6068.000 19.23
6070.000 19.23
6072.000 19.23
6074.000 19.23
6076.000 19.23
6078.000 19.23
6080.000 19.22
6082.000 19.22
6084.000 19.22
6086.000 19.22
6088.000 19.22
6090.000 19.22
6092.000 19.22
6094.000 19.22
6096.000 19.22
6098.000 19.22
6100.000 19.22
6102.000 19.22
6104.000 19.22
6106.000 19.22
6108.000 19.22
6110.000 19.22
6112.000 19.21
6114.000 19.21
6116.000 19.21
6118.000 19.21
6120.000 19.21
6122.000 19.21
6124.000 19.21
6126.000 19.21
6128.000 19.21
6130.000 19.21
6132.000 19.21
6134.000 19.21
6136.000 19.21
6138.000 19.21
6140.000 19.21
6142.000 19.20
6144.000 19.20
6146.000 19.20
6148.000 19.20
6150.000 19.20
6152.000 19.20
6154.000 19.20
6156.000 19.20
6158.000 19.20
6160.000 19.20
6162.000 19.20
6164.000 19.20
6166.000 19.20
6168.000 19.20
6170.000 19.20
6172.000 19.19
6174.000 19.19
6176.000 19.19
6178.000 19.19
6180.000 19.19
6182.000 19.19
6184.000 19.19
6186.000 19.19
6188.000 19.19
6190.000 19.19
6192.000 19.19
6194.000 19.19
6196.000 19.19
6198.000 19.19
6200.000 19.18
6202.000 19.18
6204.000 19.18
6206.000 19.18
6208.000 19.18
6210.000 19.18
6212.000 19.18
6214.000 19.18
6216.000 19.18
6218.000 19.18
6220.000 19.18
6222.000 19.18
6224.000 19.18
6226.000 19.18
6228.000 19.17
6230.000 19.17
6232.000 19.17
6234.000 19.17
6236.000 19.17
6238.000 19.17
6240.000 19.17
6242.000 19.17
6244.000 19.17
6246.000 19.17
6248.000 19.17
6250.000 19.17
6252.000 19.16
6254.000 19.16
6256.000 19.16
6258.000 19.16
6260.000 19.16
6262.000 19.16
6264.000 19.16
6266.000 19.16
6268.000 19.16
6270.000 19.16
6272.000 19.16
6274.000 19.16
6276.000 19.16
6278.000 19.16
6280.000 19.15
6282.000 19.15
6284.000 19.15
6286.000 19.15
6288.000 19.15
6290.000 19.15
6292.000 19.05
6294.000 19.14
6296.000 19.15
6298.000 19.15
6300.000 19.15
6302.000 19.15
6304.000 19.15
6306.000 19.15
6308.000 19.15
6310.000 19.15
6312.000 19.14
6314.000 19.14
6316.000 19.08
6318.000 19.14
6320.000 19.14
6322.000 19.14
6324.000 19.14
6326.000 19.14
6328.000 19.14
6330.000 19.14
6332.000 19.14
6334.000 19.14
6336.000 19.14
6338.000 19.14
6340.000 19.14
6342.000 19.14
6344.000 19.14
6346.000 19.14
6348.000 19.13
6350.000 19.13
6352.000 19.13
6354.000 19.13
6356.000 19.13
6358.000 19.13
6360.000 19.13
6362.000 19.13
6364.000 19.13
6366.000 19.13
6368.000 19.13
6370.000 19.13
6372.000 19.13
6374.000 19.13
6376.000 19.13
6378.000 19.13
6380.000 19.13
6382.000 19.13
6384.000 19.13
6386.000 19.13
6388.000 19.12
6390.000 19.12
6392.000 19.12
6394.000 19.12
6396.000 19.12
6398.000 19.12
6400.000 19.12
6402.000 19.12
6404.000 19.12
6406.000 19.12
6408.000 19.12
6410.000 19.12
6412.000 19.12
6414.000 19.12
6416.000 19.12
6418.000 19.12
6420.000 19.12
6422.000 19.12
6424.000 19.11
6426.000 19.11
6428.000 19.11
6430.000 19.11
6432.000 19.11
6434.000 19.11
6436.000 19.11
6438.000 19.11
6440.000 19.11
6442.000 19.11
6444.000 19.11
6446.000 19.11
6448.000 19.11
6450.000 19.11
6452.000 19.11
6454.000 19.11
6456.000 19.10
6458.000 19.11
6460.000 19.10
6462.000 19.10
6464.000 19.10
6466.000 19.10
6468.000 19.10
6470.000 19.10
6472.000 19.10
6474.000 19.10
6476.000 19.10
6478.000 19.10
6480.000 19.10
6482.000 19.09
6484.000 19.10
6486.000 19.10
6488.000 19.10
6490.000 19.10
6492.000 19.10
6494.000 19.09
6496.000 19.09
6498.000 19.09
6500.000 19.09
6502.000 19.09
6504.000 19.09
6506.000 19.08
6508.000 19.09
6510.000 19.09
6512.000 19.09
6514.000 19.08
6516.000 19.09
6518.000 19.09
6520.000 19.09
6522.000 19.09
6524.000 19.08
6526.000 19.08
6528.000 19.08
6530.000 19.08
6532.000 19.08
6534.000 19.08
6536.000 19.08
6538.000 19.08
6540.000 19.08
6542.000 19.08
6544.000 19.08
6546.000 19.08
6548.000 19.08
6550.000 19.08
6552.000 19.08
6554.000 19.08
6556.000 19.08
6558.000 19.08
6560.000 19.07
6562.000 19.07
6564.000 19.07
6566.000 19.05
6568.000 19.07
6570.000 19.07
6572.000 19.07
6574.000 19.07
6576.000 19.07
6578.000 19.07
6580.000 19.07
6582.000 19.07
6584.000 19.07
6586.000 19.07
6588.000 19.07
6590.000 19.07
6592.000 19.07
6594.000 19.07
6596.000 19.06
6598.000 19.06
6600.000 19.06
6602.000 19.06
6604.000 19.06
6606.000 19.06
6608.000 19.06
6610.000 19.06
6612.000 19.06
6614.000 19.06
6616.000 19.06
6618.000 19.06
6620.000 19.06
6622.000 19.06
6624.000 19.06
6626.000 19.06
6628.000 19.06
6630.000 19.05
6632.000 19.05
6634.000 19.05
6636.000 19.05
6638.000 19.05
6640.000 19.05
6642.000 19.05
6644.000 19.05
6646.000 19.05
6648.000 19.05
6650.000 19.05
6652.000 19.05
6654.000 19.05
6656.000 19.05
6658.000 19.05
6660.000 19.05
6662.000 19.05
6664.000 19.05
6666.000 19.05
6668.000 19.05
6670.000 19.04
6672.000 19.04
6674.000 19.04
6676.000 19.04
6678.000 19.04
6680.000 19.04
6682.000 19.04
6684.000 19.04
6686.000 19.04
6688.000 19.04
6690.000 19.04
6692.000 19.04
6694.000 19.04
6696.000 19.04
6698.000 19.04
6700.000 19.04
6702.000 19.04
6704.000 19.04
6706.000 19.03
6708.000 19.03
6710.000 19.03
6712.000 19.03
6714.000 19.03
6716.000 19.03
6718.000 19.03
6720.000 19.03
6722.000 19.03
6724.000 19.03
6726.000 19.03
6728.000 19.03
6730.000 19.03
6732.000 19.03
6734.000 19.03
6736.000 19.03
6738.000 19.03
6740.000 19.03
6742.000 19.02
6744.000 19.02
6746.000 19.02
6748.000 19.02
6750.000 19.02
6752.000 19.02
6754.000 19.02
6756.000 19.02
6758.000 19.02
6760.000 19.02
6762.000 19.02
6764.000 19.02
6766.000 19.02
6768.000 19.02
6770.000 19.02
6772.000 19.02
6774.000 19.02
6776.000 19.02
6778.000 19.01
6780.000 19.01
6782.000 19.01
6784.000 19.01
6786.000 19.01
6788.000 19.01
6790.000 19.01
6792.000 19.01
6794.000 19.01
6796.000 19.01
6798.000 19.01
6800.000 19.01
6802.000 19.01
6804.000 19.01
6806.000 19.01
6808.000 19.01
6810.000 19.01
6812.000 19.01
6814.000 19.00
6816.000 19.00
6818.000 19.00
6820.000 19.00
6822.000 19.00
6824.000 19.00
6826.000 19.00
6828.000 19.00
6830.000 19.00
6832.000 19.00
6834.000 19.00
6836.000 19.00
6838.000 19.00
6840.000 19.00
6842.000 19.00
6844.000 19.00
6846.000 19.00
6848.000 19.00
6850.000 18.99
6852.000 18.99
6854.000 18.99
6856.000 18.99
6858.000 18.99
6860.000 18.99
6862.000 18.99
6864.000 18.99
6866.000 18.99
6868.000 18.99
6870.000 17.10
6872.000 18.77
6874.000 18.80
6876.000 18.94
6878.000 18.97
6880.000 18.98
6882.000 18.96
6884.000 18.98
6886.000 18.96
6888.000 18.96
6890.000 18.97
6892.000 18.89
6894.000 18.94
6896.000 18.97
6898.000 18.06
6900.000 18.98
6902.000 18.84
6904.000 18.98
6906.000 17.00
6908.000 18.97
6910.000 18.97
6912.000 18.97
6914.000 18.98
6916.000 18.12
6918.000 18.98
6920.000 18.42
6922.000 18.97
6924.000 18.97
6926.000 18.90
6928.000 18.97
6930.000 18.97
6932.000 18.97
6934.000 18.96
6936.000 18.97
6938.000 18.97
6940.000 18.97
6942.000 18.95
6944.000 18.93
6946.000 18.97
6948.000 18.97
6950.000 18.96
6952.000 18.97
6954.000 18.96
6956.000 18.96
6958.000 18.96
6960.000 18.96
6962.000 18.96
6964.000 18.96
6966.000 18.96
6968.000 18.96
6970.000 18.96
6972.000 18.96
6974.000 18.96
6976.000 18.96
6978.000 18.96
6980.000 18.96
6982.000 18.96
6984.000 18.96
6986.000 18.95
6988.000 18.95
6990.000 18.95
6992.000 18.95
6994.000 18.95
6996.000 18.92
6998.000 18.95
7000.000 18.94
7002.000 18.95
7004.000 18.94
7006.000 18.95
7008.000 18.95
7010.000 18.95
7012.000 18.95
7014.000 18.95
7016.000 18.94
7018.000 18.94
7020.000 18.94
7022.000 18.94
7024.000 18.94
7026.000 18.94
7028.000 18.94
7030.000 18.94
7032.000 18.94
7034.000 18.94
7036.000 18.94
7038.000 18.94
7040.000 18.94
7042.000 18.94
7044.000 18.94
7046.000 18.94
7048.000 18.94
7050.000 18.93
7052.000 18.93
7054.000 18.93
7056.000 18.93
7058.000 18.93
7060.000 18.93
7062.000 18.93
7064.000 18.93
7066.000 18.93
7068.000 18.93
7070.000 18.93
7072.000 18.93
7074.000 18.92
7076.000 18.93
7078.000 18.93
7080.000 18.92
7082.000 18.92
7084.000 18.92
7086.000 18.92
7088.000 18.92
7090.000 18.92
7092.000 18.92
7094.000 18.92
7096.000 18.91
7098.000 18.92
7100.000 18.92
7102.000 18.92
7104.000 18.92
7106.000 18.92
7108.000 18.91
7110.000 18.92
7112.000 18.91
7114.000 18.91
7116.000 18.91
7118.000 18.91
7120.000 18.91
7122.000 18.91
7124.000 18.91
7126.000 18.91
7128.000 18.91
7130.000 18.91
7132.000 18.91
7134.000 18.91
7136.000 18.90
7138.000 18.91
7140.000 18.90
7142.000 18.90
7144.000 18.90
7146.000 18.90
7148.000 18.90
7150.000 18.90
7152.000 18.90
7154.000 18.90
7156.000 18.90
7158.000 18.90
7160.000 18.90
7162.000 18.90
7164.000 18.87
7166.000 18.89
7168.000 18.89
7170.000 18.86
7172.000 18.86
7174.000 18.88
7176.000 18.88
7178.000 18.84
7180.000 18.89
7182.000 18.89
7184.000 18.88
7186.000 18.88
7188.000 18.86
7190.000 18.88
7192.000 18.89
7194.000 18.87
7196.000 18.88
7198.000 18.88
7200.000 18.87
7202.000 18.87
7204.000 18.88
7206.000 18.86
7208.000 18.87
7210.000 18.88
7212.000 18.88
7214.000 18.87
7216.000 18.88
7218.000 18.87
7220.000 18.84
7222.000 18.88
7224.000 18.88
7226.000 18.87
7228.000 18.87
7230.000 18.87
7232.000 18.87
7234.000 18.87
7236.000 18.87
7238.000 18.83
7240.000 18.86
7242.000 18.86
7244.000 18.87
7246.000 18.86
7248.000 18.86
7250.000 18.86
7252.000 18.86
7254.000 18.85
7256.000 18.86
7258.000 18.86
7260.000 18.78
7262.000 18.85
7264.000 18.79
7266.000 18.85
7268.000 18.85
7270.000 18.85
7272.000 18.85
7274.000 18.85
7276.000 18.85
7278.000 18.85
7280.000 18.82
7282.000 18.85
7284.000 18.85
7286.000 18.85
7288.000 18.85
7290.000 18.83
7292.000 18.84
7294.000 18.84
7296.000 18.85
7298.000 18.84
7300.000 18.84
7302.000 18.79
7304.000 18.84
7306.000 18.81
7308.000 18.84
7310.000 18.84
7312.000 18.84
7314.000 18.84
7316.000 18.84
7318.000 18.83
7320.000 18.82
7322.000 18.84
7324.000 18.84
7326.000 18.78
7328.000 18.83
7330.000 18.83
7332.000 18.83
7334.000 18.83
7336.000 18.83
7338.000 18.83
7340.000 18.83
7342.000 18.83
7344.000 18.83
7346.000 18.78
7348.000 18.83
7350.000 18.81
7352.000 18.82
7354.000 18.82
7356.000 18.81
7358.000 18.82
7360.000 18.82
7362.000 18.82
7364.000 18.81
7366.000 18.82
7368.000 18.81
7370.000 18.82
7372.000 18.81
7374.000 18.81
7376.000 18.81
7378.000 18.81
7380.000 18.81
7382.000 18.81
7384.000 18.81
7386.000 18.81
7388.000 18.81
7390.000 18.81
7392.000 18.81
7394.000 18.81
7396.000 18.80
7398.000 18.79
7400.000 18.80
7402.000 18.80
7404.000 18.80
7406.000 18.80
7408.000 18.80
7410.000 18.80
7412.000 18.80
7414.000 18.80
7416.000 18.80
7418.000 18.79
7420.000 18.79
7422.000 18.79
7424.000 18.79
7426.000 18.79
7428.000 18.79
7430.000 18.79
7432.000 18.79
7434.000 18.79
7436.000 18.79
7438.000 18.78
7440.000 18.78
7442.000 18.78
7444.000 18.78
7446.000 18.78
7448.000 18.78
7450.000 18.78
7452.000 18.78
7454.000 18.78
7456.000 18.78
7458.000 18.78
7460.000 18.77
7462.000 18.77
7464.000 18.77
7466.000 18.77
7468.000 18.77
7470.000 18.77
7472.000 18.77
7474.000 18.77
7476.000 18.77
7478.000 18.77
7480.000 18.76
7482.000 18.76
7484.000 18.76
7486.000 18.76
7488.000 18.76
7490.000 18.76
7492.000 18.76
7494.000 18.76
7496.000 18.76
7498.000 18.76
7500.000 18.75
7502.000 18.75
7504.000 18.75
7506.000 18.75
7508.000 18.75
7510.000 18.75
7512.000 18.75
7514.000 18.75
7516.000 18.75
7518.000 18.75
7520.000 18.74
7522.000 18.74
7524.000 18.74
7526.000 18.74
7528.000 18.74
7530.000 18.74
7532.000 18.74
7534.000 18.74
7536.000 18.74
7538.000 18.74
7540.000 18.73
7542.000 18.73
7544.000 18.73
7546.000 18.73
7548.000 18.73
7550.000 18.73
7552.000 18.73
7554.000 18.73
7556.000 18.73
7558.000 18.72
7560.000 18.72
7562.000 18.72
7564.000 18.72
7566.000 18.72
7568.000 18.72
7570.000 18.72
7572.000 18.72
7574.000 18.72
7576.000 18.71
7578.000 18.71
7580.000 18.71
7582.000 18.71
7584.000 18.71
7586.000 18.71
7588.000 18.71
7590.000 18.71
7592.000 18.70
7594.000 18.70
7596.000 18.26
7598.000 18.31
7600.000 18.44
7602.000 17.08
7604.000 17.44
7606.000 17.96
7608.000 17.72
7610.000 5.64
7612.000 18.05
7614.000 16.00
7616.000 18.55
7618.000 18.34
7620.000 18.67
7622.000 18.64
7624.000 18.59
7626.000 18.40
7628.000 18.59
7630.000 17.86
7632.000 18.58
7634.000 17.49
7636.000 18.59
7638.000 18.16
7640.000 18.61
7642.000 18.04
7644.000 18.61
7646.000 18.13
7648.000 18.52
7650.000 18.63
7652.000 18.00
7654.000 18.61
7656.000 18.08
7658.000 18.59
7660.000 18.65
7662.000 18.58
7664.000 18.65
7666.000 18.65
7668.000 16.24
7670.000 18.66
7672.000 18.65
7674.000 18.57
7676.000 18.65
7678.000 18.65
7680.000 18.62
7682.000 18.65
7684.000 18.65
7686.000 18.35
7688.000 18.65
7690.000 18.65
7692.000 18.64
7694.000 18.64
7696.000 18.64
7698.000 18.49
7700.000 18.64
7702.000 18.64
7704.000 18.64
7706.000 18.63
7708.000 18.64
7710.000 18.63
7712.000 18.60
7714.000 18.63
7716.000 18.63
7718.000 18.63
7720.000 18.63
7722.000 18.63
7724.000 18.62
7726.000 18.62
7728.000 18.61
7730.000 18.62
7732.000 18.62
7734.000 18.62
7736.000 18.61
7738.000 18.62
7740.000 18.61
7742.000 18.61
7744.000 18.61
7746.000 18.61
7748.000 18.61
7750.000 18.61
7752.000 18.61
7754.000 18.60
7756.000 18.60
7758.000 18.60
7760.000 18.60
7762.000 18.60
7764.000 18.60
7766.000 18.60
7768.000 18.59
7770.000 18.59
7772.000 18.59
7774.000 18.59
7776.000 18.59
7778.000 18.59
7780.000 18.59
7782.000 18.58
7784.000 18.58
7786.000 18.58
7788.000 18.58
7790.000 18.58
7792.000 18.58
7794.000 18.58
7796.000 18.57
7798.000 18.57
7800.000 18.57
7802.000 18.57
7804.000 18.57
7806.000 18.57
7808.000 18.57
7810.000 18.56
7812.000 18.56
7814.000 18.56
7816.000 18.56
7818.000 18.56
7820.000 18.56
7822.000 18.56
7824.000 18.55
7826.000 18.55
7828.000 18.55
7830.000 18.55
7832.000 18.55
7834.000 18.55
7836.000 18.55
7838.000 18.54
7840.000 18.54
7842.000 18.54
7844.000 18.54
7846.000 18.54
7848.000 18.54
7850.000 18.53
7852.000 18.53
7854.000 18.53
7856.000 18.53
7858.000 18.53
7860.000 18.53
7862.000 18.53
7864.000 18.52
7866.000 18.52
7868.000 18.52
7870.000 18.52
7872.000 18.52
7874.000 18.52
7876.000 18.51
7878.000 18.51
7880.000 18.51
7882.000 18.50
7884.000 18.51
7886.000 18.51
7888.000 18.50
7890.000 18.50
7892.000 18.50
7894.000 18.49
7896.000 18.50
7898.000 18.49
7900.000 18.50
7902.000 18.49
7904.000 18.44
7906.000 18.49
7908.000 18.49
7910.000 18.49
7912.000 18.49
7914.000 18.48
7916.000 18.48
7918.000 18.48
7920.000 18.48
7922.000 18.48
7924.000 18.48
7926.000 18.47
7928.000 18.47
7930.000 18.47
7932.000 18.47
7934.000 18.46
7936.000 18.47
7938.000 18.46
7940.000 18.46
7942.000 18.46
7944.000 18.45
7946.000 18.46
7948.000 18.46
7950.000 18.45
7952.000 18.45
7954.000 18.45
7956.000 18.44
7958.000 18.45
7960.000 18.44
7962.000 18.44
7964.000 18.44
7966.000 18.44
7968.000 18.44
7970.000 18.44
7972.000 18.44
7974.000 18.43
7976.000 18.43
7978.000 18.43
7980.000 18.43
7982.000 18.43
7984.000 18.42
7986.000 18.42
7988.000 18.42
7990.000 18.42
7992.000 18.42
7994.000 18.41
7996.000 18.41
7998.000 18.41
8000.000 18.41
