# lambda zeropoint
3315.000 15.65
3317.563 16.10
3320.127 16.42
3322.690 16.51
3325.254 16.61
3327.817 16.71
3330.381 16.76
3332.944 16.70
3335.508 16.52
3338.071 16.38
3340.635 16.25
3343.198 16.10
3345.762 16.31
3348.325 16.45
3350.889 16.69
3353.452 16.91
3356.016 17.00
3358.579 16.96
3361.142 16.83
3363.706 16.96
3366.269 16.98
3368.833 16.78
3371.396 16.58
3373.960 16.38
3376.523 16.42
3379.087 16.66
3381.650 16.87
3384.214 17.05
3386.777 17.21
3389.341 17.25
3391.904 17.27
3394.468 17.27
3397.031 17.30
3399.595 17.27
3402.158 17.04
3404.721 16.81
3407.285 16.57
3409.848 16.73
3412.412 16.99
3414.975 17.16
3417.539 17.34
3420.102 17.52
3422.666 17.48
3425.229 17.48
3427.793 17.54
3430.356 17.46
3432.920 17.34
3435.483 17.22
3438.047 16.97
3440.610 16.61
3443.174 16.80
3445.737 17.12
3448.300 17.42
3450.864 17.57
3453.427 17.60
3455.991 17.61
3458.554 17.61
3461.118 17.60
3463.681 17.56
3466.245 17.52
3468.808 17.36
3471.372 17.15
3473.935 16.85
3476.499 16.97
3479.062 17.30
3481.626 17.44
3484.189 17.58
3486.753 17.73
3489.316 17.73
3491.879 17.70
3494.443 17.63
3497.006 17.64
3499.570 17.70
3502.133 17.54
3504.697 17.35
3507.260 17.14
3509.824 17.02
3512.387 17.24
3514.951 17.47
3517.514 17.65
3520.078 17.75
3522.641 17.72
3525.205 17.66
3527.768 17.81
3530.332 17.85
3532.895 17.75
3535.458 17.68
3538.022 17.59
3540.585 17.38
3543.149 17.15
3545.712 17.22
3548.276 17.47
3550.839 17.66
3553.403 17.72
3555.966 17.82
3558.530 17.95
3561.093 18.02
3563.657 18.00
3566.220 17.83
3568.784 17.71
3571.347 17.61
3573.911 17.55
3576.474 17.40
3579.037 17.14
3581.601 17.17
3584.164 17.37
3586.728 17.52
3589.291 17.72
3591.855 17.97
3594.418 18.04
3596.982 18.06
3599.545 18.03
3602.109 17.95
3604.672 17.83
3607.236 17.69
3609.799 17.57
3612.363 17.48
3614.926 17.26
3617.489 17.20
3620.053 17.49
3622.616 17.74
3625.180 17.92
3627.743 17.95
3630.307 17.93
3632.870 17.96
3635.434 18.02
3637.997 18.09
3640.561 18.00
3643.124 17.88
3645.688 17.75
3648.251 17.62
3650.815 17.49
3653.378 17.32
3655.942 17.58
3658.505 17.77
3661.068 17.90
3663.632 18.00
3666.195 18.06
3668.759 18.12
3671.322 18.20
3673.886 18.21
3676.449 18.18
3679.013 18.09
3681.576 18.00
3684.140 17.92
3686.703 17.77
3689.267 17.60
3691.830 17.52
3694.394 17.75
3696.957 17.93
3699.521 18.09
3702.084 18.19
3704.647 18.14
3707.211 18.20
3709.774 18.34
3712.338 18.42
3714.901 18.44
3717.465 18.34
3720.028 18.15
3722.592 17.94
3725.155 17.97
3727.719 17.89
3730.282 17.72
3732.846 17.69
3735.409 17.69
3737.973 18.17
3740.536 18.41
3743.100 18.44
3745.663 18.32
3748.226 18.25
3750.790 18.40
3753.353 18.49
3755.917 18.55
3758.480 18.41
3761.044 18.29
3763.607 18.19
3766.171 17.91
3768.734 17.55
3771.298 17.76
3773.861 18.06
3776.425 18.28
3778.988 18.44
3781.552 18.58
3784.115 18.63
3786.679 18.64
3789.242 18.61
3791.805 18.54
3794.369 18.43
3796.932 18.20
3799.496 18.22
3802.059 18.41
3804.623 18.26
3807.186 18.11
3809.750 17.98
3812.313 18.10
3814.877 18.16
3817.440 18.33
3820.004 18.49
3822.567 18.63
3825.131 18.60
3827.694 18.53
3830.258 18.56
3832.821 18.47
3835.384 18.26
3837.948 18.32
3840.511 18.41
3843.075 18.44
3845.638 18.36
3848.202 18.20
3850.765 18.02
3853.329 18.16
3855.892 18.23
3858.456 18.35
3861.019 18.48
3863.583 18.62
3866.146 18.72
3868.710 18.77
3871.273 18.75
3873.837 18.71
3876.400 18.71
3878.963 18.69
3881.527 18.64
3884.090 18.42
3886.654 18.17
3889.217 18.01
3891.781 17.91
3894.344 18.06
3896.908 18.26
3899.471 18.43
3902.035 18.55
3904.598 18.65
3907.162 18.73
3909.725 18.83
3912.289 18.90
3914.852 18.94
3917.416 18.92
3919.979 18.87
3922.542 18.88
3925.106 18.77
3927.669 18.52
3930.233 17.85
3932.796 17.24
3935.360 17.54
3937.923 18.03
3940.487 18.55
3943.050 18.71
3945.614 18.81
3948.177 18.91
3950.741 18.99
3953.304 19.06
3955.868 19.10
3958.431 19.09
3960.995 19.01
3963.558 18.68
3966.121 18.26
3968.685 18.12
3971.248 18.18
3973.812 18.52
3976.375 18.56
3978.939 18.48
3981.502 18.40
3984.066 18.53
3986.629 18.68
3989.193 18.80
3991.756 18.91
3994.320 18.94
3996.883 19.00
3999.447 19.06
4002.010 19.06
4004.574 19.06
4007.137 19.06
4009.700 19.02
4012.264 18.97
4014.827 18.88
4017.391 18.78
4019.954 18.68
4022.518 18.51
4025.081 18.32
4027.645 18.44
4030.208 18.57
4032.772 18.69
4035.335 18.87
4037.899 19.04
4040.462 19.07
4043.026 19.07
4045.589 19.04
4048.153 19.12
4050.716 19.17
4053.279 19.11
4055.843 19.06
4058.406 19.01
4060.970 18.90
4063.533 18.80
4066.097 18.71
4068.660 18.56
4071.224 18.38
4073.787 18.49
4076.351 18.64
4078.914 18.80
4081.478 18.90
4084.041 19.00
4086.605 19.13
4089.168 19.21
4091.732 19.24
4094.295 19.20
4096.858 19.11
4099.422 18.87
4101.985 18.87
4104.549 19.03
4107.112 18.99
4109.676 18.94
4112.239 18.84
4114.803 18.69
4117.366 18.53
4119.930 18.50
4122.493 18.65
4125.057 18.80
4127.620 18.90
4130.184 18.99
4132.747 19.08
4135.311 19.16
4137.874 19.24
4140.437 19.23
4143.001 19.22
4145.564 19.26
4148.128 19.23
4150.691 19.16
4153.255 19.05
4155.818 18.96
4158.382 18.89
4160.945 18.82
4163.509 18.73
4166.072 18.53
4168.636 18.58
4171.199 18.66
4173.763 18.81
4176.326 18.96
4178.889 19.07
4181.453 19.16
4184.016 19.23
4186.580 19.25
4189.143 19.27
4191.707 19.30
4194.270 19.27
4196.834 19.19
4199.397 19.17
4201.961 19.15
4204.524 19.08
4207.088 18.99
4209.651 18.91
4212.215 18.75
4214.778 18.59
4217.342 18.60
4219.905 18.76
4222.468 18.90
4225.032 18.89
4227.595 18.99
4230.159 19.21
4232.722 19.23
4235.286 19.23
4237.849 19.29
4240.413 19.32
4242.976 19.35
4245.540 19.31
4248.103 19.26
4250.667 19.23
4253.230 19.17
4255.794 19.09
4258.357 18.94
4260.921 18.83
4263.484 18.78
4266.047 18.61
4268.611 18.69
4271.174 18.75
4273.738 18.88
4276.301 19.10
4278.865 19.17
4281.428 19.21
4283.992 19.29
4286.555 19.30
4289.119 19.27
4291.682 19.35
4294.246 19.39
4296.809 19.28
4299.373 19.21
4301.936 19.17
4304.500 19.10
4307.063 19.03
4309.626 18.94
4312.190 18.89
4314.753 18.85
4317.317 18.72
4319.880 18.74
4322.444 18.82
4325.007 18.95
4327.571 19.08
4330.134 19.20
4332.698 19.27
4335.261 19.28
4337.825 19.10
4340.388 19.00
4342.952 19.26
4345.515 19.41
4348.079 19.47
4350.642 19.36
4353.205 19.28
4355.769 19.28
4358.332 19.22
4360.896 19.14
4363.459 19.05
4366.023 18.92
4368.586 18.76
4371.150 18.59
4373.713 18.72
4376.277 18.91
4378.840 19.01
4381.404 19.05
4383.967 19.14
4386.531 19.24
4389.094 19.32
4391.658 19.36
4394.221 19.38
4396.784 19.40
4399.348 19.40
4401.911 19.35
4404.475 19.33
4407.038 19.33
4409.602 19.31
4412.165 19.24
4414.729 19.09
4417.292 19.02
4419.856 18.96
4422.419 18.80
4424.983 18.64
4427.546 18.74
4430.110 18.87
4432.673 18.99
4435.237 19.08
4437.800 19.16
4440.363 19.23
4442.927 19.29
4445.490 19.34
4448.054 19.38
4450.617 19.39
4453.181 19.38
4455.744 19.36
4458.308 19.35
4460.871 19.34
4463.435 19.30
4465.998 19.24
4468.562 19.16
4471.125 19.08
4473.689 19.00
4476.252 18.89
4478.816 18.76
4481.379 18.60
4483.942 18.74
4486.506 18.90
4489.069 19.01
4491.633 19.10
4494.196 19.16
4496.760 19.23
4499.323 19.30
4501.887 19.37
4504.450 19.41
4507.014 19.41
4509.577 19.41
4512.141 19.41
4514.704 19.37
4517.268 19.34
4519.831 19.32
4522.395 19.26
4524.958 19.18
4527.521 19.07
4530.085 18.97
4532.648 18.87
4535.212 18.79
4537.775 18.68
4540.339 18.77
4542.902 18.89
4545.466 18.98
4548.029 19.05
4550.593 19.12
4553.156 19.18
4555.720 19.27
4558.283 19.37
4560.847 19.39
4563.410 19.40
4565.974 19.42
4568.537 19.41
4571.100 19.40
4573.664 19.40
4576.227 19.36
4578.791 19.29
4581.354 19.22
4583.918 19.15
4586.481 19.09
4589.045 19.01
4591.608 18.90
4594.172 18.77
4596.735 18.64
4599.299 18.78
4601.862 18.90
4604.426 19.01
4606.989 19.11
4609.553 19.19
4612.116 19.25
4614.679 19.28
4617.243 19.32
4619.806 19.38
4622.370 19.42
4624.933 19.43
4627.497 19.43
4630.060 19.42
4632.624 19.39
4635.187 19.36
4637.751 19.32
4640.314 19.29
4642.878 19.23
4645.441 19.12
4648.005 19.04
4650.568 18.97
4653.132 18.83
4655.695 18.69
4658.258 18.77
4660.822 18.89
4663.385 18.98
4665.949 19.03
4668.512 19.10
4671.076 19.21
4673.639 19.29
4676.203 19.35
4678.766 19.35
4681.330 19.38
4683.893 19.42
4686.457 19.43
4689.020 19.42
4691.584 19.40
4694.147 19.38
4696.711 19.36
4699.274 19.30
4701.837 19.24
4704.401 19.19
4706.964 19.12
4709.528 19.03
4712.091 18.93
4714.655 18.82
4717.218 18.71
4719.782 18.73
4722.345 18.85
4724.909 18.93
4727.472 19.01
4730.036 19.09
4732.599 19.15
4735.163 19.20
4737.726 19.27
4740.289 19.32
4742.853 19.35
4745.416 19.37
4747.980 19.38
4750.543 19.37
4753.107 19.35
4755.670 19.33
4758.234 19.31
4760.797 19.27
4763.361 19.20
4765.924 19.16
4768.488 19.12
4771.051 19.02
4773.615 18.93
4776.178 18.84
4778.742 18.70
4781.305 18.55
4783.868 18.66
4786.432 18.76
4788.995 18.86
4791.559 18.96
4794.122 19.04
4796.686 19.09
4799.249 19.14
4801.813 19.19
4804.376 19.21
4806.940 19.23
4809.503 19.25
4812.067 19.27
4814.630 19.28
4817.194 19.27
4819.757 19.24
4822.321 19.19
4824.884 19.17
4827.447 19.14
4830.011 19.08
4832.574 19.02
4835.138 18.96
4837.701 18.85
4840.265 18.73
4842.828 18.63
4845.392 18.51
4847.955 18.55
4850.519 18.66
4853.082 18.75
4855.646 18.79
4858.209 18.68
4860.773 18.55
4863.336 18.86
4865.900 19.06
4868.463 19.12
4871.026 19.14
4873.590 19.15
4876.153 19.16
4878.717 19.16
4881.280 19.16
4883.844 19.13
4886.407 19.08
4888.971 19.02
4891.534 19.00
4894.098 19.02
4896.661 18.95
4899.225 18.87
4901.788 18.78
4904.352 18.69
4906.915 18.60
4909.479 18.46
4912.042 18.33
4914.605 18.38
4917.169 18.44
4919.732 18.48
4922.296 18.59
4924.859 18.69
4927.423 18.78
4929.986 18.80
4932.550 18.82
4935.113 18.85
4937.677 18.87
4940.240 18.90
4942.804 18.92
4945.367 18.93
4947.931 18.92
4950.494 18.90
4953.058 18.88
4955.621 18.79
4958.184 18.74
4960.748 18.76
4963.311 18.70
4965.875 18.61
4968.438 18.53
4971.002 18.45
4973.565 18.36
4976.129 18.25
4978.692 18.12
4981.256 17.94
4983.819 17.76
4986.383 17.58
4988.946 17.29
4991.510 16.98
4994.073 16.60
4996.637 16.19
4999.200 15.77
