4500.000 1.467e-16
4500.877 1.473e-16
4501.753 1.480e-16
4502.630 1.486e-16
4503.507 1.492e-16
4504.383 1.499e-16
4505.260 1.505e-16
4506.137 1.512e-16
4507.013 1.511e-16
4507.890 1.508e-16
4508.767 1.505e-16
4509.643 1.502e-16
4510.520 1.499e-16
4511.397 1.497e-16
4512.273 1.494e-16
4513.150 1.491e-16
4514.027 1.488e-16
4514.903 1.485e-16
4515.780 1.483e-16
4516.657 1.477e-16
4517.533 1.466e-16
4518.410 1.455e-16
4519.287 1.444e-16
4520.163 1.434e-16
4521.040 1.423e-16
4521.917 1.412e-16
4522.793 1.401e-16
4523.670 1.391e-16
4524.547 1.380e-16
4525.423 1.369e-16
4526.300 1.359e-16
4527.177 1.360e-16
4528.053 1.361e-16
4528.930 1.362e-16
4529.807 1.364e-16
4530.683 1.364e-16
4531.560 1.365e-16
4532.437 1.366e-16
4533.313 1.367e-16
4534.190 1.368e-16
4535.067 1.370e-16
4535.943 1.371e-16
4536.820 1.371e-16
4537.697 1.371e-16
4538.573 1.371e-16
4539.450 1.371e-16
4540.327 1.371e-16
4541.203 1.371e-16
4542.080 1.370e-16
4542.957 1.473e-16
4543.833 1.370e-16
4544.710 1.370e-16
4545.587 1.406e-16
4546.463 1.370e-16
4547.340 1.373e-16
4548.217 1.375e-16
4549.093 1.378e-16
4549.970 1.381e-16
4550.847 1.383e-16
4551.723 1.386e-16
4552.600 1.388e-16
4553.477 1.391e-16
4554.353 1.428e-16
4555.230 1.396e-16
4556.107 1.399e-16
4556.983 1.401e-16
4557.860 1.402e-16
4558.737 1.404e-16
4559.613 1.406e-16
4560.490 1.408e-16
4561.367 1.410e-16
4562.243 1.412e-16
4563.120 1.413e-16
4563.997 1.415e-16
4564.873 1.417e-16
4565.750 1.419e-16
4566.627 1.420e-16
4567.503 1.421e-16
4568.380 1.422e-16
4569.257 1.438e-16
4570.133 1.423e-16
4571.010 1.423e-16
4571.887 1.424e-16
4572.763 1.425e-16
4573.640 1.425e-16
4574.517 1.426e-16
4575.393 1.427e-16
4576.270 1.427e-16
4577.147 1.419e-16
4578.023 1.411e-16
4578.900 1.403e-16
4579.777 1.395e-16
4580.653 1.386e-16
4581.530 1.378e-16
4582.407 1.370e-16
4583.283 1.362e-16
4584.160 1.361e-16
4585.037 1.346e-16
4585.913 1.337e-16
4586.790 1.335e-16
4587.667 1.336e-16
4588.543 1.338e-16
4589.420 1.339e-16
4590.297 1.341e-16
4591.173 1.342e-16
4592.050 1.344e-16
4592.927 1.345e-16
4593.803 1.347e-16
4594.680 1.348e-16
4595.557 1.350e-16
4596.433 1.351e-16
4597.310 1.352e-16
4598.187 1.353e-16
4599.063 1.354e-16
4599.940 1.355e-16
4600.817 1.357e-16
4601.693 1.358e-16
4602.570 1.359e-16
4603.447 1.360e-16
4604.323 1.361e-16
4605.200 1.362e-16
4606.077 1.363e-16
4606.953 1.363e-16
4607.830 1.364e-16
4608.707 1.364e-16
4609.583 1.364e-16
4610.460 1.364e-16
4611.337 1.364e-16
4612.213 1.364e-16
4613.090 1.365e-16
4613.967 1.365e-16
4614.843 1.365e-16
4615.720 1.365e-16
4616.597 1.366e-16
4617.473 1.368e-16
4618.350 1.370e-16
4619.227 1.372e-16
4620.103 1.374e-16
4620.980 1.376e-16
4621.857 1.378e-16
4622.733 1.380e-16
4623.610 1.382e-16
4624.487 1.385e-16
4625.363 1.387e-16
4626.240 1.389e-16
4627.117 1.385e-16
4627.993 1.381e-16
4628.870 1.376e-16
4629.747 1.372e-16
4630.623 1.368e-16
4631.500 1.363e-16
4632.377 1.359e-16
4633.253 1.355e-16
4634.130 1.351e-16
4635.007 1.346e-16
4635.883 1.342e-16
4636.760 1.338e-16
4637.637 1.334e-16
4638.513 1.329e-16
4639.390 1.325e-16
4640.267 1.321e-16
4641.143 1.317e-16
4642.020 1.312e-16
4642.897 1.308e-16
4643.773 1.304e-16
4644.650 1.300e-16
4645.527 1.295e-16
4646.403 1.292e-16
4647.280 1.295e-16
4648.157 1.298e-16
4649.033 1.301e-16
4649.910 1.304e-16
4650.787 1.307e-16
4651.663 1.310e-16
4652.540 1.313e-16
4653.417 1.316e-16
4654.293 1.319e-16
4655.170 1.322e-16
4656.047 1.325e-16
4656.923 1.321e-16
4657.800 1.313e-16
4658.677 1.307e-16
4659.553 1.300e-16
4660.430 1.293e-16
4661.307 1.286e-16
4662.183 1.279e-16
4663.060 1.273e-16
4663.937 1.266e-16
4664.813 1.259e-16
4665.690 1.252e-16
4666.567 1.249e-16
4667.443 1.254e-16
4668.320 1.259e-16
4669.197 1.264e-16
4670.073 1.269e-16
4670.950 1.274e-16
4671.827 1.280e-16
4672.703 1.285e-16
4673.580 1.315e-16
4674.457 1.295e-16
4675.333 1.300e-16
4676.210 1.305e-16
4677.087 1.421e-16
4677.963 1.303e-16
4678.840 1.302e-16
4679.717 1.300e-16
4680.593 1.299e-16
4681.470 1.298e-16
4682.347 1.296e-16
4683.223 1.295e-16
4684.100 1.294e-16
4684.977 1.293e-16
4685.853 1.291e-16
4686.730 1.290e-16
4687.607 1.290e-16
4688.483 1.290e-16
4689.360 1.289e-16
4690.237 1.289e-16
4691.113 1.289e-16
4691.990 1.288e-16
4692.867 1.288e-16
4693.743 1.287e-16
4694.620 1.287e-16
4695.497 1.287e-16
4696.373 1.286e-16
4697.250 1.279e-16
4698.127 1.273e-16
4699.003 1.267e-16
4699.880 1.260e-16
4700.757 1.254e-16
4701.633 1.248e-16
4702.510 1.242e-16
4703.387 1.235e-16
4704.263 1.229e-16
4705.140 1.223e-16
4706.017 1.217e-16
4706.893 1.220e-16
4707.770 1.228e-16
4708.647 1.235e-16
4709.523 1.243e-16
4710.400 1.251e-16
4711.277 1.259e-16
4712.153 1.266e-16
4713.030 1.274e-16
4713.907 1.282e-16
4714.783 1.290e-16
4715.660 1.298e-16
4716.537 1.304e-16
4717.413 1.305e-16
4718.290 1.306e-16
4719.167 1.307e-16
4720.043 1.309e-16
4720.920 1.310e-16
4721.797 1.311e-16
4722.673 1.312e-16
4723.550 1.314e-16
4724.427 1.315e-16
4725.303 1.316e-16
4726.180 1.317e-16
4727.057 1.315e-16
4727.933 1.312e-16
4728.810 1.309e-16
4729.687 1.307e-16
4730.563 1.303e-16
4731.440 1.301e-16
4732.317 1.298e-16
4733.193 1.296e-16
4734.070 1.293e-16
4734.947 1.290e-16
4735.823 1.287e-16
4736.700 1.287e-16
4737.577 1.290e-16
4738.453 1.293e-16
4739.330 1.297e-16
4740.207 1.300e-16
4741.083 1.303e-16
4741.960 1.306e-16
4742.837 1.310e-16
4743.713 1.313e-16
4744.590 1.316e-16
4745.467 1.319e-16
4746.343 1.322e-16
4747.220 1.320e-16
4748.097 1.318e-16
4748.973 1.316e-16
4749.850 1.314e-16
4750.727 1.311e-16
4751.603 1.309e-16
4752.480 1.306e-16
4753.357 1.304e-16
4754.233 1.301e-16
4755.110 1.298e-16
4755.987 1.296e-16
4756.863 1.292e-16
4757.740 1.289e-16
4758.617 1.285e-16
4759.493 1.281e-16
4760.370 1.277e-16
4761.247 1.273e-16
4762.123 1.269e-16
4763.000 1.265e-16
4763.877 1.261e-16
4764.753 1.257e-16
4765.630 1.253e-16
4766.507 1.252e-16
4767.383 1.258e-16
4768.260 1.264e-16
4769.137 1.269e-16
4770.013 1.275e-16
4770.890 1.281e-16
4771.767 1.287e-16
4772.643 1.293e-16
4773.520 1.299e-16
4774.397 1.305e-16
4775.273 1.311e-16
4776.150 1.317e-16
4777.027 1.315e-16
4777.903 1.311e-16
4778.780 1.307e-16
4779.657 1.303e-16
4780.533 1.299e-16
4781.410 1.295e-16
4782.287 1.291e-16
4783.163 1.287e-16
4784.040 1.283e-16
4784.917 1.279e-16
4785.793 1.275e-16
4786.670 1.274e-16
4787.547 1.278e-16
4788.423 1.281e-16
4789.300 1.284e-16
4790.177 1.288e-16
4791.053 1.291e-16
4791.930 1.294e-16
4792.807 1.297e-16
4793.683 1.301e-16
4794.560 1.304e-16
4795.437 1.307e-16
4796.313 1.310e-16
4797.190 1.308e-16
4798.067 1.305e-16
4798.943 1.302e-16
4799.820 1.300e-16
4800.697 1.297e-16
4801.573 1.295e-16
4802.450 1.292e-16
4803.327 1.290e-16
4804.203 1.287e-16
4805.080 1.284e-16
4805.957 1.282e-16
4806.833 1.282e-16
4807.710 1.285e-16
4808.587 1.287e-16
4809.463 1.290e-16
4810.340 1.292e-16
4811.217 1.295e-16
4812.093 1.297e-16
4812.970 1.335e-16
4813.847 1.318e-16
4814.723 1.305e-16
4815.600 1.307e-16
4816.477 1.309e-16
4817.353 1.305e-16
4818.230 1.301e-16
4819.107 1.297e-16
4819.983 1.293e-16
4820.860 1.289e-16
4821.737 1.285e-16
4822.613 1.281e-16
4823.490 1.277e-16
4824.367 1.273e-16
4825.243 1.316e-16
4826.120 1.269e-16
4826.997 1.264e-16
4827.873 1.263e-16
4828.750 1.262e-16
4829.627 1.262e-16
4830.503 1.261e-16
4831.380 1.260e-16
4832.257 1.260e-16
4833.133 1.259e-16
4834.010 1.259e-16
4834.887 1.258e-16
4835.763 1.257e-16
4836.640 1.256e-16
4837.517 1.253e-16
4838.393 1.250e-16
4839.270 1.247e-16
4840.147 1.244e-16
4841.023 1.241e-16
4841.900 1.237e-16
4842.777 1.234e-16
4843.653 1.231e-16
4844.530 1.228e-16
4845.407 1.225e-16
4846.283 1.222e-16
4847.160 1.214e-16
4848.037 1.207e-16
4848.913 1.199e-16
4849.790 1.191e-16
4850.667 1.184e-16
4851.543 1.176e-16
4852.420 1.168e-16
4853.297 1.161e-16
4854.173 1.153e-16
4855.050 1.145e-16
4855.927 1.138e-16
4856.803 1.128e-16
4857.680 1.117e-16
4858.557 1.106e-16
4859.433 1.095e-16
4860.310 1.084e-16
4861.187 1.072e-16
4862.063 1.061e-16
4862.940 1.050e-16
4863.817 1.039e-16
4864.693 1.027e-16
4865.570 1.016e-16
4866.447 1.006e-16
4867.323 1.017e-16
4868.200 1.027e-16
4869.077 1.038e-16
4869.953 1.048e-16
4870.830 1.058e-16
4871.707 1.068e-16
4872.583 1.079e-16
4873.460 1.089e-16
4874.337 1.100e-16
4875.213 1.110e-16
4876.090 1.121e-16
4876.967 1.127e-16
4877.843 1.131e-16
4878.720 1.135e-16
4879.597 1.139e-16
4880.473 1.143e-16
4881.350 1.147e-16
4882.227 1.150e-16
4883.103 1.154e-16
4883.980 1.221e-16
4884.857 1.162e-16
4885.733 1.166e-16
4886.610 1.169e-16
4887.487 1.171e-16
4888.363 1.173e-16
4889.240 1.175e-16
4890.117 1.177e-16
4890.993 1.179e-16
4891.870 1.181e-16
4892.747 1.183e-16
4893.623 1.185e-16
4894.500 1.187e-16
4895.377 1.188e-16
4896.253 1.190e-16
4897.130 1.192e-16
4898.007 1.194e-16
4898.883 1.196e-16
4899.760 1.198e-16
4900.637 1.200e-16
4901.513 1.202e-16
4902.390 1.204e-16
4903.267 1.206e-16
4904.143 1.208e-16
4905.020 1.210e-16
4905.897 1.212e-16
4906.773 1.210e-16
4907.650 1.204e-16
4908.527 1.198e-16
4909.403 1.191e-16
4910.280 1.185e-16
4911.157 1.179e-16
4912.033 1.173e-16
4912.910 1.167e-16
4913.787 1.160e-16
4914.663 1.154e-16
4915.540 1.148e-16
4916.417 1.142e-16
4917.293 1.142e-16
4918.170 1.141e-16
4919.047 1.141e-16
4919.923 1.140e-16
4920.800 1.140e-16
4921.677 1.139e-16
4922.553 1.139e-16
4923.430 1.138e-16
4924.307 1.138e-16
4925.183 1.137e-16
4926.060 1.137e-16
4926.937 1.136e-16
4927.813 1.135e-16
4928.690 1.134e-16
4929.567 1.134e-16
4930.443 1.133e-16
4931.320 1.132e-16
4932.197 1.131e-16
4933.073 1.130e-16
4933.950 1.129e-16
4934.827 1.128e-16
4935.703 1.127e-16
4936.580 1.128e-16
4937.457 1.137e-16
4938.333 1.145e-16
4939.210 1.413e-16
4940.087 1.161e-16
4940.963 1.169e-16
4941.840 1.177e-16
4942.717 1.185e-16
4943.593 1.193e-16
4944.470 1.201e-16
4945.347 1.210e-16
4946.223 1.218e-16
4947.100 1.214e-16
4947.977 1.206e-16
4948.853 1.199e-16
4949.730 1.192e-16
4950.607 1.185e-16
4951.483 1.178e-16
4952.360 1.170e-16
4953.237 1.163e-16
4954.113 1.156e-16
4954.990 1.149e-16
4955.867 1.142e-16
4956.743 1.139e-16
4957.620 1.143e-16
4958.497 1.147e-16
4959.373 1.151e-16
4960.250 1.155e-16
4961.127 1.159e-16
4962.003 1.163e-16
4962.880 1.167e-16
4963.757 1.171e-16
4964.633 1.198e-16
4965.510 1.179e-16
4966.387 1.183e-16
4967.263 1.183e-16
4968.140 1.182e-16
4969.017 1.182e-16
4969.893 1.181e-16
4970.770 1.181e-16
4971.647 1.180e-16
4972.523 1.180e-16
4973.400 1.179e-16
4974.277 1.179e-16
4975.153 1.178e-16
4976.030 1.178e-16
4976.907 1.173e-16
4977.783 1.165e-16
4978.660 1.157e-16
4979.537 1.149e-16
4980.413 1.140e-16
4981.290 1.132e-16
4982.167 1.124e-16
4983.043 1.116e-16
4983.920 1.108e-16
4984.797 1.100e-16
4985.673 1.092e-16
4986.550 1.086e-16
4987.427 1.091e-16
4988.303 1.095e-16
4989.180 1.100e-16
4990.057 1.104e-16
4990.933 1.109e-16
4991.810 1.114e-16
4992.687 1.118e-16
4993.563 1.123e-16
4994.440 1.127e-16
4995.317 1.132e-16
4996.193 1.136e-16
4997.070 1.133e-16
4997.947 1.126e-16
4998.823 1.120e-16
4999.700 1.114e-16
5000.577 1.108e-16
5001.453 1.102e-16
5002.330 1.096e-16
5003.207 1.091e-16
5004.083 1.085e-16
5004.960 1.079e-16
5005.837 1.110e-16
5006.713 1.068e-16
5007.590 1.066e-16
5008.467 1.063e-16
5009.343 1.061e-16
5010.220 1.058e-16
5011.097 1.055e-16
5011.973 1.053e-16
5012.850 1.050e-16
5013.727 1.048e-16
5014.603 1.045e-16
5015.480 1.043e-16
5016.357 1.040e-16
5017.233 1.043e-16
5018.110 1.047e-16
5018.987 1.051e-16
5019.863 1.054e-16
5020.740 1.058e-16
5021.617 1.062e-16
5022.493 1.065e-16
5023.370 1.069e-16
5024.247 1.073e-16
5025.123 1.076e-16
5026.000 1.079e-16
5026.877 1.082e-16
5027.753 1.084e-16
5028.630 1.086e-16
5029.507 1.087e-16
5030.383 1.089e-16
5031.260 1.090e-16
5032.137 1.092e-16
5033.013 1.094e-16
5033.890 1.095e-16
5034.767 1.097e-16
5035.643 1.098e-16
5036.520 1.099e-16
5037.397 1.096e-16
5038.273 1.092e-16
5039.150 1.080e-16
5040.027 1.085e-16
5040.903 1.081e-16
5041.780 1.078e-16
5042.657 1.075e-16
5043.533 1.067e-16
5044.410 1.066e-16
5045.287 1.064e-16
5046.163 1.061e-16
5047.040 1.064e-16
5047.917 1.070e-16
5048.793 1.076e-16
5049.670 1.082e-16
5050.547 1.087e-16
5051.423 1.093e-16
5052.300 1.099e-16
5053.177 1.104e-16
5054.053 1.110e-16
5054.930 1.116e-16
5055.807 1.121e-16
5056.683 1.124e-16
5057.560 1.122e-16
5058.437 1.121e-16
5059.313 1.119e-16
5060.190 1.117e-16
5061.067 1.115e-16
5061.943 1.114e-16
5062.820 1.112e-16
5063.697 1.109e-16
5064.573 1.108e-16
5065.450 1.106e-16
5066.327 1.105e-16
5067.203 1.101e-16
5068.080 1.099e-16
5068.957 1.096e-16
5069.833 1.093e-16
5070.710 1.090e-16
5071.587 1.085e-16
5072.463 1.084e-16
5073.340 1.081e-16
5074.217 1.077e-16
5075.093 1.075e-16
5075.970 1.073e-16
5076.847 1.071e-16
5077.723 1.071e-16
5078.600 1.072e-16
5079.477 1.073e-16
5080.353 1.073e-16
5081.230 1.073e-16
5082.107 1.074e-16
5082.983 1.074e-16
5083.860 1.074e-16
5084.737 1.075e-16
5085.613 1.074e-16
5086.490 1.075e-16
5087.367 1.075e-16
5088.243 1.075e-16
5089.120 1.074e-16
5089.997 1.074e-16
5090.873 1.073e-16
5091.750 1.073e-16
5092.627 1.073e-16
5093.503 1.072e-16
5094.380 1.072e-16
5095.257 1.071e-16
5096.133 1.071e-16
5097.010 1.072e-16
5097.887 1.073e-16
5098.763 1.074e-16
5099.640 1.075e-16
5100.517 1.077e-16
5101.393 1.078e-16
5102.270 1.079e-16
5103.147 1.079e-16
5104.023 1.081e-16
5104.900 1.082e-16
5105.777 1.084e-16
5106.653 1.085e-16
5107.530 1.087e-16
5108.407 1.089e-16
5109.283 1.091e-16
5110.160 1.094e-16
5111.037 1.096e-16
5111.913 1.098e-16
5112.790 1.100e-16
5113.667 1.102e-16
5114.543 1.104e-16
5115.420 1.106e-16
5116.297 1.108e-16
5117.173 1.103e-16
5118.050 1.096e-16
5118.927 1.090e-16
5119.803 1.083e-16
5120.680 1.077e-16
5121.557 1.070e-16
5122.433 1.064e-16
5123.310 1.057e-16
5124.187 1.051e-16
5125.063 1.045e-16
5125.940 1.038e-16
5126.817 1.035e-16
5127.693 1.034e-16
5128.570 1.033e-16
5129.447 1.033e-16
5130.323 1.032e-16
5131.200 1.032e-16
5132.077 1.031e-16
5132.953 1.031e-16
5133.830 1.030e-16
5134.707 1.029e-16
5135.583 1.029e-16
5136.460 1.028e-16
5137.337 1.029e-16
5138.213 1.029e-16
5139.090 1.029e-16
5139.967 1.029e-16
5140.843 1.030e-16
5141.720 1.030e-16
5142.597 1.030e-16
5143.473 1.031e-16
5144.350 1.031e-16
5145.227 1.031e-16
5146.103 1.032e-16
5146.980 1.032e-16
5147.857 1.033e-16
5148.733 1.034e-16
5149.610 1.035e-16
5150.487 1.036e-16
5151.363 1.037e-16
5152.240 1.038e-16
5153.117 1.039e-16
5153.993 1.040e-16
5154.870 1.040e-16
5155.747 1.041e-16
5156.623 1.039e-16
5157.500 1.028e-16
5158.377 1.017e-16
5159.253 1.006e-16
5160.130 9.948e-17
5161.007 9.837e-17
5161.883 9.727e-17
5162.760 9.616e-17
5163.637 9.505e-17
5164.513 9.395e-17
5165.390 9.284e-17
5166.267 9.173e-17
5167.143 9.177e-17
5168.020 9.201e-17
5168.897 9.224e-17
5169.773 9.248e-17
5170.650 9.272e-17
5171.527 9.296e-17
5172.403 9.319e-17
5173.280 9.343e-17
5174.157 9.367e-17
5175.033 9.391e-17
5175.910 9.414e-17
5176.787 9.411e-17
5177.663 9.375e-17
5178.540 9.339e-17
5179.417 9.303e-17
5180.293 9.267e-17
5181.170 9.231e-17
5182.047 9.195e-17
5182.923 9.159e-17
5183.800 9.123e-17
5184.677 9.087e-17
5185.553 9.051e-17
5186.430 9.019e-17
5187.307 9.096e-17
5188.183 9.173e-17
5189.060 9.250e-17
5189.937 9.328e-17
5190.813 9.405e-17
5191.690 9.481e-17
5192.567 9.558e-17
5193.443 9.635e-17
5194.320 9.712e-17
5195.197 9.789e-17
5196.073 9.865e-17
5196.950 9.902e-17
5197.827 9.900e-17
5198.703 9.899e-17
5199.580 9.897e-17
5200.457 9.895e-17
5201.333 9.893e-17
5202.210 9.892e-17
5203.087 9.890e-17
5203.963 9.888e-17
5204.840 9.886e-17
5205.717 9.885e-17
5206.593 9.886e-17
5207.470 9.917e-17
5208.347 9.948e-17
5209.223 9.979e-17
5210.100 1.001e-16
5210.977 1.004e-16
5211.853 1.007e-16
5212.730 1.010e-16
5213.607 1.013e-16
5214.483 1.016e-16
5215.360 1.020e-16
5216.237 1.023e-16
5217.113 1.021e-16
5217.990 1.016e-16
5218.867 1.054e-16
5219.743 1.008e-16
5220.620 1.004e-16
5221.497 9.999e-17
5222.373 9.957e-17
5223.250 9.915e-17
5224.127 9.873e-17
5225.003 9.832e-17
5225.880 9.790e-17
5226.757 9.777e-17
5227.633 9.806e-17
5228.510 9.834e-17
5229.387 9.863e-17
5230.263 9.891e-17
5231.140 9.919e-17
5232.017 9.948e-17
5232.893 9.976e-17
5233.770 1.000e-16
5234.647 1.003e-16
5235.523 1.006e-16
5236.400 1.009e-16
5237.277 1.011e-16
5238.153 1.014e-16
5239.030 1.016e-16
5239.907 1.019e-16
5240.783 1.021e-16
5241.660 1.024e-16
5242.537 1.026e-16
5243.413 1.029e-16
5244.290 1.031e-16
5245.167 1.034e-16
5246.043 1.036e-16
5246.920 1.037e-16
5247.797 1.035e-16
5248.673 1.034e-16
5249.550 1.032e-16
5250.427 1.030e-16
5251.303 1.146e-16
5252.180 1.027e-16
5253.057 1.025e-16
5253.933 1.024e-16
5254.810 1.022e-16
5255.687 1.024e-16
5256.563 1.018e-16
5257.440 1.050e-16
5258.317 9.970e-17
5259.193 9.825e-17
5260.070 9.706e-17
5260.947 9.588e-17
5261.823 9.469e-17
5262.700 9.713e-17
5263.577 9.232e-17
5264.453 9.114e-17
5265.330 8.996e-17
5266.207 8.878e-17
5267.083 8.882e-17
5267.960 8.947e-17
5268.837 9.013e-17
5269.713 9.079e-17
5270.590 9.143e-17
5271.467 9.210e-17
5272.343 9.275e-17
5273.220 9.341e-17
5274.097 9.406e-17
5274.973 9.471e-17
5275.850 9.536e-17
5276.727 9.592e-17
5277.603 1.181e-16
5278.480 9.643e-17
5279.357 9.672e-17
5280.233 9.699e-17
5281.110 9.726e-17
5281.987 9.753e-17
5282.863 9.780e-17
5283.740 9.807e-17
5284.617 9.834e-17
5285.493 9.860e-17
5286.370 9.887e-17
5287.247 9.896e-17
5288.123 9.901e-17
5289.000 9.907e-17
5289.877 9.912e-17
5290.753 9.918e-17
5291.630 9.923e-17
5292.507 9.929e-17
5293.383 9.934e-17
5294.260 9.940e-17
5295.137 9.945e-17
5296.013 9.951e-17
5296.890 9.959e-17
5297.767 9.970e-17
5298.643 9.981e-17
5299.520 9.992e-17
5300.397 1.000e-16
5301.273 1.002e-16
5302.150 1.003e-16
5303.027 1.004e-16
5303.903 1.005e-16
5304.780 1.006e-16
5305.657 1.007e-16
5306.533 1.008e-16
5307.410 1.008e-16
5308.287 1.008e-16
5309.163 1.009e-16
5310.040 1.009e-16
5310.917 1.009e-16
5311.793 1.009e-16
5312.670 1.009e-16
5313.547 1.009e-16
5314.423 1.009e-16
5315.300 1.009e-16
5316.177 1.010e-16
5317.053 1.004e-16
5317.930 9.953e-17
5318.807 9.865e-17
5319.683 9.778e-17
5320.560 9.690e-17
5321.437 9.603e-17
5322.313 9.516e-17
5323.190 9.429e-17
5324.067 9.342e-17
5324.943 9.255e-17
5325.820 9.168e-17
5326.697 9.164e-17
5327.573 9.178e-17
5328.450 9.242e-17
5329.327 9.305e-17
5330.203 9.368e-17
5331.080 9.451e-17
5331.957 1.109e-16
5332.833 9.558e-17
5333.710 9.621e-17
5334.587 9.685e-17
5335.463 9.748e-17
5336.340 9.811e-17
5337.217 9.797e-17
5338.093 9.766e-17
5338.970 9.735e-17
5339.847 9.704e-17
5340.723 9.673e-17
5341.600 9.642e-17
5342.477 9.611e-17
5343.353 9.580e-17
5344.230 9.549e-17
5345.107 9.518e-17
5345.983 9.488e-17
5346.860 9.492e-17
5347.737 9.546e-17
5348.613 9.600e-17
5349.490 9.654e-17
5350.367 9.708e-17
5351.243 9.762e-17
5352.120 9.816e-17
5352.997 9.870e-17
5353.873 9.924e-17
5354.750 9.977e-17
5355.627 1.031e-16
5356.503 1.008e-16
5357.380 1.003e-16
5358.257 9.977e-17
5359.133 9.923e-17
5360.010 9.869e-17
5360.887 9.815e-17
5361.763 9.761e-17
5362.640 9.707e-17
5363.517 9.653e-17
5364.393 9.599e-17
5365.270 9.545e-17
5366.147 9.491e-17
5367.023 9.471e-17
5367.900 9.472e-17
5368.777 9.474e-17
5369.653 9.476e-17
5370.530 9.477e-17
5371.407 9.479e-17
5372.283 9.481e-17
5373.160 9.483e-17
5374.037 9.484e-17
5374.913 9.486e-17
5375.790 9.487e-17
5376.667 9.490e-17
5377.543 9.496e-17
5378.420 9.503e-17
5379.297 9.509e-17
5380.173 9.515e-17
5381.050 9.521e-17
5381.927 9.527e-17
5382.803 9.533e-17
5383.680 9.539e-17
5384.557 9.545e-17
5385.433 9.551e-17
5386.310 9.558e-17
5387.187 9.532e-17
5388.063 9.499e-17
5388.940 9.465e-17
5389.817 9.431e-17
5390.693 9.397e-17
5391.570 9.363e-17
5392.447 9.329e-17
5393.323 9.296e-17
5394.200 9.262e-17
5395.077 9.228e-17
5395.953 9.194e-17
5396.830 9.162e-17
5397.707 9.132e-17
5398.583 9.102e-17
5399.460 9.068e-17
5400.337 9.043e-17
5401.213 9.013e-17
5402.090 8.983e-17
5402.967 8.953e-17
5403.843 8.916e-17
5404.720 8.894e-17
5405.597 8.864e-17
5406.473 8.834e-17
5407.350 8.876e-17
5408.227 8.918e-17
5409.103 8.962e-17
5409.980 9.007e-17
5410.857 9.048e-17
5411.733 9.094e-17
5412.610 9.138e-17
5413.487 9.181e-17
5414.363 9.221e-17
5415.240 9.268e-17
5416.117 9.311e-17
5416.993 9.315e-17
5417.870 9.289e-17
5418.747 9.256e-17
5419.623 9.235e-17
5420.500 9.208e-17
5421.377 9.181e-17
5422.253 9.151e-17
5423.130 9.127e-17
5424.007 9.100e-17
5424.883 9.073e-17
5425.760 9.047e-17
5426.637 9.027e-17
5427.513 9.046e-17
5428.390 9.065e-17
5429.267 9.084e-17
5430.143 9.094e-17
5431.020 9.121e-17
5431.897 9.141e-17
5432.773 9.160e-17
5433.650 9.180e-17
5434.527 9.199e-17
5435.403 9.211e-17
5436.280 9.227e-17
5437.157 9.221e-17
5438.033 9.235e-17
5438.910 9.231e-17
5439.787 9.229e-17
5440.663 9.229e-17
5441.540 9.230e-17
5442.417 9.232e-17
5443.293 9.233e-17
5444.170 9.234e-17
5445.047 9.234e-17
5445.923 9.237e-17
5446.800 9.241e-17
5447.677 9.252e-17
5448.553 9.261e-17
5449.430 9.272e-17
5450.307 9.283e-17
5451.183 9.294e-17
5452.060 9.304e-17
5452.937 9.315e-17
5453.813 9.325e-17
5454.690 9.333e-17
5455.567 9.347e-17
5456.443 9.357e-17
5457.320 9.348e-17
5458.197 9.342e-17
5459.073 9.332e-17
5459.950 9.325e-17
5460.827 9.317e-17
5461.703 9.312e-17
5462.580 9.304e-17
5463.457 9.290e-17
5464.333 9.284e-17
5465.210 9.276e-17
5466.087 9.272e-17
5466.963 9.259e-17
5467.840 9.241e-17
5468.717 9.223e-17
5469.593 9.205e-17
5470.470 9.186e-17
5471.347 9.169e-17
5472.223 9.152e-17
5473.100 9.134e-17
5473.977 9.116e-17
5474.853 9.098e-17
5475.730 9.080e-17
5476.607 9.066e-17
5477.483 9.080e-17
5478.360 9.091e-17
5479.237 9.100e-17
5480.113 9.121e-17
5480.990 9.135e-17
5481.867 9.145e-17
5482.743 9.161e-17
5483.620 9.176e-17
5484.497 9.190e-17
5485.373 9.204e-17
5486.250 9.217e-17
5487.127 9.232e-17
5488.003 9.245e-17
5488.880 9.261e-17
5489.757 9.275e-17
5490.633 9.290e-17
5491.510 9.295e-17
5492.387 9.304e-17
5493.263 9.309e-17
5494.140 9.314e-17
5495.017 9.320e-17
5495.893 9.324e-17
5496.770 9.321e-17
5497.647 9.299e-17
5498.523 9.277e-17
5499.400 9.256e-17
5500.277 9.234e-17
5501.153 9.214e-17
5502.030 9.194e-17
5502.907 9.172e-17
5503.783 9.153e-17
5504.660 9.134e-17
5505.537 9.114e-17
5506.413 9.094e-17
5507.290 9.089e-17
5508.167 9.086e-17
5509.043 9.082e-17
5509.920 9.080e-17
5510.797 9.078e-17
5511.673 9.075e-17
5512.550 9.072e-17
5513.427 9.069e-17
5514.303 9.066e-17
5515.180 9.063e-17
5516.057 9.061e-17
5516.933 9.051e-17
5517.810 9.034e-17
5518.687 9.018e-17
5519.563 9.001e-17
5520.440 8.985e-17
5521.317 8.968e-17
5522.193 8.951e-17
5523.070 8.935e-17
5523.947 8.918e-17
5524.823 8.902e-17
5525.700 8.885e-17
5526.577 8.871e-17
5527.453 8.879e-17
5528.330 8.887e-17
5529.207 8.895e-17
5530.083 8.903e-17
5530.960 8.911e-17
5531.837 8.919e-17
5532.713 8.927e-17
5533.590 8.934e-17
5534.467 8.942e-17
5535.343 8.950e-17
5536.220 8.958e-17
5537.097 8.961e-17
5537.973 8.960e-17
5538.850 8.965e-17
5539.727 8.970e-17
5540.603 8.975e-17
5541.480 8.981e-17
5542.357 8.986e-17
5543.233 8.991e-17
5544.110 8.996e-17
5544.987 9.618e-17
5545.863 9.006e-17
5546.740 9.009e-17
5547.617 9.007e-17
5548.493 9.005e-17
5549.370 9.003e-17
5550.247 9.001e-17
5551.123 9.000e-17
5552.000 8.998e-17
5552.877 8.996e-17
5553.753 8.994e-17
5554.630 8.992e-17
5555.507 8.990e-17
5556.383 8.988e-17
5557.260 8.961e-17
5558.137 8.929e-17
5559.013 8.897e-17
5559.890 8.866e-17
5560.767 8.834e-17
5561.643 8.802e-17
5562.520 8.770e-17
5563.397 8.738e-17
5564.273 8.707e-17
5565.150 8.675e-17
5566.027 8.644e-17
5566.903 8.630e-17
5567.780 8.639e-17
5568.657 8.647e-17
5569.533 8.655e-17
5570.410 8.663e-17
5571.287 8.672e-17
5572.163 8.680e-17
5573.040 8.688e-17
5573.917 8.697e-17
5574.793 8.705e-17
5575.670 8.713e-17
5576.547 8.720e-17
5577.423 8.695e-17
5578.300 8.670e-17
5579.177 8.645e-17
5580.053 8.620e-17
5580.930 8.595e-17
5581.807 8.570e-17
5582.683 8.545e-17
5583.560 8.520e-17
5584.437 8.495e-17
5585.313 8.470e-17
5586.190 8.445e-17
5587.067 8.440e-17
5587.943 8.447e-17
5588.820 8.453e-17
5589.697 8.460e-17
5590.573 8.466e-17
5591.450 8.473e-17
5592.327 8.480e-17
5593.203 8.486e-17
5594.080 8.493e-17
5594.957 8.499e-17
5595.833 8.506e-17
5596.710 8.513e-17
5597.587 8.525e-17
5598.463 8.537e-17
5599.340 1.139e-16
5600.217 8.561e-17
5601.093 8.573e-17
5601.970 8.585e-17
5602.847 8.596e-17
5603.723 8.608e-17
5604.600 8.620e-17
5605.477 8.632e-17
5606.353 8.644e-17
5607.230 8.640e-17
5608.107 8.631e-17
5608.983 8.622e-17
5609.860 8.612e-17
5610.737 8.603e-17
5611.613 8.594e-17
5612.490 8.584e-17
5613.367 8.575e-17
5614.243 8.566e-17
5615.120 8.557e-17
5615.997 8.547e-17
5616.873 8.543e-17
5617.750 8.552e-17
5618.627 8.560e-17
5619.503 8.568e-17
5620.380 8.576e-17
5621.257 8.585e-17
5622.133 8.593e-17
5623.010 8.602e-17
5623.887 8.610e-17
5624.763 8.618e-17
5625.640 8.626e-17
5626.517 8.635e-17
5627.393 8.638e-17
5628.270 8.640e-17
5629.147 8.642e-17
5630.023 8.645e-17
5630.900 8.647e-17
5631.777 8.650e-17
5632.653 8.652e-17
5633.530 8.654e-17
5634.407 8.657e-17
5635.283 8.659e-17
5636.160 8.662e-17
5637.037 8.661e-17
5637.913 8.656e-17
5638.790 8.651e-17
5639.667 8.647e-17
5640.543 8.642e-17
5641.420 8.637e-17
5642.297 8.633e-17
5643.173 8.628e-17
5644.050 8.624e-17
5644.927 8.619e-17
5645.803 8.615e-17
5646.680 8.854e-17
5647.557 8.585e-17
5648.433 8.561e-17
5649.310 8.537e-17
5650.187 8.514e-17
5651.063 8.490e-17
5651.940 8.467e-17
5652.817 8.443e-17
5653.693 8.420e-17
5654.570 8.396e-17
5655.447 8.372e-17
5656.323 8.349e-17
5657.200 8.348e-17
5658.077 8.359e-17
5658.953 8.369e-17
5659.830 8.379e-17
5660.707 8.389e-17
5661.583 8.399e-17
5662.460 8.409e-17
5663.337 8.419e-17
5664.213 8.429e-17
5665.090 8.439e-17
5665.967 8.449e-17
5666.843 8.462e-17
5667.720 8.483e-17
5668.597 8.503e-17
5669.473 8.523e-17
5670.350 8.544e-17
5671.227 8.865e-17
5672.103 8.584e-17
5672.980 8.604e-17
5673.857 8.625e-17
5674.733 8.645e-17
5675.610 8.662e-17
5676.487 8.685e-17
5677.363 8.661e-17
5678.240 8.628e-17
5679.117 8.597e-17
5679.993 8.566e-17
5680.870 8.534e-17
5681.747 8.502e-17
5682.623 8.470e-17
5683.500 8.438e-17
5684.377 8.396e-17
5685.253 8.372e-17
5686.130 8.343e-17
5687.007 8.300e-17
5687.883 8.347e-17
5688.760 8.368e-17
5689.637 8.386e-17
5690.513 8.402e-17
5691.390 8.417e-17
5692.267 8.435e-17
5693.143 8.454e-17
5694.020 8.389e-17
5694.897 8.487e-17
5695.773 8.493e-17
5696.650 8.518e-17
5697.527 8.447e-17
5698.403 8.745e-17
5699.280 8.405e-17
5700.157 8.367e-17
5701.033 8.328e-17
5701.910 8.296e-17
5702.787 8.259e-17
5703.663 8.222e-17
5704.540 8.185e-17
5705.417 8.149e-17
5706.293 8.112e-17
5707.170 8.111e-17
5708.047 8.128e-17
5708.923 8.148e-17
5709.800 8.167e-17
5710.677 8.185e-17
5711.553 8.203e-17
5712.430 8.217e-17
5713.307 8.240e-17
5714.183 8.257e-17
5715.060 8.277e-17
5715.937 8.295e-17
5716.813 8.315e-17
5717.690 8.339e-17
5718.567 8.361e-17
5719.443 8.385e-17
5720.320 8.410e-17
5721.197 8.383e-17
5722.073 8.432e-17
5722.950 8.482e-17
5723.827 8.501e-17
5724.703 8.531e-17
5725.580 8.552e-17
5726.457 8.579e-17
5727.333 8.576e-17
5728.210 8.565e-17
5729.087 8.559e-17
5729.963 8.550e-17
5730.840 8.543e-17
5731.717 8.531e-17
5732.593 8.527e-17
5733.470 8.519e-17
5734.347 8.511e-17
5735.223 8.500e-17
5736.100 8.495e-17
5736.977 8.488e-17
5737.853 8.483e-17
5738.730 8.477e-17
5739.607 8.472e-17
5740.483 8.467e-17
5741.360 8.462e-17
5742.237 8.457e-17
5743.113 8.452e-17
5743.990 8.446e-17
5744.867 8.441e-17
5745.743 8.436e-17
5746.620 8.420e-17
5747.497 8.409e-17
5748.373 8.399e-17
5749.250 8.381e-17
5750.127 8.369e-17
5751.003 8.352e-17
5751.880 8.337e-17
5752.757 8.322e-17
5753.633 8.306e-17
5754.510 8.272e-17
5755.387 8.275e-17
5756.263 8.257e-17
5757.140 8.254e-17
5758.017 8.260e-17
5758.893 8.263e-17
5759.770 8.268e-17
5760.647 8.271e-17
5761.523 8.277e-17
5762.400 8.282e-17
5763.277 8.282e-17
5764.153 8.289e-17
5765.030 8.281e-17
5765.907 8.300e-17
5766.783 8.304e-17
5767.660 8.306e-17
5768.537 8.308e-17
5769.413 8.312e-17
5770.290 8.315e-17
5771.167 8.317e-17
5772.043 8.319e-17
5772.920 8.318e-17
5773.797 8.325e-17
5774.673 8.326e-17
5775.550 8.331e-17
5776.427 8.334e-17
5777.303 8.311e-17
5778.180 8.283e-17
5779.057 8.254e-17
5779.933 8.225e-17
5780.810 8.197e-17
5781.687 8.167e-17
5782.563 8.140e-17
5783.440 8.109e-17
5784.317 8.083e-17
5785.193 8.055e-17
5786.070 8.027e-17
5786.947 8.016e-17
5787.823 8.032e-17
5788.700 8.046e-17
5789.577 8.065e-17
5790.453 8.081e-17
5791.330 8.097e-17
5792.207 8.114e-17
5793.083 8.131e-17
5793.960 8.148e-17
5794.837 8.165e-17
5795.713 8.182e-17
5796.590 8.199e-17
5797.467 8.203e-17
5798.343 8.207e-17
5799.220 8.210e-17
5800.097 8.212e-17
5800.973 8.218e-17
5801.850 8.222e-17
5802.727 8.226e-17
5803.603 8.231e-17
5804.480 8.233e-17
5805.357 8.238e-17
5806.233 8.242e-17
5807.110 8.246e-17
5807.987 8.252e-17
5808.863 8.258e-17
5809.740 8.264e-17
5810.617 8.270e-17
5811.493 8.274e-17
5812.370 8.281e-17
5813.247 8.286e-17
5814.123 8.291e-17
5815.000 8.297e-17
5815.877 8.302e-17
5816.753 8.308e-17
5817.630 8.315e-17
5818.507 8.322e-17
5819.383 8.329e-17
5820.260 8.337e-17
5821.137 8.344e-17
5822.013 8.351e-17
5822.890 8.358e-17
5823.767 8.364e-17
5824.643 8.371e-17
5825.520 8.379e-17
5826.397 8.385e-17
5827.273 8.382e-17
5828.150 8.376e-17
5829.027 8.369e-17
5829.903 8.359e-17
5830.780 8.355e-17
5831.657 8.347e-17
5832.533 8.341e-17
5833.410 8.335e-17
5834.287 8.328e-17
5835.163 8.322e-17
5836.040 8.315e-17
5836.917 8.311e-17
5837.793 8.311e-17
5838.670 8.312e-17
5839.547 8.312e-17
5840.423 8.312e-17
5841.300 8.312e-17
5842.177 8.312e-17
5843.053 8.312e-17
5843.930 8.312e-17
5844.807 8.313e-17
5845.683 8.313e-17
5846.560 8.312e-17
5847.437 8.284e-17
5848.313 8.254e-17
5849.190 8.225e-17
5850.067 8.195e-17
5850.943 8.165e-17
5851.820 8.135e-17
5852.697 8.103e-17
5853.573 8.076e-17
5854.450 8.046e-17
5855.327 8.016e-17
5856.203 7.981e-17
5857.080 7.982e-17
5857.957 7.998e-17
5858.833 8.015e-17
5859.710 8.031e-17
5860.587 8.045e-17
5861.463 8.062e-17
5862.340 8.079e-17
5863.217 8.077e-17
5864.093 8.111e-17
5864.970 8.127e-17
5865.847 8.143e-17
5866.723 8.158e-17
5867.600 1.087e-16
5868.477 8.168e-17
5869.353 8.172e-17
5870.230 8.177e-17
5871.107 1.032e-16
5871.983 8.187e-17
5872.860 8.182e-17
5873.737 8.197e-17
5874.613 8.204e-17
5875.490 8.207e-17
5876.367 8.213e-17
5877.243 8.151e-17
5878.120 8.120e-17
5878.997 8.094e-17
5879.873 8.073e-17
5880.750 8.027e-17
5881.627 7.981e-17
5882.503 7.920e-17
5883.380 7.904e-17
5884.257 7.878e-17
5885.133 7.843e-17
5886.010 7.803e-17
5886.887 7.762e-17
5887.763 7.698e-17
5888.640 7.652e-17
5889.517 7.576e-17
5890.393 7.512e-17
5891.270 7.246e-17
5892.147 7.444e-17
5893.023 7.385e-17
5893.900 7.325e-17
5894.777 7.275e-17
5895.653 7.237e-17
5896.530 7.155e-17
5897.407 7.248e-17
5898.283 7.308e-17
5899.160 7.356e-17
5900.037 7.440e-17
5900.913 7.535e-17
5901.790 7.576e-17
5902.667 7.678e-17
5903.543 7.751e-17
5904.420 7.818e-17
5905.297 7.975e-17
5906.173 7.972e-17
5907.050 7.974e-17
5907.927 7.977e-17
5908.803 7.971e-17
5909.680 7.957e-17
5910.557 7.912e-17
5911.433 7.943e-17
5912.310 7.876e-17
5913.187 7.920e-17
5914.063 7.908e-17
5914.940 7.897e-17
5915.817 7.773e-17
5916.693 7.869e-17
5917.570 7.876e-17
5918.447 7.881e-17
5919.323 7.893e-17
5920.200 7.872e-17
5921.077 7.893e-17
5921.953 7.908e-17
5922.830 7.896e-17
5923.707 7.915e-17
5924.583 7.925e-17
5925.460 7.733e-17
5926.337 1.383e-16
5927.213 7.933e-17
5928.090 7.929e-17
5928.967 7.923e-17
5929.843 7.880e-17
5930.720 7.883e-17
5931.597 7.903e-17
5932.473 7.894e-17
5933.350 7.888e-17
5934.227 7.876e-17
5935.103 7.873e-17
5935.980 7.868e-17
5936.857 7.838e-17
5937.733 7.850e-17
5938.610 7.840e-17
5939.487 7.825e-17
5940.363 7.818e-17
5941.240 7.809e-17
5942.117 7.721e-17
5942.993 7.774e-17
5943.870 7.752e-17
5944.747 7.764e-17
5945.623 7.755e-17
5946.500 7.734e-17
5947.377 7.707e-17
5948.253 7.729e-17
5949.130 7.736e-17
5950.007 7.745e-17
5950.883 7.638e-17
5951.760 7.729e-17
5952.637 7.715e-17
5953.513 7.750e-17
5954.390 7.749e-17
5955.267 7.752e-17
5956.143 7.753e-17
5957.020 7.756e-17
5957.897 7.754e-17
5958.773 7.762e-17
5959.650 7.754e-17
5960.527 7.769e-17
5961.403 7.782e-17
5962.280 7.791e-17
5963.157 7.785e-17
5964.033 7.790e-17
5964.910 7.809e-17
5965.787 7.816e-17
5966.663 7.809e-17
5967.540 7.801e-17
5968.417 7.780e-17
5969.293 7.748e-17
5970.170 7.768e-17
5971.047 7.762e-17
5971.923 1.409e-16
5972.800 7.736e-17
5973.677 7.730e-17
5974.553 7.719e-17
5975.430 7.708e-17
5976.307 7.696e-17
5977.183 7.685e-17
5978.060 7.670e-17
5978.937 7.657e-17
5979.813 7.644e-17
5980.690 7.637e-17
5981.567 7.633e-17
5982.443 7.618e-17
5983.320 7.602e-17
5984.197 7.602e-17
5985.073 7.590e-17
5985.950 7.567e-17
5986.827 7.538e-17
5987.703 7.576e-17
5988.580 7.574e-17
5989.457 7.584e-17
5990.333 7.581e-17
5991.210 7.589e-17
5992.087 7.588e-17
5992.963 7.599e-17
5993.840 7.601e-17
5994.717 7.588e-17
5995.593 7.597e-17
5996.470 7.614e-17
5997.347 7.607e-17
5998.223 7.592e-17
5999.100 7.572e-17
5999.977 7.566e-17
6000.853 7.557e-17
6001.730 7.542e-17
6002.607 7.534e-17
6003.483 7.523e-17
6004.360 7.501e-17
6005.237 7.500e-17
6006.113 7.488e-17
6006.990 7.481e-17
6007.867 7.481e-17
6008.743 7.479e-17
6009.620 7.482e-17
6010.497 7.483e-17
6011.373 7.483e-17
6012.250 7.484e-17
6013.127 7.481e-17
6014.003 7.485e-17
6014.880 7.485e-17
6015.757 7.486e-17
6016.633 7.484e-17
6017.510 7.445e-17
6018.387 7.462e-17
6019.263 7.450e-17
6020.140 7.437e-17
6021.017 7.425e-17
6021.893 7.413e-17
6022.770 7.400e-17
6023.647 7.388e-17
6024.523 7.375e-17
6025.400 7.363e-17
6026.277 7.351e-17
6027.153 7.357e-17
6028.030 7.376e-17
6028.907 7.404e-17
6029.783 7.426e-17
6030.660 7.450e-17
6031.537 7.474e-17
6032.413 7.498e-17
6033.290 7.521e-17
6034.167 7.544e-17
6035.043 7.568e-17
6035.920 8.468e-17
6036.797 7.612e-17
6037.673 7.606e-17
6038.550 7.602e-17
6039.427 7.597e-17
6040.303 7.593e-17
6041.180 7.588e-17
6042.057 7.583e-17
6042.933 7.578e-17
6043.810 7.574e-17
6044.687 7.568e-17
6045.563 7.564e-17
6046.440 7.559e-17
6047.317 7.554e-17
6048.193 7.548e-17
6049.070 7.543e-17
6049.947 7.537e-17
6050.823 7.532e-17
6051.700 7.526e-17
6052.577 7.521e-17
6053.453 7.516e-17
6054.330 7.510e-17
6055.207 7.505e-17
6056.083 7.500e-17
6056.960 7.495e-17
6057.837 7.493e-17
6058.713 7.490e-17
6059.590 7.488e-17
6060.467 7.486e-17
6061.343 7.484e-17
6062.220 7.482e-17
6063.097 7.480e-17
6063.973 7.478e-17
6064.850 7.476e-17
6065.727 7.473e-17
6066.603 7.471e-17
6067.480 7.469e-17
6068.357 7.468e-17
6069.233 7.467e-17
6070.110 7.465e-17
6070.987 7.464e-17
6071.863 7.463e-17
6072.740 7.461e-17
6073.617 7.460e-17
6074.493 7.458e-17
6075.370 7.457e-17
6076.247 7.456e-17
6077.123 7.452e-17
6078.000 7.446e-17
6078.877 7.440e-17
6079.753 7.434e-17
6080.630 7.428e-17
6081.507 7.422e-17
6082.383 7.416e-17
6083.260 7.409e-17
6084.137 7.403e-17
6085.013 7.397e-17
6085.890 7.391e-17
6086.767 7.386e-17
6087.643 7.385e-17
6088.520 7.385e-17
6089.397 7.384e-17
6090.273 7.384e-17
6091.150 7.383e-17
6092.027 7.383e-17
6092.903 7.382e-17
6093.780 7.382e-17
6094.657 7.382e-17
6095.533 7.381e-17
6096.410 7.381e-17
6097.287 7.370e-17
6098.163 7.355e-17
6099.040 7.340e-17
6099.917 7.325e-17
6100.793 7.309e-17
6101.670 7.294e-17
6102.547 7.279e-17
6103.423 7.264e-17
6104.300 7.249e-17
6105.177 7.234e-17
6106.053 7.218e-17
6106.930 7.211e-17
6107.807 7.225e-17
6108.683 7.239e-17
6109.560 7.254e-17
6110.437 7.268e-17
6111.313 7.282e-17
6112.190 7.296e-17
6113.067 7.311e-17
6113.943 7.325e-17
6114.820 7.339e-17
6115.697 7.353e-17
6116.573 7.367e-17
6117.450 7.356e-17
6118.327 7.341e-17
6119.203 7.326e-17
6120.080 7.310e-17
6120.957 7.295e-17
6121.833 7.280e-17
6122.710 7.265e-17
6123.587 7.250e-17
6124.463 7.234e-17
6125.340 7.219e-17
6126.217 7.204e-17
6127.093 7.191e-17
6127.970 7.183e-17
6128.847 7.174e-17
6129.723 7.165e-17
6130.600 7.157e-17
6131.477 7.148e-17
6132.353 7.139e-17
6133.230 7.131e-17
6134.107 7.122e-17
6134.983 7.113e-17
6135.860 7.105e-17
6136.737 7.097e-17
6137.613 7.106e-17
6138.490 8.393e-17
6139.367 7.126e-17
6140.243 7.135e-17
6141.120 9.881e-17
6141.997 7.154e-17
6142.873 7.164e-17
6143.750 7.173e-17
6144.627 7.182e-17
6145.503 7.192e-17
6146.380 7.201e-17
6147.257 7.204e-17
6148.133 7.203e-17
6149.010 7.202e-17
6149.887 7.201e-17
6150.763 7.200e-17
6151.640 7.199e-17
6152.517 7.198e-17
6153.393 7.197e-17
6154.270 7.196e-17
6155.147 7.195e-17
6156.023 7.194e-17
6156.900 7.185e-17
6157.777 7.151e-17
6158.653 7.110e-17
6159.530 7.073e-17
6160.407 7.035e-17
6161.283 6.998e-17
6162.160 6.961e-17
6163.037 6.923e-17
6163.913 6.886e-17
6164.790 6.849e-17
6165.667 6.811e-17
6166.543 6.774e-17
6167.420 6.795e-17
6168.297 6.828e-17
6169.173 6.861e-17
6170.050 6.894e-17
6170.927 6.927e-17
6171.803 6.960e-17
6172.680 6.993e-17
6173.557 7.026e-17
6174.433 7.059e-17
6175.310 7.092e-17
6176.187 7.125e-17
6177.063 7.146e-17
6177.940 8.968e-17
6178.817 7.155e-17
6179.693 7.160e-17
6180.570 7.165e-17
6181.447 7.169e-17
6182.323 7.174e-17
6183.200 7.179e-17
6184.077 7.183e-17
6184.953 7.188e-17
6185.830 7.193e-17
6186.707 7.197e-17
6187.583 7.190e-17
6188.460 7.183e-17
6189.337 7.176e-17
6190.213 7.169e-17
6191.090 7.162e-17
6191.967 7.154e-17
6192.843 7.147e-17
6193.720 7.140e-17
6194.597 9.645e-17
6195.473 7.126e-17
6196.350 7.118e-17
6197.227 7.120e-17
6198.103 7.128e-17
6198.980 7.136e-17
6199.857 7.144e-17
6200.733 7.152e-17
6201.610 7.160e-17
6202.487 7.168e-17
6203.363 7.176e-17
6204.240 7.184e-17
6205.117 7.192e-17
6205.993 7.200e-17
6206.870 7.203e-17
6207.747 7.186e-17
6208.623 7.170e-17
6209.500 7.153e-17
6210.377 7.136e-17
6211.253 7.120e-17
6212.130 7.103e-17
6213.007 7.087e-17
6213.883 7.070e-17
6214.760 1.024e-16
6215.637 7.037e-17
6216.513 7.020e-17
6217.390 7.022e-17
6218.267 7.028e-17
6219.143 7.035e-17
6220.020 7.041e-17
6220.897 7.048e-17
6221.773 7.054e-17
6222.650 7.060e-17
6223.527 1.848e-16
6224.403 7.073e-17
6225.280 7.080e-17
6226.157 7.086e-17
6227.033 7.083e-17
6227.910 7.066e-17
6228.787 7.048e-17
6229.663 7.030e-17
6230.540 7.012e-17
6231.417 6.995e-17
6232.293 6.977e-17
6233.170 6.959e-17
6234.047 6.942e-17
6234.923 6.924e-17
6235.800 6.907e-17
6236.677 6.889e-17
6237.553 6.884e-17
6238.430 6.879e-17
6239.307 6.874e-17
6240.183 6.869e-17
6241.060 6.864e-17
6241.937 1.439e-16
6242.813 6.854e-17
6243.690 6.849e-17
6244.567 6.844e-17
6245.443 1.786e-16
6246.320 6.834e-17
6247.197 6.826e-17
6248.073 6.815e-17
6248.950 6.806e-17
6249.827 6.797e-17
6250.703 6.787e-17
6251.580 6.778e-17
6252.457 6.768e-17
6253.333 6.758e-17
6254.210 6.749e-17
6255.087 6.739e-17
6255.963 6.729e-17
6256.840 6.725e-17
6257.717 6.745e-17
6258.593 6.826e-17
6259.470 6.787e-17
6260.347 6.806e-17
6261.223 6.828e-17
6262.100 6.849e-17
6262.977 6.869e-17
6263.853 6.890e-17
6264.730 6.911e-17
6265.607 6.932e-17
6266.483 6.952e-17
6267.360 6.956e-17
6268.237 6.955e-17
6269.113 6.953e-17
6269.990 8.126e-17
6270.867 6.950e-17
6271.743 6.949e-17
6272.620 6.948e-17
6273.497 6.946e-17
6274.373 6.937e-17
6275.250 6.943e-17
6276.127 6.942e-17
6277.003 6.910e-17
6277.880 6.939e-17
6278.757 6.894e-17
6279.633 6.887e-17
6280.510 6.883e-17
6281.387 6.925e-17
6282.263 6.889e-17
6283.140 6.922e-17
6284.017 6.925e-17
6284.893 6.927e-17
6285.770 6.923e-17
6286.647 6.920e-17
6287.523 6.845e-17
6288.400 6.910e-17
6289.277 6.897e-17
6290.153 6.894e-17
6291.030 6.835e-17
6291.907 6.451e-17
6292.783 6.869e-17
6293.660 6.856e-17
6294.537 6.832e-17
6295.413 6.846e-17
6296.290 6.832e-17
6297.167 6.822e-17
6298.043 7.234e-17
6298.920 6.794e-17
6299.797 6.798e-17
6300.673 6.784e-17
6301.550 6.779e-17
6302.427 6.770e-17
6303.303 6.760e-17
6304.180 6.747e-17
6305.057 6.741e-17
6305.933 6.732e-17
6306.810 6.722e-17
6307.687 6.692e-17
6308.563 6.699e-17
6309.440 6.693e-17
6310.317 7.533e-17
6311.193 6.659e-17
6312.070 6.667e-17
6312.947 6.670e-17
6313.823 6.671e-17
6314.700 6.667e-17
6315.577 6.672e-17
6316.453 6.672e-17
6317.330 6.675e-17
6318.207 6.672e-17
6319.083 6.669e-17
6319.960 6.678e-17
6320.837 6.678e-17
6321.713 6.642e-17
6322.590 6.681e-17
6323.467 6.683e-17
6324.343 6.680e-17
6325.220 6.684e-17
6326.097 6.682e-17
6326.973 6.687e-17
6327.850 6.687e-17
6328.727 6.690e-17
6329.603 6.691e-17
6330.480 6.687e-17
6331.357 6.633e-17
6332.233 6.694e-17
6333.110 6.694e-17
6333.987 6.692e-17
6334.863 6.692e-17
6335.740 6.694e-17
6336.617 6.694e-17
6337.493 6.694e-17
6338.370 6.694e-17
6339.247 6.693e-17
6340.123 6.694e-17
6341.000 6.695e-17
6341.877 6.682e-17
6342.753 6.694e-17
6343.630 6.695e-17
6344.507 6.695e-17
6345.383 6.696e-17
6346.260 6.696e-17
6347.137 6.696e-17
6348.013 6.696e-17
6348.890 6.691e-17
6349.767 6.696e-17
6350.643 6.696e-17
6351.520 6.696e-17
6352.397 6.687e-17
6353.273 6.689e-17
6354.150 6.692e-17
6355.027 6.692e-17
6355.903 6.691e-17
6356.780 6.690e-17
6357.657 6.689e-17
6358.533 6.688e-17
6359.410 6.687e-17
6360.287 6.685e-17
6361.163 6.677e-17
6362.040 6.684e-17
6362.917 6.674e-17
6363.793 6.681e-17
6364.670 6.680e-17
6365.547 2.831e-15
6366.423 6.678e-17
6367.300 6.677e-17
6368.177 6.676e-17
6369.053 6.675e-17
6369.930 6.673e-17
6370.807 6.671e-17
6371.683 6.671e-17
6372.560 6.670e-17
6373.437 6.666e-17
6374.313 6.667e-17
6375.190 6.664e-17
6376.067 6.665e-17
6376.943 6.661e-17
6377.820 6.662e-17
6378.697 6.661e-17
6379.573 6.660e-17
6380.450 6.658e-17
6381.327 6.657e-17
6382.203 6.656e-17
6383.080 6.653e-17
6383.957 6.652e-17
6384.833 6.651e-17
6385.710 6.650e-17
6386.587 6.648e-17
6387.463 6.647e-17
6388.340 8.587e-17
6389.217 6.643e-17
6390.093 6.642e-17
6390.970 6.641e-17
6391.847 6.640e-17
6392.723 6.632e-17
6393.600 6.626e-17
6394.477 6.618e-17
6395.353 6.611e-17
6396.230 6.601e-17
6397.107 6.597e-17
6397.983 6.590e-17
6398.860 6.583e-17
6399.737 6.576e-17
6400.613 6.567e-17
6401.490 6.562e-17
6402.367 6.553e-17
6403.243 6.547e-17
6404.120 6.540e-17
6404.997 6.532e-17
6405.873 6.524e-17
6406.750 6.518e-17
6407.627 6.511e-17
6408.503 6.503e-17
6409.380 6.496e-17
6410.257 6.489e-17
6411.133 6.482e-17
6412.010 6.477e-17
6412.887 6.476e-17
6413.763 6.477e-17
6414.640 6.476e-17
6415.517 9.656e-17
6416.393 6.477e-17
6417.270 6.478e-17
6418.147 6.476e-17
6419.023 6.478e-17
6419.900 6.477e-17
6420.777 6.478e-17
6421.653 6.477e-17
6422.530 6.477e-17
6423.407 6.479e-17
6424.283 6.479e-17
6425.160 6.478e-17
6426.037 6.479e-17
6426.913 6.479e-17
6427.790 6.479e-17
6428.667 6.479e-17
6429.543 6.480e-17
6430.420 6.480e-17
6431.297 6.477e-17
6432.173 6.477e-17
6433.050 6.479e-17
6433.927 6.480e-17
6434.803 6.471e-17
6435.680 6.479e-17
6436.557 6.479e-17
6437.433 6.480e-17
6438.310 6.480e-17
6439.187 6.480e-17
6440.063 6.479e-17
6440.940 6.479e-17
6441.817 6.478e-17
6442.693 6.479e-17
6443.570 6.479e-17
6444.447 6.479e-17
6445.323 6.469e-17
6446.200 6.475e-17
6447.077 6.474e-17
6447.953 6.478e-17
6448.830 6.476e-17
6449.707 6.444e-17
6450.583 6.478e-17
6451.460 6.474e-17
6452.337 6.474e-17
6453.213 6.462e-17
6454.090 6.464e-17
6454.967 6.453e-17
6455.843 6.441e-17
6456.720 6.448e-17
6457.597 6.444e-17
6458.473 6.438e-17
6459.350 6.432e-17
6460.227 6.427e-17
6461.103 6.422e-17
6461.980 6.398e-17
6462.857 6.412e-17
6463.733 6.389e-17
6464.610 6.402e-17
6465.487 6.390e-17
6466.363 6.387e-17
6467.240 6.382e-17
6468.117 6.356e-17
6468.993 6.376e-17
6469.870 6.367e-17
6470.747 6.365e-17
6471.623 6.355e-17
6472.500 6.353e-17
6473.377 6.344e-17
6474.253 6.188e-17
6475.130 6.320e-17
6476.007 6.315e-17
6476.883 6.171e-17
6477.760 6.281e-17
6478.637 6.289e-17
6479.513 6.281e-17
6480.390 6.275e-17
6481.267 6.213e-17
6482.143 6.253e-17
6483.020 6.248e-17
6483.897 6.240e-17
6484.773 6.227e-17
6485.650 6.145e-17
6486.527 6.192e-17
6487.403 6.178e-17
6488.280 6.193e-17
6489.157 6.167e-17
6490.033 6.177e-17
6490.910 6.073e-17
6491.787 6.162e-17
6492.663 6.081e-17
6493.540 6.175e-17
6494.417 6.178e-17
6495.293 6.187e-17
6496.170 6.237e-17
6497.047 6.201e-17
6497.923 6.203e-17
6498.800 6.215e-17
6499.677 6.221e-17
6500.553 4.447e-16
6501.430 6.236e-17
6502.307 6.244e-17
6503.183 6.247e-17
6504.060 6.258e-17
6504.937 6.265e-17
6505.813 6.270e-17
6506.690 6.280e-17
6507.567 6.287e-17
6508.443 6.294e-17
6509.320 6.299e-17
6510.197 6.304e-17
6511.073 6.315e-17
6511.950 6.322e-17
6512.827 6.320e-17
6513.703 6.301e-17
6514.580 6.316e-17
6515.457 6.294e-17
6516.333 6.301e-17
6517.210 6.309e-17
6518.087 6.299e-17
6518.963 6.257e-17
6519.840 6.223e-17
6520.717 6.300e-17
6521.593 6.300e-17
6522.470 6.297e-17
6523.347 6.298e-17
6524.223 2.248e-16
6525.100 6.261e-17
6525.977 6.290e-17
6526.853 6.291e-17
6527.730 6.287e-17
6528.607 6.288e-17
6529.483 6.282e-17
6530.360 6.284e-17
6531.237 6.282e-17
6532.113 6.276e-17
6532.990 6.265e-17
6533.867 6.250e-17
6534.743 6.358e-17
6535.620 6.225e-17
6536.497 6.200e-17
6537.373 6.207e-17
6538.250 6.194e-17
6539.127 6.182e-17
6540.003 6.170e-17
6540.880 6.160e-17
6541.757 6.149e-17
6542.633 6.420e-17
6543.510 6.125e-17
6544.387 6.112e-17
6545.263 6.100e-17
6546.140 6.088e-17
6547.017 6.079e-17
6547.893 7.586e-17
6548.770 6.054e-17
6549.647 6.035e-17
6550.523 5.984e-17
6551.400 6.021e-17
6552.277 6.003e-17
6553.153 5.978e-17
6554.030 5.951e-17
6554.907 5.927e-17
6555.783 5.900e-17
6556.660 5.877e-17
6557.537 5.853e-17
6558.413 5.829e-17
6559.290 5.803e-17
6560.167 5.778e-17
6561.043 5.755e-17
6561.920 5.730e-17
6562.797 5.700e-17
6563.673 5.679e-17
6564.550 1.365e-16
6565.427 5.620e-17
6566.303 5.604e-17
6567.180 5.581e-17
6568.057 5.557e-17
6568.933 5.532e-17
6569.810 5.507e-17
6570.687 5.613e-17
6571.563 5.458e-17
6572.440 5.459e-17
6573.317 5.493e-17
6574.193 5.521e-17
6575.070 5.549e-17
6575.947 5.575e-17
6576.823 5.585e-17
6577.700 5.628e-17
6578.577 5.654e-17
6579.453 5.681e-17
6580.330 5.707e-17
6581.207 5.733e-17
6582.083 5.757e-17
6582.960 5.785e-17
6583.837 5.810e-17
6584.713 5.837e-17
6585.590 6.266e-17
6586.467 5.889e-17
6587.343 5.915e-17
6588.220 5.932e-17
6589.097 5.968e-17
6589.973 5.994e-17
6590.850 6.020e-17
6591.727 6.047e-17
6592.603 6.051e-17
6593.480 6.053e-17
6594.357 6.057e-17
6595.233 6.053e-17
6596.110 6.052e-17
6596.987 6.066e-17
6597.863 6.068e-17
6598.740 6.070e-17
6599.617 6.074e-17
6600.493 6.076e-17
6601.370 6.078e-17
6602.247 6.079e-17
6603.123 6.086e-17
6604.000 6.066e-17
6604.877 6.092e-17
6605.753 6.096e-17
6606.630 6.095e-17
6607.507 6.099e-17
6608.383 6.103e-17
6609.260 6.106e-17
6610.137 6.109e-17
6611.013 6.112e-17
6611.890 6.111e-17
6612.767 6.110e-17
6613.643 6.100e-17
6614.520 6.103e-17
6615.397 6.101e-17
6616.273 6.097e-17
6617.150 6.094e-17
6618.027 6.090e-17
6618.903 6.087e-17
6619.780 6.084e-17
6620.657 6.078e-17
6621.533 6.076e-17
6622.410 6.074e-17
6623.287 6.070e-17
6624.163 6.067e-17
6625.040 6.064e-17
6625.917 6.061e-17
6626.793 6.057e-17
6627.670 6.054e-17
6628.547 6.051e-17
6629.423 9.626e-17
6630.300 6.044e-17
6631.177 6.041e-17
6632.053 6.038e-17
6632.930 6.037e-17
6633.807 6.038e-17
6634.683 6.038e-17
6635.560 6.038e-17
6636.437 6.039e-17
6637.313 6.039e-17
6638.190 6.039e-17
6639.067 6.039e-17
6639.943 6.039e-17
6640.820 6.039e-17
6641.697 6.039e-17
6642.573 6.039e-17
6643.450 6.039e-17
6644.327 6.039e-17
6645.203 6.039e-17
6646.080 6.039e-17
6646.957 6.039e-17
6647.833 6.039e-17
6648.710 6.039e-17
6649.587 6.040e-17
6650.463 6.039e-17
6651.340 6.039e-17
6652.217 6.036e-17
6653.093 6.030e-17
6653.970 6.024e-17
6654.847 6.017e-17
6655.723 6.011e-17
6656.600 6.005e-17
6657.477 5.999e-17
6658.353 5.993e-17
6659.230 5.987e-17
6660.107 5.981e-17
6660.983 5.975e-17
6661.860 5.969e-17
6662.737 5.963e-17
6663.613 6.085e-17
6664.490 5.951e-17
6665.367 5.945e-17
6666.243 5.939e-17
6667.120 5.933e-17
6667.997 5.927e-17
6668.873 5.921e-17
6669.750 6.315e-17
6670.627 5.909e-17
6671.503 5.903e-17
6672.380 5.901e-17
6673.257 5.900e-17
6674.133 5.899e-17
6675.010 5.900e-17
6675.887 5.900e-17
6676.763 5.899e-17
6677.640 5.899e-17
6678.517 5.899e-17
6679.393 5.898e-17
6680.270 5.898e-17
6681.147 5.898e-17
6682.023 5.898e-17
6682.900 5.897e-17
6683.777 5.897e-17
6684.653 5.897e-17
6685.530 5.892e-17
6686.407 5.896e-17
6687.283 5.896e-17
6688.160 5.896e-17
6689.037 5.895e-17
6689.913 5.895e-17
6690.790 5.895e-17
6691.667 5.895e-17
6692.543 5.889e-17
6693.420 5.882e-17
6694.297 5.875e-17
6695.173 5.869e-17
6696.050 5.862e-17
6696.927 5.855e-17
6697.803 5.848e-17
6698.680 5.842e-17
6699.557 5.835e-17
6700.433 5.828e-17
6701.310 5.821e-17
6702.187 5.815e-17
6703.063 5.808e-17
6703.940 5.801e-17
6704.817 5.794e-17
6705.693 5.788e-17
6706.570 6.353e-17
6707.447 5.774e-17
6708.323 5.768e-17
6709.200 5.761e-17
6710.077 5.754e-17
6710.953 5.747e-17
6711.830 5.741e-17
6712.707 5.739e-17
6713.583 5.738e-17
6714.460 5.737e-17
6715.337 5.735e-17
6716.213 5.734e-17
6717.090 5.733e-17
6717.967 5.732e-17
6718.843 5.814e-17
6719.720 5.729e-17
6720.597 5.728e-17
6721.473 5.727e-17
6722.350 5.726e-17
6723.227 5.724e-17
6724.103 5.723e-17
6724.980 5.722e-17
6725.857 5.721e-17
6726.733 5.720e-17
6727.610 5.718e-17
6728.487 5.717e-17
6729.363 5.716e-17
6730.240 5.715e-17
6731.117 5.714e-17
6731.993 6.071e-17
6732.870 5.708e-17
6733.747 5.704e-17
6734.623 5.701e-17
6735.500 5.697e-17
6736.377 5.693e-17
6737.253 5.690e-17
6738.130 5.686e-17
6739.007 5.682e-17
6739.883 5.678e-17
6740.760 5.675e-17
6741.637 5.671e-17
6742.513 5.667e-17
6743.390 5.663e-17
6744.267 5.660e-17
6745.143 5.656e-17
6746.020 5.704e-17
6746.897 5.649e-17
6747.773 5.645e-17
6748.650 5.641e-17
6749.527 5.637e-17
6750.403 5.634e-17
6751.280 5.630e-17
6752.157 5.627e-17
6753.033 5.625e-17
6753.910 5.623e-17
6754.787 5.620e-17
6755.663 5.618e-17
6756.540 5.616e-17
6757.417 5.614e-17
6758.293 5.611e-17
6759.170 5.609e-17
6760.047 5.607e-17
6760.923 5.605e-17
6761.800 5.603e-17
6762.677 5.600e-17
6763.553 5.598e-17
6764.430 5.596e-17
6765.307 5.594e-17
6766.183 5.592e-17
6767.060 5.589e-17
6767.937 5.587e-17
6768.813 5.585e-17
6769.690 5.583e-17
6770.567 5.581e-17
6771.443 5.578e-17
6772.320 5.576e-17
6773.197 5.572e-17
6774.073 5.569e-17
6774.950 5.565e-17
6775.827 5.562e-17
6776.703 5.558e-17
6777.580 5.555e-17
6778.457 5.551e-17
6779.333 5.548e-17
6780.210 5.545e-17
6781.087 5.541e-17
6781.963 5.538e-17
6782.840 5.534e-17
6783.717 5.531e-17
6784.593 5.527e-17
6785.470 5.524e-17
6786.347 5.521e-17
6787.223 5.517e-17
6788.100 5.514e-17
6788.977 5.510e-17
6789.853 5.507e-17
6790.730 5.503e-17
6791.607 5.500e-17
6792.483 5.497e-17
6793.360 5.494e-17
6794.237 5.491e-17
6795.113 5.488e-17
6795.990 5.486e-17
6796.867 5.483e-17
6797.743 5.480e-17
6798.620 5.476e-17
6799.497 5.474e-17
6800.373 5.471e-17
6801.250 5.469e-17
6802.127 5.466e-17
6803.003 5.463e-17
6803.880 5.460e-17
6804.757 5.457e-17
6805.633 5.453e-17
6806.510 5.451e-17
6807.387 5.449e-17
6808.263 5.446e-17
6809.140 5.443e-17
6810.017 5.440e-17
6810.893 5.438e-17
6811.770 5.435e-17
6812.647 5.431e-17
6813.523 5.427e-17
6814.400 5.423e-17
6815.277 5.419e-17
6816.153 5.415e-17
6817.030 5.412e-17
6817.907 5.408e-17
6818.783 5.401e-17
6819.660 5.400e-17
6820.537 5.396e-17
6821.413 5.392e-17
6822.290 5.388e-17
6823.167 5.384e-17
6824.043 5.381e-17
6824.920 5.375e-17
6825.797 5.373e-17
6826.673 5.369e-17
6827.550 5.365e-17
6828.427 5.361e-17
6829.303 6.890e-17
6830.180 5.353e-17
6831.057 5.348e-17
6831.933 5.346e-17
6832.810 5.340e-17
6833.687 5.335e-17
6834.563 1.233e-16
6835.440 5.323e-17
6836.317 4.503e-16
6837.193 5.313e-17
6838.070 5.307e-17
6838.947 5.302e-17
6839.823 5.296e-17
6840.700 5.291e-17
6841.577 6.240e-17
6842.453 5.280e-17
6843.330 5.274e-17
6844.207 5.266e-17
6845.083 5.264e-17
6845.960 5.258e-17
6846.837 5.253e-17
6847.713 5.247e-17
6848.590 5.242e-17
6849.467 5.236e-17
6850.343 5.231e-17
6851.220 5.226e-17
6852.097 5.221e-17
6852.973 5.221e-17
6853.850 5.221e-17
6854.727 5.221e-17
6855.603 5.221e-17
6856.480 5.221e-17
6857.357 5.221e-17
6858.233 5.221e-17
6859.110 5.221e-17
6859.987 5.220e-17
6860.863 5.221e-17
6861.740 5.220e-17
6862.617 5.219e-17
6863.493 5.219e-17
6864.370 5.219e-17
6865.247 5.219e-17
6866.123 5.214e-17
6867.000 5.700e-17
6867.877 5.209e-17
6868.753 5.179e-17
6869.630 4.952e-17
6870.507 3.067e-17
6871.383 4.913e-17
6872.260 5.010e-17
6873.137 9.088e-18
6874.013 3.995e-17
6874.890 4.194e-17
6875.767 2.479e-17
6876.643 3.030e-17
6877.520 1.212e-17
6878.397 4.793e-17
6879.273 4.965e-17
6880.150 5.457e-17
6881.027 3.409e-17
6881.903 3.892e-17
6882.780 5.442e-17
6883.657 5.171e-17
6884.533 5.865e-17
6885.410 5.103e-17
6886.287 5.153e-17
6887.163 5.095e-17
6888.040 5.032e-17
6888.917 4.866e-17
6889.793 5.124e-17
6890.670 4.603e-17
6891.547 4.779e-17
6892.423 5.092e-17
6893.300 5.116e-17
6894.177 2.988e-17
6895.053 4.212e-17
6895.930 5.090e-17
6896.807 5.059e-17
6897.683 4.838e-17
6898.560 4.832e-17
6899.437 5.038e-17
6900.313 5.103e-17
6901.190 5.079e-17
6902.067 4.766e-17
6902.943 4.517e-17
6903.820 5.086e-17
6904.697 5.091e-17
6905.573 5.048e-17
6906.450 4.942e-17
6907.327 5.010e-17
6908.203 5.079e-17
6909.080 5.077e-17
6909.957 5.055e-17
6910.833 5.017e-17
6911.710 5.023e-17
6912.587 5.050e-17
6913.463 5.040e-17
6914.340 5.064e-17
6915.217 4.567e-17
6916.093 4.262e-17
6916.970 5.061e-17
6917.847 5.060e-17
6918.723 5.058e-17
6919.600 5.045e-17
6920.477 5.037e-17
6921.353 5.036e-17
6922.230 5.047e-17
6923.107 5.048e-17
6923.983 5.044e-17
6924.860 5.029e-17
6925.737 5.018e-17
6926.613 5.068e-17
6927.490 5.022e-17
6928.367 5.031e-17
6929.243 5.576e-17
6930.120 5.033e-17
6930.997 4.895e-17
6931.873 4.945e-17
6932.750 5.013e-17
6933.627 4.968e-17
6934.503 5.021e-17
6935.380 4.916e-17
6936.257 4.908e-17
6937.133 4.449e-17
6938.010 4.992e-17
6938.887 4.987e-17
6939.763 4.967e-17
6940.640 4.996e-17
6941.517 1.306e-16
6942.393 4.950e-17
6943.270 4.942e-17
6944.147 4.783e-17
6945.023 4.979e-17
6945.900 4.950e-17
6946.777 4.973e-17
6947.653 4.971e-17
6948.530 4.798e-17
6949.407 4.329e-17
6950.283 4.959e-17
6951.160 2.303e-16
6952.037 4.953e-17
6952.913 4.944e-17
6953.790 4.944e-17
6954.667 4.941e-17
6955.543 4.754e-17
6956.420 4.965e-17
6957.297 4.920e-17
6958.173 5.247e-17
6959.050 4.915e-17
6959.927 4.910e-17
6960.803 4.904e-17
6961.680 4.885e-17
6962.557 4.870e-17
6963.433 4.879e-17
6964.310 4.892e-17
6965.187 4.888e-17
6966.063 4.882e-17
6966.940 4.849e-17
6967.817 4.875e-17
6968.693 4.865e-17
6969.570 4.854e-17
6970.447 4.861e-17
6971.323 4.857e-17
6972.200 4.852e-17
6973.077 4.835e-17
6973.953 4.856e-17
6974.830 4.853e-17
6975.707 4.852e-17
6976.583 4.848e-17
6977.460 4.852e-17
6978.337 4.851e-17
6979.213 4.842e-17
6980.090 4.850e-17
6980.967 4.848e-17
6981.843 4.850e-17
6982.720 4.849e-17
6983.597 4.843e-17
6984.473 5.060e-17
6985.350 5.224e-17
6986.227 4.847e-17
6987.103 4.845e-17
6987.980 4.843e-17
6988.857 4.840e-17
6989.733 4.785e-17
6990.610 4.836e-17
6991.487 4.843e-17
6992.363 4.726e-17
6993.240 4.833e-17
6994.117 4.827e-17
6994.993 4.816e-17
6995.870 4.790e-17
6996.747 4.803e-17
6997.623 4.799e-17
6998.500 5.261e-17
6999.377 4.785e-17
7000.253 4.771e-17
7001.130 4.744e-17
7002.007 4.765e-17
7002.883 5.445e-17
7003.760 4.760e-17
7004.637 4.738e-17
7005.513 4.738e-17
7006.390 4.675e-17
7007.267 4.940e-17
7008.143 4.674e-17
7009.020 4.707e-17
7009.897 4.704e-17
7010.773 4.698e-17
7011.650 4.683e-17
7012.527 4.677e-17
7013.403 4.669e-17
7014.280 4.682e-17
7015.157 4.685e-17
7016.033 4.680e-17
7016.910 4.648e-17
7017.787 4.629e-17
7018.663 4.669e-17
7019.540 4.679e-17
7020.417 4.681e-17
7021.293 4.596e-17
7022.170 4.663e-17
7023.047 4.677e-17
7023.923 4.677e-17
7024.800 4.673e-17
7025.677 4.663e-17
7026.553 4.671e-17
7027.430 4.673e-17
7028.307 4.605e-17
7029.183 4.651e-17
7030.060 4.661e-17
7030.937 4.646e-17
7031.813 4.668e-17
7032.690 4.664e-17
7033.567 4.673e-17
7034.443 4.676e-17
7035.320 4.679e-17
7036.197 4.680e-17
7037.073 4.684e-17
7037.950 4.680e-17
7038.827 4.688e-17
7039.703 4.684e-17
7040.580 4.689e-17
7041.457 4.686e-17
7042.333 4.700e-17
7043.210 9.237e-17
7044.087 4.707e-17
7044.963 4.711e-17
7045.840 4.713e-17
7046.717 4.711e-17
7047.593 4.720e-17
7048.470 4.720e-17
7049.347 4.697e-17
7050.223 4.716e-17
7051.100 6.099e-17
7051.977 4.734e-17
7052.853 4.596e-17
7053.730 4.719e-17
7054.607 4.680e-17
7055.483 4.713e-17
7056.360 5.165e-17
7057.237 4.717e-17
7058.113 4.711e-17
7058.990 4.591e-17
7059.867 4.708e-17
7060.743 4.701e-17
7061.620 4.692e-17
7062.497 4.665e-17
7063.373 4.681e-17
7064.250 5.298e-17
7065.127 4.691e-17
7066.003 4.685e-17
7066.880 4.682e-17
7067.757 4.675e-17
7068.633 4.679e-17
7069.510 5.702e-17
7070.387 4.675e-17
7071.263 4.673e-17
7072.140 4.671e-17
7073.017 4.668e-17
7073.893 4.641e-17
7074.770 4.662e-17
7075.647 4.650e-17
7076.523 4.655e-17
7077.400 4.650e-17
7078.277 4.650e-17
7079.153 4.644e-17
7080.030 4.634e-17
7080.907 4.632e-17
7081.783 4.629e-17
7082.660 4.635e-17
7083.537 4.633e-17
7084.413 4.667e-17
7085.290 4.628e-17
7086.167 4.624e-17
7087.043 4.619e-17
7087.920 4.613e-17
7088.797 5.302e-17
7089.673 5.388e-17
7090.550 4.599e-17
7091.427 4.605e-17
7092.303 5.402e-17
7093.180 4.582e-17
7094.057 4.604e-17
7094.933 4.599e-17
7095.810 4.601e-17
7096.687 4.601e-17
7097.563 4.585e-17
7098.440 4.597e-17
7099.317 4.594e-17
7100.193 4.599e-17
7101.070 4.597e-17
7101.947 4.594e-17
7102.823 4.595e-17
7103.700 4.595e-17
7104.577 4.596e-17
7105.453 4.596e-17
7106.330 4.591e-17
7107.207 4.588e-17
7108.083 4.557e-17
7108.960 4.588e-17
7109.837 4.593e-17
7110.713 4.592e-17
7111.590 4.590e-17
7112.467 4.587e-17
7113.343 4.579e-17
7114.220 4.585e-17
7115.097 4.582e-17
7115.973 4.574e-17
7116.850 4.579e-17
7117.727 4.568e-17
7118.603 4.574e-17
7119.480 4.572e-17
7120.357 4.536e-17
7121.233 4.560e-17
7122.110 4.564e-17
7122.987 4.562e-17
7123.863 4.559e-17
7124.740 4.541e-17
7125.617 4.555e-17
7126.493 4.553e-17
7127.370 4.547e-17
7128.247 4.548e-17
7129.123 4.545e-17
7130.000 4.532e-17
7130.877 4.538e-17
7131.753 4.537e-17
7132.630 4.536e-17
7133.507 4.533e-17
7134.383 4.533e-17
7135.260 4.779e-17
7136.137 4.502e-17
7137.013 4.524e-17
7137.890 4.526e-17
7138.767 4.524e-17
7139.643 4.518e-17
7140.520 4.521e-17
7141.397 4.517e-17
7142.273 4.469e-17
7143.150 4.957e-17
7144.027 4.504e-17
7144.903 4.462e-17
7145.780 4.511e-17
7146.657 5.494e-17
7147.533 4.536e-17
7148.410 4.500e-17
7149.287 4.501e-17
7150.163 4.501e-17
7151.040 4.501e-17
7151.917 4.578e-17
7152.793 4.472e-17
7153.670 4.489e-17
7154.547 4.486e-17
7155.423 4.485e-17
7156.300 4.487e-17
7157.177 4.480e-17
7158.053 4.480e-17
7158.930 4.477e-17
7159.807 4.473e-17
7160.683 4.402e-17
7161.560 4.468e-17
7162.437 4.466e-17
7163.313 4.467e-17
7164.190 4.453e-17
7165.067 4.456e-17
7165.943 4.444e-17
7166.820 4.428e-17
7167.697 4.395e-17
7168.573 4.429e-17
7169.450 4.380e-17
7170.327 4.437e-17
7171.203 4.599e-17
7172.080 4.144e-17
7172.957 4.378e-17
7173.833 4.397e-17
7174.710 3.555e-17
7175.587 5.612e-17
7176.463 4.412e-17
7177.340 4.379e-17
7178.217 4.252e-17
7179.093 3.688e-17
7179.970 4.387e-17
7180.847 4.385e-17
7181.723 4.388e-17
7182.600 4.389e-17
7183.477 3.150e-17
7184.353 4.349e-17
7185.230 4.375e-17
7186.107 4.587e-17
7186.983 4.301e-17
7187.860 4.324e-17
7188.737 4.307e-17
7189.613 4.253e-17
7190.490 4.346e-17
7191.367 4.429e-17
7192.243 4.342e-17
7193.120 4.293e-17
7193.997 4.258e-17
7194.873 4.332e-17
7195.750 3.143e-17
7196.627 4.332e-17
7197.503 4.334e-17
7198.380 4.328e-17
7199.257 3.960e-17
7200.133 4.310e-17
7201.010 4.330e-17
7201.887 4.602e-17
7202.763 4.623e-17
7203.640 4.281e-17
7204.517 4.316e-17
7205.393 4.332e-17
7206.270 2.363e-17
7207.147 4.330e-17
7208.023 4.293e-17
7208.900 4.318e-17
7209.777 4.319e-17
7210.653 4.340e-17
7211.530 3.579e-17
7212.407 4.312e-17
7213.283 4.261e-17
7214.160 4.325e-17
7215.037 4.347e-17
7215.913 4.338e-17
7216.790 4.346e-17
7217.667 4.344e-17
7218.543 3.677e-17
7219.420 4.350e-17
7220.297 4.343e-17
7221.173 4.349e-17
7222.050 4.350e-17
7222.927 4.359e-17
7223.803 4.363e-17
7224.680 4.361e-17
7225.557 4.121e-17
7226.433 4.363e-17
7227.310 4.370e-17
7228.187 4.370e-17
7229.063 4.362e-17
7229.940 4.344e-17
7230.817 4.451e-17
7231.693 4.375e-17
7232.570 4.358e-17
7233.447 4.374e-17
7234.323 4.177e-17
7235.200 5.794e-17
7236.077 4.346e-17
7236.953 4.225e-17
7237.830 4.348e-17
7238.707 4.366e-17
7239.583 4.373e-17
7240.460 4.372e-17
7241.337 4.367e-17
7242.213 6.795e-16
7243.090 4.312e-17
7243.967 1.085e-16
7244.843 4.368e-17
7245.720 2.340e-17
7246.597 4.868e-17
7247.473 4.292e-17
7248.350 4.365e-17
7249.227 3.975e-17
7250.103 4.368e-17
7250.980 4.129e-17
7251.857 4.361e-17
7252.733 4.920e-17
7253.610 4.355e-17
7254.487 3.859e-17
7255.363 4.200e-17
7256.240 4.351e-17
7257.117 4.362e-17
7257.993 4.331e-17
7258.870 4.345e-17
7259.747 4.303e-17
7260.623 4.257e-17
7261.500 4.326e-17
7262.377 4.338e-17
7263.253 4.526e-17
7264.130 4.243e-17
7265.007 4.069e-17
7265.883 4.338e-17
7266.760 4.237e-17
7267.637 2.742e-17
7268.513 4.423e-17
7269.390 4.354e-17
7270.267 4.322e-17
7271.143 7.761e-17
7272.020 4.275e-17
7272.897 4.319e-17
7273.773 4.330e-17
7274.650 4.278e-17
7275.527 4.307e-17
7276.403 4.313e-17
7277.280 4.146e-17
7278.157 4.280e-17
7279.033 4.785e-17
7279.910 4.251e-17
7280.787 4.146e-17
7281.663 4.114e-17
7282.540 4.264e-17
7283.417 4.277e-17
7284.293 3.859e-17
7285.170 4.196e-17
7286.047 4.272e-17
7286.923 4.676e-17
7287.800 4.419e-17
7288.677 4.258e-17
7289.553 4.165e-17
7290.430 4.234e-17
7291.307 4.246e-17
7292.183 4.169e-17
7293.060 5.608e-17
7293.937 4.223e-17
7294.813 4.199e-17
7295.690 4.239e-17
7296.567 4.233e-17
7297.443 4.232e-17
7298.320 4.138e-17
7299.197 4.242e-17
7300.073 4.218e-17
7300.950 4.247e-17
7301.827 4.054e-17
7302.703 4.205e-17
7303.580 4.246e-17
7304.457 4.223e-17
7305.333 4.068e-17
7306.210 3.146e-17
7307.087 4.233e-17
7307.963 4.216e-17
7308.840 4.249e-17
7309.717 4.246e-17
7310.593 4.212e-17
7311.470 3.809e-17
7312.347 4.186e-17
7313.223 4.181e-17
7314.100 4.243e-17
7314.977 4.152e-17
7315.853 4.242e-17
7316.730 4.232e-17
7317.607 4.072e-17
7318.483 4.232e-17
7319.360 3.855e-17
7320.237 4.156e-17
7321.113 4.226e-17
7321.990 4.231e-17
7322.867 4.031e-17
7323.743 4.227e-17
7324.620 4.226e-17
7325.497 4.223e-17
7326.373 4.218e-17
7327.250 4.221e-17
7328.127 4.219e-17
7329.003 4.182e-17
7329.880 4.213e-17
7330.757 4.213e-17
7331.633 4.210e-17
7332.510 4.207e-17
7333.387 4.207e-17
7334.263 4.986e-17
7335.140 4.077e-17
7336.017 4.197e-17
7336.893 4.198e-17
7337.770 4.159e-17
7338.647 4.197e-17
7339.523 4.195e-17
7340.400 4.194e-17
7341.277 4.184e-17
7342.153 4.168e-17
7343.030 9.392e-17
7343.907 4.180e-17
7344.783 4.185e-17
7345.660 4.177e-17
7346.537 4.640e-17
7347.413 4.178e-17
7348.290 4.175e-17
7349.167 4.174e-17
7350.043 4.094e-17
7350.920 4.169e-17
7351.797 4.163e-17
7352.673 6.886e-17
7353.550 4.168e-17
7354.427 4.166e-17
7355.303 4.178e-17
7356.180 4.162e-17
7357.057 4.163e-17
7357.933 4.161e-17
7358.810 4.158e-17
7359.687 4.159e-17
7360.563 4.158e-17
7361.440 4.157e-17
7362.317 4.298e-17
7363.193 4.145e-17
7364.070 4.122e-17
7364.947 4.150e-17
7365.823 3.998e-17
7366.700 4.622e-17
7367.577 4.442e-17
7368.453 4.150e-17
7369.330 4.150e-17
7370.207 4.145e-17
7371.083 4.122e-17
7371.960 4.137e-17
7372.837 4.110e-17
7373.713 4.132e-17
7374.590 4.133e-17
7375.467 4.206e-17
7376.343 4.122e-17
7377.220 4.121e-17
7378.097 4.115e-17
7378.973 4.111e-17
7379.850 4.147e-17
7380.727 4.102e-17
7381.603 4.098e-17
7382.480 4.077e-17
7383.357 4.084e-17
7384.233 4.074e-17
7385.110 4.061e-17
7385.987 4.068e-17
7386.863 4.070e-17
7387.740 4.067e-17
7388.617 4.063e-17
7389.493 4.057e-17
7390.370 4.328e-17
7391.247 4.047e-17
7392.123 4.716e-17
7393.000 4.039e-17
7393.877 4.032e-17
7394.753 4.176e-17
7395.630 4.029e-17
7396.507 4.029e-17
7397.383 4.107e-17
7398.260 4.010e-17
7399.137 3.948e-17
7400.013 4.014e-17
7400.890 4.013e-17
7401.767 4.009e-17
7402.643 4.005e-17
7403.520 3.997e-17
7404.397 3.999e-17
7405.273 3.996e-17
7406.150 3.991e-17
7407.027 3.990e-17
7407.903 3.987e-17
7408.780 3.983e-17
7409.657 3.979e-17
7410.533 3.977e-17
7411.410 3.973e-17
7412.287 3.961e-17
7413.163 3.972e-17
7414.040 4.545e-17
7414.917 3.981e-17
7415.793 5.596e-17
7416.670 3.958e-17
7417.547 3.975e-17
7418.423 3.974e-17
7419.300 3.994e-17
7420.177 3.997e-17
7421.053 4.000e-17
7421.930 4.003e-17
7422.807 4.005e-17
7423.683 4.007e-17
7424.560 4.011e-17
7425.437 4.014e-17
7426.313 4.017e-17
7427.190 4.016e-17
7428.067 4.019e-17
7428.943 4.025e-17
7429.820 4.026e-17
7430.697 4.030e-17
7431.573 4.033e-17
7432.450 4.034e-17
7433.327 4.029e-17
7434.203 4.031e-17
7435.080 4.029e-17
7435.957 4.028e-17
7436.833 4.025e-17
7437.710 4.024e-17
7438.587 4.023e-17
7439.463 4.021e-17
7440.340 2.737e-16
7441.217 4.221e-17
7442.093 4.016e-17
7442.970 4.013e-17
7443.847 4.013e-17
7444.723 4.011e-17
7445.600 4.010e-17
7446.477 4.008e-17
7447.353 4.006e-17
7448.230 4.005e-17
7449.107 4.474e-17
7449.983 4.001e-17
7450.860 4.000e-17
7451.737 3.998e-17
7452.613 3.997e-17
7453.490 3.992e-17
7454.367 3.997e-17
7455.243 3.996e-17
7456.120 3.995e-17
7456.997 3.995e-17
7457.873 3.994e-17
7458.750 3.994e-17
7459.627 3.994e-17
7460.503 3.988e-17
7461.380 3.993e-17
7462.257 3.991e-17
7463.133 3.992e-17
7464.010 3.992e-17
7464.887 3.991e-17
7465.763 4.007e-17
7466.640 3.990e-17
7467.517 3.990e-17
7468.393 3.990e-17
7469.270 3.989e-17
7470.147 3.988e-17
7471.023 3.987e-17
7471.900 4.544e-17
7472.777 9.446e-17
7473.653 1.585e-16
7474.530 3.980e-17
7475.407 3.978e-17
7476.283 3.976e-17
7477.160 3.973e-17
7478.037 3.970e-17
7478.913 3.967e-17
7479.790 3.965e-17
7480.667 3.963e-17
7481.543 3.960e-17
7482.420 3.958e-17
7483.297 3.955e-17
7484.173 3.953e-17
7485.050 3.950e-17
7485.927 3.948e-17
7486.803 3.945e-17
7487.680 3.943e-17
7488.557 3.940e-17
7489.433 3.938e-17
7490.310 5.855e-17
7491.187 3.933e-17
7492.063 3.930e-17
7492.940 3.928e-17
7493.817 3.926e-17
7494.693 3.925e-17
7495.570 3.923e-17
7496.447 3.921e-17
7497.323 3.919e-17
7498.200 3.917e-17
7499.077 3.915e-17
7499.953 3.913e-17
7500.830 3.912e-17
7501.707 4.007e-17
7502.583 3.909e-17
7503.460 3.907e-17
7504.337 4.619e-17
7505.213 3.903e-17
7506.090 3.902e-17
7506.967 3.901e-17
7507.843 3.899e-17
7508.720 3.898e-17
7509.597 3.896e-17
7510.473 3.894e-17
7511.350 3.893e-17
7512.227 3.891e-17
7513.103 3.890e-17
7513.980 3.889e-17
7514.857 3.888e-17
7515.733 3.887e-17
7516.610 3.886e-17
7517.487 3.884e-17
7518.363 3.885e-17
7519.240 6.338e-17
7520.117 3.883e-17
7520.993 3.882e-17
7521.870 3.881e-17
7522.747 3.880e-17
7523.623 3.879e-17
7524.500 3.878e-17
7525.377 3.877e-17
7526.253 3.876e-17
7527.130 3.875e-17
7528.007 3.874e-17
7528.883 3.873e-17
7529.760 3.872e-17
7530.637 3.871e-17
7531.513 3.870e-17
7532.390 3.869e-17
7533.267 3.868e-17
7534.143 3.867e-17
7535.020 3.866e-17
7535.897 3.865e-17
7536.773 3.864e-17
7537.650 3.863e-17
7538.527 3.861e-17
7539.403 3.860e-17
7540.280 3.859e-17
7541.157 3.858e-17
7542.033 3.857e-17
7542.910 3.856e-17
7543.787 3.855e-17
7544.663 3.854e-17
7545.540 3.853e-17
7546.417 3.852e-17
7547.293 3.850e-17
7548.170 3.849e-17
7549.047 3.917e-17
7549.923 3.847e-17
7550.800 3.846e-17
7551.677 3.845e-17
7552.553 3.844e-17
7553.430 3.842e-17
7554.307 3.841e-17
7555.183 3.839e-17
7556.060 3.838e-17
7556.937 3.836e-17
7557.813 3.835e-17
7558.690 3.833e-17
7559.567 3.498e-16
7560.443 3.830e-17
7561.320 3.829e-17
7562.197 3.828e-17
7563.073 3.826e-17
7563.950 3.825e-17
7564.827 3.823e-17
7565.703 4.511e-17
7566.580 3.820e-17
7567.457 3.819e-17
7568.333 3.817e-17
7569.210 3.816e-17
7570.087 3.814e-17
7570.963 3.813e-17
7571.840 3.811e-17
7572.717 3.810e-17
7573.593 3.808e-17
7574.470 3.806e-17
7575.347 3.805e-17
7576.223 3.803e-17
7577.100 3.802e-17
7577.977 3.800e-17
7578.853 3.798e-17
7579.730 3.797e-17
7580.607 3.795e-17
7581.483 3.794e-17
7582.360 3.792e-17
7583.237 3.790e-17
7584.113 3.789e-17
7584.990 3.787e-17
7585.867 3.785e-17
7586.743 3.783e-17
7587.620 3.781e-17
7588.497 3.779e-17
7589.373 3.776e-17
7590.250 3.773e-17
7591.127 3.770e-17
7592.003 3.765e-17
7592.880 3.760e-17
7593.757 3.752e-17
7594.633 3.738e-17
7595.510 3.645e-17
7596.387 2.728e-17
7597.263 6.671e-18
7598.140 2.039e-17
7599.017 2.838e-17
7599.893 2.617e-17
7600.770 3.026e-20
7601.647 2.585e-17
7602.523 2.009e-19
7603.400 2.170e-17
7604.277 3.281e-18
7605.153 1.976e-17
7606.030 1.623e-17
7606.907 1.667e-17
7607.783 9.846e-21
7608.660 3.865e-18
7609.537 1.985e-17
7610.413 1.956e-17
7611.290 1.238e-19
7612.167 1.831e-17
7613.043 2.423e-17
7613.920 9.511e-18
7614.797 2.417e-17
7615.673 2.528e-17
7616.550 3.179e-17
7617.427 1.976e-17
7618.303 2.214e-18
7619.180 3.591e-17
7620.057 6.362e-17
7620.933 3.667e-17
7621.810 3.996e-17
7622.687 2.869e-17
7623.563 3.035e-17
7624.440 3.408e-17
7625.317 1.894e-19
7626.193 2.239e-17
7627.070 2.651e-17
7627.947 3.360e-17
7628.823 1.860e-17
7629.700 2.371e-17
7630.577 7.007e-17
7631.453 3.309e-17
7632.330 3.390e-17
7633.207 3.751e-19
7634.083 2.495e-18
7634.960 2.966e-17
7635.837 3.395e-17
7636.713 2.858e-17
7637.590 1.511e-17
7638.467 1.748e-20
7639.343 4.211e-17
7640.220 3.438e-17
7641.097 4.248e-17
7641.973 1.590e-17
7642.850 5.080e-21
7643.727 3.962e-17
7644.603 3.502e-17
7645.480 3.359e-17
7646.357 1.885e-19
7647.233 6.747e-18
7648.110 3.192e-17
7648.987 3.560e-17
7649.863 3.556e-17
7650.740 2.867e-17
7651.617 2.965e-17
7652.493 2.078e-17
7653.370 3.547e-17
7654.247 3.605e-17
7655.123 3.573e-17
7656.000 1.892e-17
7656.877 3.023e-17
7657.753 3.258e-17
7658.630 3.599e-17
7659.507 3.620e-17
7660.383 3.595e-17
7661.260 2.617e-17
7662.137 3.264e-17
7663.013 3.384e-17
7663.890 3.606e-17
7664.767 3.621e-17
7665.643 3.612e-17
7666.520 3.497e-17
7667.397 3.410e-17
7668.273 3.026e-17
7669.150 3.595e-17
7670.027 3.609e-17
7670.903 3.608e-17
7671.780 3.594e-17
7672.657 1.163e-17
7673.533 3.340e-17
7674.410 3.572e-17
7675.287 3.583e-17
7676.163 3.623e-17
7677.040 3.612e-17
7677.917 3.622e-17
7678.793 3.070e-17
7679.670 1.794e-17
7680.547 3.633e-17
7681.423 3.643e-17
7682.300 3.645e-17
7683.177 3.650e-17
7684.053 3.643e-17
7684.930 2.471e-17
7685.807 3.135e-17
7686.683 3.661e-17
7687.560 3.665e-17
7688.437 3.668e-17
7689.313 3.671e-17
7690.190 3.640e-17
7691.067 3.654e-17
7691.943 3.670e-17
7692.820 3.678e-17
7693.697 3.762e-17
7694.573 3.683e-17
7695.450 3.683e-17
7696.327 3.685e-17
7697.203 3.686e-17
7698.080 3.595e-17
7698.957 3.051e-17
7699.833 3.688e-17
7700.710 3.689e-17
7701.587 9.009e-17
7702.463 3.692e-17
7703.340 3.690e-17
7704.217 3.691e-17
7705.093 3.691e-17
7705.970 3.885e-17
7706.847 3.696e-17
7707.723 3.697e-17
7708.600 3.698e-17
7709.477 3.698e-17
7710.353 3.699e-17
7711.230 3.700e-17
7712.107 3.679e-17
7712.983 3.765e-17
7713.860 3.703e-17
7714.737 1.501e-15
7715.613 3.704e-17
7716.490 3.707e-17
7717.367 3.708e-17
7718.243 3.706e-17
7719.120 3.955e-16
7719.997 3.711e-17
7720.873 3.713e-17
7721.750 3.714e-17
7722.627 3.714e-17
7723.503 3.708e-17
7724.380 3.718e-17
7725.257 3.719e-17
7726.133 3.720e-17
7727.010 3.694e-17
7727.887 3.655e-17
7728.763 3.724e-17
7729.640 3.725e-17
7730.517 3.726e-17
7731.393 3.725e-17
7732.270 3.723e-17
7733.147 3.726e-17
7734.023 3.759e-17
7734.900 3.859e-17
7735.777 3.719e-17
7736.653 3.719e-17
7737.530 3.717e-17
7738.407 3.716e-17
7739.283 3.714e-17
7740.160 3.712e-17
7741.037 4.350e-17
7741.913 3.708e-17
7742.790 3.707e-17
7743.667 3.705e-17
7744.543 3.703e-17
7745.420 3.701e-17
7746.297 3.696e-17
7747.173 3.697e-17
7748.050 3.696e-17
7748.927 3.693e-17
7749.803 3.690e-17
7750.680 3.687e-17
7751.557 4.282e-16
7752.433 3.682e-17
7753.310 3.683e-17
7754.187 3.684e-17
7755.063 3.684e-17
7755.940 3.684e-17
7756.817 3.685e-17
7757.693 3.685e-17
7758.570 3.947e-17
7759.447 3.686e-17
7760.323 3.687e-17
7761.200 3.687e-17
7762.077 6.649e-17
7762.953 3.688e-17
7763.830 3.689e-17
7764.707 3.689e-17
7765.583 3.690e-17
7766.460 3.898e-17
7767.337 3.691e-17
7768.213 3.691e-17
7769.090 3.691e-17
7769.967 3.692e-17
7770.843 3.692e-17
7771.720 3.693e-17
7772.597 3.692e-17
7773.473 3.691e-17
7774.350 3.689e-17
7775.227 3.687e-17
7776.103 3.685e-17
7776.980 3.684e-17
7777.857 3.682e-17
7778.733 3.681e-17
7779.610 3.679e-17
7780.487 3.678e-17
7781.363 4.748e-17
7782.240 3.675e-17
7783.117 3.673e-17
7783.993 3.671e-17
7784.870 3.670e-17
7785.747 4.069e-17
7786.623 3.667e-17
7787.500 3.665e-17
7788.377 3.682e-17
7789.253 3.662e-17
7790.130 3.660e-17
7791.007 3.659e-17
7791.883 4.346e-17
7792.760 5.847e-17
7793.637 3.656e-17
7794.513 3.654e-17
7795.390 3.655e-17
7796.267 2.417e-15
7797.143 3.661e-17
7798.020 3.654e-17
7798.897 3.653e-17
7799.773 3.653e-17
7800.650 3.652e-17
7801.527 4.093e-17
7802.403 3.651e-17
7803.280 3.651e-17
7804.157 3.650e-17
7805.033 3.649e-17
7805.910 3.650e-17
7806.787 3.649e-17
7807.663 3.649e-17
7808.540 4.351e-17
7809.417 3.648e-17
7810.293 3.647e-17
7811.170 3.647e-17
7812.047 3.646e-17
7812.923 3.645e-17
7813.800 3.752e-17
7814.677 3.641e-17
7815.553 3.663e-17
7816.430 3.638e-17
7817.307 3.636e-17
7818.183 3.634e-17
7819.060 3.632e-17
7819.937 3.630e-17
7820.813 3.629e-17
7821.690 3.627e-17
7822.567 3.625e-17
7823.443 3.623e-17
7824.320 4.378e-17
7825.197 3.620e-17
7826.073 3.618e-17
7826.950 3.616e-17
7827.827 4.048e-17
7828.703 3.613e-17
7829.580 3.611e-17
7830.457 3.637e-17
7831.333 3.607e-17
7832.210 3.606e-17
7833.087 3.606e-17
7833.963 3.606e-17
7834.840 3.606e-17
7835.717 8.211e-17
7836.593 3.606e-17
7837.470 3.606e-17
7838.347 3.606e-17
7839.223 3.606e-17
7840.100 3.606e-17
7840.977 3.606e-17
7841.853 3.597e-17
7842.730 3.605e-17
7843.607 3.606e-17
7844.483 3.606e-17
7845.360 3.606e-17
7846.237 3.606e-17
7847.113 3.606e-17
7847.990 3.845e-17
7848.867 3.606e-17
7849.743 3.607e-17
7850.620 3.606e-17
7851.497 3.607e-17
7852.373 3.606e-17
7853.250 3.606e-17
7854.127 6.908e-17
7855.003 3.604e-17
7855.880 3.603e-17
7856.757 3.594e-17
7857.633 3.601e-17
7858.510 3.601e-17
7859.387 3.600e-17
7860.263 6.349e-17
7861.140 3.594e-17
7862.017 3.598e-17
7862.893 6.627e-17
7863.770 3.595e-17
7864.647 3.595e-17
7865.523 3.593e-17
7866.400 3.592e-17
7867.277 3.592e-17
7868.153 3.562e-17
7869.030 3.590e-17
7869.907 3.752e-16
7870.783 3.589e-17
7871.660 3.588e-17
7872.537 3.586e-17
7873.413 3.587e-17
7874.290 3.586e-17
7875.167 3.583e-17
7876.043 3.584e-17
7876.920 3.583e-17
7877.797 3.582e-17
7878.673 3.510e-17
7879.550 3.581e-17
7880.427 1.045e-16
7881.303 3.579e-17
7882.180 3.572e-17
7883.057 3.562e-17
7883.933 1.020e-16
7884.810 3.576e-17
7885.687 3.575e-17
7886.563 4.680e-17
7887.440 3.572e-17
7888.317 3.558e-17
7889.193 3.539e-17
7890.070 4.827e-17
7890.947 5.029e-17
7891.823 4.763e-16
7892.700 4.631e-17
7893.577 3.564e-17
7894.453 3.561e-17
7895.330 3.563e-17
7896.207 6.778e-17
7897.083 3.527e-17
7897.960 3.541e-17
7898.837 3.550e-17
7899.713 3.549e-17
7900.590 3.547e-17
7901.467 3.544e-17
7902.343 3.541e-17
7903.220 3.536e-17
7904.097 3.476e-17
7904.973 3.621e-17
7905.850 3.527e-17
7906.727 3.530e-17
7907.603 3.528e-17
7908.480 3.523e-17
7909.357 3.516e-17
7910.233 3.519e-17
7911.110 3.494e-17
7911.987 3.515e-17
7912.863 3.422e-17
7913.740 3.511e-17
7914.617 3.509e-17
7915.493 3.507e-17
7916.370 3.505e-17
7917.247 4.146e-17
7918.123 3.498e-17
7919.000 3.489e-17
7919.877 3.472e-17
7920.753 3.494e-17
7921.630 3.491e-17
7922.507 3.484e-17
7923.383 2.229e-16
7924.260 3.485e-17
7925.137 3.483e-17
7926.013 3.479e-17
7926.890 3.475e-17
7927.767 3.476e-17
7928.643 3.474e-17
7929.520 3.472e-17
7930.397 3.998e-17
7931.273 3.462e-17
7932.150 3.447e-17
7933.027 1.599e-16
7933.903 3.422e-17
7934.780 3.460e-17
7935.657 3.467e-17
7936.533 3.458e-17
7937.410 3.969e-17
7938.287 3.455e-17
7939.163 3.445e-17
7940.040 3.452e-17
7940.917 3.565e-17
7941.793 3.449e-17
7942.670 3.766e-17
7943.547 3.445e-17
7944.423 4.246e-17
7945.300 3.443e-17
7946.177 4.719e-17
7947.053 3.440e-17
7947.930 3.437e-17
7948.807 3.435e-17
7949.683 3.432e-17
7950.560 3.433e-17
7951.437 8.561e-16
7952.313 3.430e-17
7953.190 3.419e-17
7954.067 3.432e-17
7954.943 3.436e-17
7955.820 3.432e-17
7956.697 3.439e-17
7957.573 3.441e-17
7958.450 3.431e-17
7959.327 3.444e-17
7960.203 3.443e-17
7961.080 3.444e-17
7961.957 3.448e-17
7962.833 3.383e-17
7963.710 3.421e-17
7964.587 3.450e-17
7965.463 3.431e-17
7966.340 3.449e-17
7967.217 3.441e-17
7968.093 3.460e-17
7968.970 3.461e-17
7969.847 3.459e-17
7970.723 3.447e-17
7971.600 3.786e-17
7972.477 3.465e-17
7973.353 3.461e-17
7974.230 3.457e-17
7975.107 3.459e-17
7975.983 3.455e-17
7976.860 3.453e-17
7977.737 3.952e-17
7978.613 3.440e-17
7979.490 3.447e-17
7980.367 3.444e-17
7981.243 3.441e-17
7982.120 3.425e-17
7982.997 3.436e-17
7983.873 3.433e-17
7984.750 3.432e-17
7985.627 3.429e-17
7986.503 3.303e-17
7987.380 3.425e-17
7988.257 4.186e-17
7989.133 3.429e-17
7990.010 3.417e-17
7990.887 3.415e-17
7991.763 3.413e-17
7992.640 3.410e-17
7993.517 3.412e-17
7994.393 3.412e-17
7995.270 3.406e-17
7996.147 3.409e-17
7997.023 3.413e-17
7997.900 3.412e-17
7998.777 3.402e-17
7999.653 4.393e-17
8000.530 3.367e-17
8001.407 3.405e-17
8002.283 4.037e-17
8003.160 3.395e-17
8004.037 4.220e-17
8004.913 3.417e-17
8005.790 3.414e-17
8006.667 3.413e-17
8007.543 3.418e-17
8008.420 3.419e-17
8009.297 3.412e-17
8010.173 3.414e-17
8011.050 3.421e-17
8011.927 3.421e-17
8012.803 4.453e-17
8013.680 3.418e-17
8014.557 3.399e-17
8015.433 3.404e-17
8016.310 4.546e-16
8017.187 3.410e-17
8018.063 3.409e-17
8018.940 3.406e-17
8019.817 3.401e-17
8020.693 3.402e-17
8021.570 3.403e-17
8022.447 3.388e-17
8023.323 3.398e-17
8024.200 3.374e-17
8025.077 3.379e-17
8025.953 5.565e-17
8026.830 3.391e-17
8027.707 3.389e-17
8028.583 3.387e-17
8029.460 3.386e-17
8030.337 8.658e-17
8031.213 8.233e-17
8032.090 3.832e-17
8032.967 3.379e-17
8033.843 3.380e-17
8034.720 3.376e-17
8035.597 3.370e-17
8036.473 3.279e-17
8037.350 3.366e-17
8038.227 3.367e-17
8039.103 3.365e-17
8039.980 3.359e-17
8040.857 3.363e-17
8041.733 4.072e-17
8042.610 3.359e-17
8043.487 3.357e-17
8044.363 3.351e-17
8045.240 3.341e-17
8046.117 3.318e-17
8046.993 3.348e-17
8047.870 3.315e-17
8048.747 3.574e-17
8049.623 3.344e-17
8050.500 3.342e-17
8051.377 3.338e-17
8052.253 3.349e-17
8053.130 3.339e-17
8054.007 3.339e-17
8054.883 3.337e-17
8055.760 3.339e-17
8056.637 3.316e-17
8057.513 3.340e-17
8058.390 3.339e-17
8059.267 3.373e-17
8060.143 3.341e-17
8061.020 3.319e-17
8061.897 3.336e-17
8062.773 3.341e-17
8063.650 3.342e-17
8064.527 2.079e-16
8065.403 3.324e-17
8066.280 3.342e-17
8067.157 3.342e-17
8068.033 3.331e-17
8068.910 3.343e-17
8069.787 3.913e-17
8070.663 3.342e-17
8071.540 3.340e-17
8072.417 3.334e-17
8073.293 3.325e-17
8074.170 3.337e-17
8075.047 3.334e-17
8075.923 3.331e-17
8076.800 3.326e-17
8077.677 3.313e-17
8078.553 3.293e-17
8079.430 3.747e-17
8080.307 3.315e-17
8081.183 3.311e-17
8082.060 3.308e-17
8082.937 3.305e-17
8083.813 3.291e-17
8084.690 3.300e-17
8085.567 3.297e-17
8086.443 3.293e-17
8087.320 3.245e-17
8088.197 3.286e-17
8089.073 3.284e-17
8089.950 3.281e-17
8090.827 3.270e-17
8091.703 3.275e-17
8092.580 3.252e-17
8093.457 3.270e-17
8094.333 3.274e-17
8095.210 3.279e-17
8096.087 3.277e-17
8096.963 3.276e-17
8097.840 3.284e-17
8098.717 3.244e-17
8099.593 3.282e-17
8100.470 3.286e-17
8101.347 3.288e-17
8102.223 3.294e-17
8103.100 3.295e-17
8103.977 3.292e-17
8104.853 3.299e-17
8105.730 3.299e-17
8106.607 3.524e-17
8107.483 3.304e-17
8108.360 3.303e-17
8109.237 3.304e-17
8110.113 3.181e-17
8110.990 3.452e-17
8111.867 3.312e-17
8112.743 3.259e-17
8113.620 3.873e-17
8114.497 3.295e-17
8115.373 3.673e-17
8116.250 3.191e-17
8117.127 3.293e-17
8118.003 3.312e-17
8118.880 3.309e-17
8119.757 3.312e-17
8120.633 3.285e-17
8121.510 3.309e-17
8122.387 3.309e-17
8123.263 3.307e-17
8124.140 3.309e-17
8125.017 3.251e-17
8125.893 3.275e-17
8126.770 3.309e-17
8127.647 3.141e-17
8128.523 3.631e-17
8129.400 3.282e-17
8130.277 3.308e-17
8131.153 3.308e-17
8132.030 3.299e-17
8132.907 3.948e-17
8133.783 4.013e-17
8134.660 3.272e-17
8135.537 3.261e-17
8136.413 3.282e-17
8137.290 2.686e-17
8138.167 3.295e-17
8139.043 4.542e-17
8139.920 3.298e-17
8140.797 3.293e-17
8141.673 3.293e-17
8142.550 3.282e-17
8143.427 3.283e-17
8144.303 3.085e-17
8145.180 3.289e-17
8146.057 2.845e-17
8146.933 3.281e-17
8147.810 3.285e-17
8148.687 1.076e-16
8149.563 3.202e-17
8150.440 3.184e-17
8151.317 3.265e-17
8152.193 3.091e-17
8153.070 3.280e-17
8153.947 3.277e-17
8154.823 2.901e-17
8155.700 3.251e-17
8156.577 3.106e-17
8157.453 3.267e-17
8158.330 3.270e-17
8159.207 3.261e-17
8160.083 3.139e-17
8160.960 3.267e-17
8161.837 3.272e-17
8162.713 3.270e-17
8163.590 2.604e-17
8164.467 2.907e-17
8165.343 3.260e-17
8166.220 3.224e-17
8167.097 3.162e-17
8167.973 3.259e-17
8168.850 3.257e-17
8169.727 3.266e-17
8170.603 3.254e-17
8171.480 3.161e-17
8172.357 2.624e-17
8173.233 3.255e-17
8174.110 3.251e-17
8174.987 3.248e-17
8175.863 3.239e-17
8176.740 3.231e-17
8177.617 3.234e-17
8178.493 3.214e-17
8179.370 2.694e-17
8180.247 2.674e-17
8181.123 3.099e-17
8182.000 3.196e-17
8182.877 3.204e-17
8183.753 3.168e-17
8184.630 3.171e-17
8185.507 3.171e-17
8186.383 3.180e-17
8187.260 3.183e-17
8188.137 3.166e-17
8189.013 3.152e-17
8189.890 3.160e-17
8190.767 3.151e-17
8191.643 2.482e-17
8192.520 3.151e-17
8193.397 3.147e-17
8194.273 3.143e-17
8195.150 3.026e-17
8196.027 3.134e-17
8196.903 3.162e-17
8197.780 3.305e-17
8198.657 3.166e-17
8199.533 3.124e-17
8200.410 3.131e-17
8201.287 2.875e-17
8202.163 2.974e-17
8203.040 2.861e-17
8203.917 3.174e-17
8204.793 3.181e-17
8205.670 3.182e-17
8206.547 3.184e-17
8207.423 3.183e-17
8208.300 3.646e-17
8209.177 3.190e-17
8210.053 3.191e-17
8210.930 3.191e-17
8211.807 2.989e-17
8212.683 3.144e-17
8213.560 3.186e-17
8214.437 2.759e-17
8215.313 3.192e-17
8216.190 4.152e-17
8217.067 3.189e-17
8217.943 3.190e-17
8218.820 3.188e-17
8219.697 3.183e-17
8220.573 3.090e-17
8221.450 3.184e-17
8222.327 3.185e-17
8223.203 3.178e-17
8224.080 3.158e-17
8224.957 3.180e-17
8225.833 3.168e-17
8226.710 3.074e-17
8227.587 3.168e-17
8228.463 3.162e-17
8229.340 2.458e-17
8230.217 2.167e-17
8231.093 2.642e-17
8231.970 2.567e-17
8232.847 3.118e-17
8233.723 2.769e-17
8234.600 3.165e-17
8235.477 3.168e-17
8236.353 3.040e-17
8237.230 3.171e-17
8238.107 3.153e-17
8238.983 3.174e-17
8239.860 3.160e-17
8240.737 3.160e-17
8241.613 3.174e-17
8242.490 3.157e-17
8243.367 3.175e-17
8244.243 4.294e-17
8245.120 3.158e-17
8245.997 3.077e-17
8246.873 3.174e-17
8247.750 3.178e-17
8248.627 3.176e-17
8249.503 3.239e-17
8250.380 3.178e-17
8251.257 3.177e-17
8252.133 3.178e-17
8253.010 3.178e-17
8253.887 3.172e-17
8254.763 3.151e-17
8255.640 3.174e-17
8256.517 3.178e-17
8257.393 4.766e-17
8258.270 3.154e-17
8259.147 3.124e-17
8260.023 3.149e-17
8260.900 3.176e-17
8261.777 3.096e-17
8262.653 3.133e-17
8263.530 3.177e-17
8264.407 3.176e-17
8265.283 3.169e-17
8266.160 3.142e-17
8267.037 3.171e-17
8267.913 3.175e-17
8268.790 3.176e-17
8269.667 3.178e-17
8270.543 3.178e-17
8271.420 3.113e-17
8272.297 3.178e-17
8273.173 3.175e-17
8274.050 3.140e-17
8274.927 3.168e-17
8275.803 3.163e-17
8276.680 1.907e-17
8277.557 3.163e-17
8278.433 3.156e-17
8279.310 3.153e-17
8280.187 3.171e-17
8281.063 3.146e-17
8281.940 2.510e-17
8282.817 3.166e-17
8283.693 3.155e-17
8284.570 3.759e-17
8285.447 1.026e-16
8286.323 3.169e-17
8287.200 4.886e-17
8288.077 3.167e-17
8288.953 3.160e-17
8289.830 3.116e-17
8290.707 3.121e-17
8291.583 3.115e-17
8292.460 3.159e-17
8293.337 3.159e-17
8294.213 3.163e-17
8295.090 3.162e-17
8295.967 3.144e-17
8296.843 2.664e-17
8297.720 3.126e-17
8298.597 5.403e-16
8299.473 3.160e-17
8300.350 3.146e-17
8301.227 2.601e-15
8302.103 3.144e-17
8302.980 3.118e-17
8303.857 3.154e-17
8304.733 6.100e-17
8305.610 3.151e-17
8306.487 2.900e-17
8307.363 1.588e-17
8308.240 3.148e-17
8309.117 3.149e-17
8309.993 3.136e-17
8310.870 3.141e-17
8311.747 3.149e-17
8312.623 3.142e-17
8313.500 3.141e-17
8314.377 3.038e-17
8315.253 3.130e-17
8316.130 3.001e-17
8317.007 3.126e-17
8317.883 3.118e-17
8318.760 3.101e-17
8319.637 3.112e-17
8320.513 2.661e-17
8321.390 3.107e-17
8322.267 3.105e-17
8323.143 3.080e-17
8324.020 2.942e-17
8324.897 3.092e-17
8325.773 3.090e-17
8326.650 3.084e-17
8327.527 3.081e-17
8328.403 3.075e-17
8329.280 3.039e-17
8330.157 3.070e-17
8331.033 3.062e-17
8331.910 2.711e-17
8332.787 3.037e-17
8333.663 3.063e-17
8334.540 3.010e-17
8335.417 3.064e-17
8336.293 3.060e-17
8337.170 3.071e-17
8338.047 3.064e-17
8338.923 3.076e-17
8339.800 6.835e-17
8340.677 4.205e-17
8341.553 3.038e-17
8342.430 3.083e-17
8343.307 3.085e-17
8344.183 3.060e-17
8345.060 3.088e-17
8345.937 3.091e-17
8346.813 4.598e-17
8347.690 3.094e-17
8348.567 3.095e-17
8349.443 3.095e-17
8350.320 3.100e-17
8351.197 3.094e-17
8352.073 3.101e-17
8352.950 3.103e-17
8353.827 3.104e-17
8354.703 3.102e-17
8355.580 3.097e-17
8356.457 3.101e-17
8357.333 3.100e-17
8358.210 3.102e-17
8359.087 3.086e-17
8359.963 3.095e-17
8360.840 3.102e-17
8361.717 3.088e-17
8362.593 3.101e-17
8363.470 3.236e-17
8364.347 2.982e-17
8365.223 3.250e-17
8366.100 3.100e-17
8366.977 3.098e-17
8367.853 4.141e-17
8368.730 7.884e-17
8369.607 2.890e-17
8370.483 3.099e-17
8371.360 3.093e-17
8372.237 3.097e-17
8373.113 3.083e-17
8373.990 3.096e-17
8374.867 3.090e-17
8375.743 3.086e-17
8376.620 3.090e-17
8377.497 3.091e-17
8378.373 3.561e-17
8379.250 3.084e-17
8380.127 3.087e-17
8381.003 3.086e-17
8381.880 3.086e-17
8382.757 3.084e-17
8383.633 3.077e-17
8384.510 3.079e-17
8385.387 3.079e-17
8386.263 3.070e-17
8387.140 3.058e-17
8388.017 3.049e-17
8388.893 3.075e-17
8389.770 3.073e-17
8390.647 3.068e-17
8391.523 3.071e-17
8392.400 4.071e-17
8393.277 3.071e-17
8394.153 3.072e-17
8395.030 3.072e-17
8395.907 3.066e-17
8396.783 3.055e-17
8397.660 3.072e-17
8398.537 3.071e-17
8399.413 3.016e-17
8400.290 3.072e-17
8401.167 3.072e-17
8402.043 3.071e-17
8402.920 3.050e-17
8403.797 3.073e-17
8404.673 3.073e-17
8405.550 3.072e-17
8406.427 3.055e-17
8407.303 3.070e-17
8408.180 3.072e-17
8409.057 3.073e-17
8409.933 3.074e-17
8410.810 3.038e-17
8411.687 3.071e-17
8412.563 3.074e-17
8413.440 3.056e-17
8414.317 3.070e-17
8415.193 3.068e-17
8416.070 3.065e-17
8416.947 3.063e-17
8417.823 3.014e-17
8418.700 3.059e-17
8419.577 3.035e-17
8420.453 3.054e-17
8421.330 3.054e-17
8422.207 3.053e-17
8423.083 3.050e-17
8423.960 3.048e-17
8424.837 3.046e-17
8425.713 3.104e-17
8426.590 3.043e-17
8427.467 3.041e-17
8428.343 3.039e-17
8429.220 3.034e-17
8430.097 3.019e-17
8430.973 3.033e-17
8431.850 3.020e-17
8432.727 3.029e-17
8433.603 3.030e-17
8434.480 5.748e-17
8435.357 3.032e-17
8436.233 3.031e-17
8437.110 3.030e-17
8437.987 3.032e-17
8438.863 3.018e-17
8439.740 3.030e-17
8440.617 3.032e-17
8441.493 3.034e-17
8442.370 3.031e-17
8443.247 3.029e-17
8444.123 3.035e-17
8445.000 3.032e-17
8445.877 3.036e-17
8446.753 3.036e-17
8447.630 3.036e-17
8448.507 3.027e-17
8449.383 3.037e-17
8450.260 3.038e-17
8451.137 3.038e-17
8452.013 3.038e-17
8452.890 3.037e-17
8453.767 3.036e-17
8454.643 1.342e-15
8455.520 3.035e-17
8456.397 3.197e-17
8457.273 3.032e-17
8458.150 3.032e-17
8459.027 3.169e-17
8459.903 3.030e-17
8460.780 3.029e-17
8461.657 3.028e-17
8462.533 2.979e-17
8463.410 3.026e-17
8464.287 3.024e-17
8465.163 3.022e-17
8466.040 3.021e-17
8466.917 3.022e-17
8467.793 1.938e-15
8468.670 3.020e-17
8469.547 3.019e-17
8470.423 3.018e-17
8471.300 3.016e-17
8472.177 3.016e-17
8473.053 3.011e-17
8473.930 3.005e-17
8474.807 2.999e-17
8475.683 2.993e-17
8476.560 2.985e-17
8477.437 2.982e-17
8478.313 2.977e-17
8479.190 2.971e-17
8480.067 2.963e-17
8480.943 2.959e-17
8481.820 2.953e-17
8482.697 2.947e-17
8483.573 2.942e-17
8484.450 2.937e-17
8485.327 2.931e-17
8486.203 2.926e-17
8487.080 2.920e-17
8487.957 2.914e-17
8488.833 2.908e-17
8489.710 2.902e-17
8490.587 2.890e-17
8491.463 2.892e-17
8492.340 2.886e-17
8493.217 2.889e-17
8494.093 2.862e-17
8494.970 2.896e-17
8495.847 2.914e-17
8496.723 3.622e-17
8497.600 2.905e-17
8498.477 2.907e-17
8499.353 3.196e-17
8500.230 2.917e-17
8501.107 2.916e-17
8501.983 2.920e-17
8502.860 2.924e-17
8503.737 2.927e-17
8504.613 2.928e-17
8505.490 3.646e-17
8506.367 2.936e-17
8507.243 2.940e-17
8508.120 2.922e-17
8508.997 2.946e-17
8509.873 2.949e-17
8510.750 2.952e-17
8511.627 2.955e-17
8512.503 2.957e-17
8513.380 2.954e-17
8514.257 2.887e-17
8515.133 2.947e-17
8516.010 2.945e-17
8516.887 2.942e-17
8517.763 2.938e-17
8518.640 2.935e-17
8519.517 2.933e-17
8520.393 2.929e-17
8521.270 2.925e-17
8522.147 2.916e-17
8523.023 2.932e-17
8523.900 2.917e-17
8524.777 2.914e-17
8525.653 2.911e-17
8526.530 2.908e-17
8527.407 2.905e-17
8528.283 2.902e-17
8529.160 2.899e-17
8530.037 2.896e-17
8530.913 2.893e-17
8531.790 2.890e-17
8532.667 2.884e-17
8533.543 2.874e-17
8534.420 2.865e-17
8535.297 2.855e-17
8536.173 2.845e-17
8537.050 2.824e-17
8537.927 2.826e-17
8538.803 2.802e-17
8539.680 2.806e-17
8540.557 2.797e-17
8541.433 2.787e-17
8542.310 2.771e-17
8543.187 2.723e-17
8544.063 2.758e-17
8544.940 2.749e-17
8545.817 2.739e-17
8546.693 2.730e-17
8547.570 2.720e-17
8548.447 2.707e-17
8549.323 2.701e-17
8550.200 2.691e-17
8551.077 2.681e-17
8551.953 2.669e-17
8552.830 2.674e-17
8553.707 2.690e-17
8554.583 2.703e-17
8555.460 2.717e-17
8556.337 2.729e-17
8557.213 2.740e-17
8558.090 2.757e-17
8558.967 2.770e-17
8559.843 2.784e-17
8560.720 2.797e-17
8561.597 2.811e-17
8562.473 2.824e-17
8563.350 2.838e-17
8564.227 2.851e-17
8565.103 2.864e-17
8565.980 2.878e-17
8566.857 2.891e-17
8567.733 2.905e-17
8568.610 2.918e-17
8569.487 2.931e-17
8570.363 2.945e-17
8571.240 2.957e-17
8572.117 2.972e-17
8572.993 2.971e-17
8573.870 2.971e-17
8574.747 2.970e-17
8575.623 2.967e-17
8576.500 2.967e-17
8577.377 2.966e-17
8578.253 2.963e-17
8579.130 2.963e-17
8580.007 5.182e-17
8580.883 2.961e-17
8581.760 2.959e-17
8582.637 2.957e-17
8583.513 2.954e-17
8584.390 2.954e-17
8585.267 2.952e-17
8586.143 2.951e-17
8587.020 2.949e-17
8587.897 2.948e-17
8588.773 2.946e-17
8589.650 2.944e-17
8590.527 2.943e-17
8591.403 2.941e-17
8592.280 2.940e-17
8593.157 2.939e-17
8594.033 2.938e-17
8594.910 2.937e-17
8595.787 2.939e-17
8596.663 2.939e-17
8597.540 2.938e-17
8598.417 2.938e-17
8599.293 2.938e-17
8600.170 2.938e-17
8601.047 2.938e-17
8601.923 2.937e-17
8602.800 2.937e-17
8603.677 2.937e-17
8604.553 2.937e-17
8605.430 2.937e-17
8606.307 2.936e-17
8607.183 2.936e-17
8608.060 2.932e-17
8608.937 2.936e-17
8609.813 2.936e-17
8610.690 4.070e-17
8611.567 2.935e-17
8612.443 2.935e-17
8613.320 2.935e-17
8614.197 2.935e-17
8615.073 2.935e-17
8615.950 2.935e-17
8616.827 2.978e-17
8617.703 2.935e-17
8618.580 2.935e-17
8619.457 3.969e-17
8620.333 2.935e-17
8621.210 2.935e-17
8622.087 2.934e-17
8622.963 2.935e-17
8623.840 7.141e-17
8624.717 2.935e-17
8625.593 2.935e-17
8626.470 2.935e-17
8627.347 2.934e-17
8628.223 2.935e-17
8629.100 2.934e-17
8629.977 2.935e-17
8630.853 2.935e-17
8631.730 1.561e-16
8632.607 2.934e-17
8633.483 2.931e-17
8634.360 2.928e-17
8635.237 2.924e-17
8636.113 2.921e-17
8636.990 2.918e-17
8637.867 2.915e-17
8638.743 2.912e-17
8639.620 2.909e-17
8640.497 2.906e-17
8641.373 2.903e-17
8642.250 2.900e-17
8643.127 2.897e-17
8644.003 2.894e-17
8644.880 2.891e-17
8645.757 2.888e-17
8646.633 2.885e-17
8647.510 2.882e-17
8648.387 2.879e-17
8649.263 4.256e-16
8650.140 2.872e-17
8651.017 2.869e-17
8651.893 2.866e-17
8652.770 1.004e-16
8653.647 6.147e-16
8654.523 2.842e-17
8655.400 2.832e-17
8656.277 2.822e-17
8657.153 2.813e-17
8658.030 2.803e-17
8658.907 2.793e-17
8659.783 2.784e-17
8660.660 2.774e-17
8661.537 7.495e-16
8662.413 2.755e-17
8663.290 2.745e-17
8664.167 2.736e-17
8665.043 2.726e-17
8665.920 2.717e-17
8666.797 2.707e-17
8667.673 2.698e-17
8668.550 2.688e-17
8669.427 2.679e-17
8670.303 3.316e-17
8671.180 2.660e-17
8672.057 2.650e-17
8672.933 2.651e-17
8673.810 2.659e-17
8674.687 2.667e-17
8675.563 2.675e-17
8676.440 2.682e-17
8677.317 2.690e-17
8678.193 2.698e-17
8679.070 2.705e-17
8679.947 2.713e-17
8680.823 2.721e-17
8681.700 2.728e-17
8682.577 1.563e-16
8683.453 2.744e-17
8684.330 2.752e-17
8685.207 2.759e-17
8686.083 2.767e-17
8686.960 2.774e-17
8687.837 2.782e-17
8688.713 2.790e-17
8689.590 6.666e-17
8690.467 2.805e-17
8691.343 2.811e-17
8692.220 2.820e-17
8693.097 2.820e-17
8693.973 2.817e-17
8694.850 2.814e-17
8695.727 3.139e-17
8696.603 2.810e-17
8697.480 2.808e-17
8698.357 2.806e-17
8699.233 2.804e-17
8700.110 2.801e-17
8700.987 2.799e-17
8701.863 2.797e-17
8702.740 2.795e-17
8703.617 2.793e-17
8704.493 3.145e-17
8705.370 2.790e-17
8706.247 2.789e-17
8707.123 2.787e-17
8708.000 5.354e-17
8708.877 2.784e-17
8709.753 2.783e-17
8710.630 2.780e-17
8711.507 2.780e-17
8712.383 2.778e-17
8713.260 2.777e-17
8714.137 2.776e-17
8715.013 2.774e-17
8715.890 2.773e-17
8716.767 2.771e-17
8717.643 2.770e-17
8718.520 2.768e-17
8719.397 2.767e-17
8720.273 2.765e-17
8721.150 3.348e-17
8722.027 2.762e-17
8722.903 2.761e-17
8723.780 2.760e-17
8724.657 2.760e-17
8725.533 2.760e-17
8726.410 2.759e-17
8727.287 2.760e-17
8728.163 2.760e-17
8729.040 3.206e-17
8729.917 2.761e-17
8730.793 2.761e-17
8731.670 2.761e-17
8732.547 2.762e-17
8733.423 2.762e-17
8734.300 2.762e-17
8735.177 2.763e-17
8736.053 2.763e-17
8736.930 2.764e-17
8737.807 2.764e-17
8738.683 2.764e-17
8739.560 2.765e-17
8740.437 2.765e-17
8741.313 2.765e-17
8742.190 2.766e-17
8743.067 3.389e-17
8743.943 2.766e-17
8744.820 2.766e-17
8745.697 2.767e-17
8746.573 2.767e-17
8747.450 2.767e-17
8748.327 2.767e-17
8749.203 2.768e-17
8750.080 2.768e-17
8750.957 2.767e-17
8751.833 2.768e-17
8752.710 3.897e-17
8753.587 2.769e-17
8754.463 2.769e-17
8755.340 2.769e-17
8756.217 2.769e-17
8757.093 2.770e-17
8757.970 2.770e-17
8758.847 2.770e-17
8759.723 2.770e-17
8760.600 2.770e-17
8761.477 2.771e-17
8762.353 2.771e-17
8763.230 2.769e-17
8764.107 9.730e-17
8764.983 2.765e-17
8765.860 2.762e-17
8766.737 2.760e-17
8767.613 2.758e-17
8768.490 2.756e-17
8769.367 2.753e-17
8770.243 1.047e-15
8771.120 2.749e-17
8771.997 2.747e-17
8772.873 2.826e-17
8773.750 2.742e-17
8774.627 2.740e-17
8775.503 2.738e-17
8776.380 2.736e-17
8777.257 2.733e-17
8778.133 2.731e-17
8779.010 2.729e-17
8779.887 2.727e-17
8780.763 4.232e-15
8781.640 2.722e-17
8782.517 2.713e-17
8783.393 2.719e-17
8784.270 2.721e-17
8785.147 2.721e-17
8786.023 2.721e-17
8786.900 2.721e-17
8787.777 2.721e-17
8788.653 2.721e-17
8789.530 2.721e-17
8790.407 2.722e-17
8791.283 2.722e-17
8792.160 2.722e-17
8793.037 2.722e-17
8793.913 2.722e-17
8794.790 2.718e-17
8795.667 2.722e-17
8796.543 2.723e-17
8797.420 2.723e-17
8798.297 2.723e-17
8799.173 2.723e-17
8800.050 2.723e-17
8800.927 2.723e-17
8801.803 2.723e-17
8802.680 2.723e-17
8803.557 2.722e-17
8804.433 3.552e-17
8805.310 2.720e-17
8806.187 2.718e-17
8807.063 2.718e-17
8807.940 2.716e-17
8808.817 2.715e-17
8809.693 2.714e-17
8810.570 2.713e-17
8811.447 2.712e-17
8812.323 2.711e-17
8813.200 2.710e-17
8814.077 2.691e-17
8814.953 2.708e-17
8815.830 2.707e-17
8816.707 2.705e-17
8817.583 2.704e-17
8818.460 2.703e-17
8819.337 2.702e-17
8820.213 2.701e-17
8821.090 2.698e-17
8821.967 2.697e-17
8822.843 2.695e-17
8823.720 2.698e-17
8824.597 2.699e-17
8825.473 2.700e-17
8826.350 2.701e-17
8827.227 2.702e-17
8828.103 2.703e-17
8828.980 2.704e-17
8829.857 2.705e-17
8830.733 2.706e-17
8831.610 2.706e-17
8832.487 2.707e-17
8833.363 2.707e-17
8834.240 2.709e-17
8835.117 2.710e-17
8835.993 5.548e-17
8836.870 3.018e-17
8837.747 2.711e-17
8838.623 2.713e-17
8839.500 2.714e-17
8840.377 2.715e-17
8841.253 2.716e-17
8842.130 2.717e-17
8843.007 2.716e-17
8843.883 2.714e-17
8844.760 2.713e-17
8845.637 2.711e-17
8846.513 2.709e-17
8847.390 2.707e-17
8848.267 2.704e-17
8849.143 2.703e-17
8850.020 2.701e-17
8850.897 2.700e-17
8851.773 2.698e-17
8852.650 2.696e-17
8853.527 2.694e-17
8854.403 2.692e-17
8855.280 2.690e-17
8856.157 2.689e-17
8857.033 2.687e-17
8857.910 2.685e-17
8858.787 2.683e-17
8859.663 2.660e-17
8860.540 2.679e-17
8861.417 2.671e-17
8862.293 2.844e-17
8863.170 2.807e-17
8864.047 3.976e-17
8864.923 4.955e-17
8865.800 7.149e-17
8866.677 2.675e-17
8867.553 2.673e-17
8868.430 2.672e-17
8869.307 2.683e-17
8870.183 2.674e-17
8871.060 2.673e-17
8871.937 2.673e-17
8872.813 2.673e-17
8873.690 2.673e-17
8874.567 2.672e-17
8875.443 2.672e-17
8876.320 2.672e-17
8877.197 2.672e-17
8878.073 2.672e-17
8878.950 2.671e-17
8879.827 2.671e-17
8880.703 2.670e-17
8881.580 2.656e-17
8882.457 2.670e-17
8883.333 2.670e-17
8884.210 2.667e-17
8885.087 2.668e-17
8885.963 2.667e-17
8886.840 2.667e-17
8887.717 2.666e-17
8888.593 2.665e-17
8889.470 2.664e-17
8890.347 2.663e-17
8891.223 2.779e-17
8892.100 2.662e-17
8892.977 2.661e-17
8893.853 2.660e-17
8894.730 2.659e-17
8895.607 2.659e-17
8896.483 2.657e-17
8897.360 2.657e-17
8898.237 2.656e-17
8899.113 2.919e-17
8899.990 2.655e-17
8900.867 2.654e-17
8901.743 2.653e-17
8902.620 2.652e-17
8903.497 2.650e-17
8904.373 2.650e-17
8905.250 2.649e-17
8906.127 2.647e-17
8907.003 2.646e-17
8907.880 2.645e-17
8908.757 2.644e-17
8909.633 2.629e-17
8910.510 2.641e-17
8911.387 2.640e-17
8912.263 2.639e-17
8913.140 2.637e-17
8914.017 2.636e-17
8914.893 2.635e-17
8915.770 2.634e-17
8916.647 2.632e-17
8917.523 2.631e-17
8918.400 2.609e-17
8919.277 3.204e-17
8920.153 2.617e-17
8921.030 2.626e-17
8921.907 2.617e-17
8922.783 2.623e-17
8923.660 2.624e-17
8924.537 2.624e-17
8925.413 2.623e-17
8926.290 2.624e-17
8927.167 2.618e-17
8928.043 2.623e-17
8928.920 2.621e-17
8929.797 2.679e-17
8930.673 2.881e-17
8931.550 2.962e-17
8932.427 2.611e-17
8933.303 2.615e-17
8934.180 2.734e-17
8935.057 2.621e-17
8935.933 2.620e-17
8936.810 3.104e-17
8937.687 2.622e-17
8938.563 2.621e-17
8939.440 2.621e-17
8940.317 2.620e-17
8941.193 2.621e-17
8942.070 2.620e-17
8942.947 2.576e-17
8943.823 2.672e-17
8944.700 2.539e-17
8945.577 2.620e-17
8946.453 2.618e-17
8947.330 2.621e-17
8948.207 2.619e-17
8949.083 2.590e-17
8949.960 3.069e-17
8950.837 2.611e-17
8951.713 2.618e-17
8952.590 2.620e-17
8953.467 2.617e-17
8954.343 2.560e-17
8955.220 2.618e-17
8956.097 2.618e-17
8956.973 2.572e-17
8957.850 2.599e-17
8958.727 2.619e-17
8959.603 2.620e-17
8960.480 4.059e-16
8961.357 2.617e-17
8962.233 2.621e-17
8963.110 2.599e-17
8963.987 2.605e-17
8964.863 2.071e-17
8965.740 2.580e-17
8966.617 2.601e-17
8967.493 3.605e-17
8968.370 2.570e-17
8969.247 2.580e-17
8970.123 2.597e-17
8971.000 3.347e-17
8971.877 3.256e-17
8972.753 2.586e-17
8973.630 1.111e-16
8974.507 2.555e-17
8975.383 2.330e-17
8976.260 2.686e-17
8977.137 2.270e-17
8978.013 2.594e-17
8978.890 2.331e-17
8979.767 2.567e-17
8980.643 2.565e-17
8981.520 2.560e-17
8982.397 2.535e-17
8983.273 2.361e-17
8984.150 2.547e-17
8985.027 2.556e-17
8985.903 2.555e-17
8986.780 2.537e-17
8987.657 2.551e-17
8988.533 2.527e-17
8989.410 2.932e-17
8990.287 2.234e-17
8991.163 2.514e-17
8992.040 2.350e-17
8992.917 2.465e-17
8993.793 2.433e-17
8994.670 2.399e-17
8995.547 3.365e-17
8996.423 2.537e-17
8997.300 2.542e-17
8998.177 2.543e-17
8999.053 2.542e-17
8999.930 2.540e-17
9000.807 2.538e-17
9001.683 2.528e-17
9002.560 2.114e-17
9003.437 2.442e-17
9004.313 2.532e-17
9005.190 2.529e-17
9006.067 1.526e-17
9006.943 2.518e-17
9007.820 2.535e-17
9008.697 2.534e-17
9009.573 2.175e-17
9010.450 2.460e-17
9011.327 2.511e-17
9012.203 2.535e-17
9013.080 2.534e-17
9013.957 2.478e-17
9014.833 2.503e-17
9015.710 2.532e-17
9016.587 2.536e-17
9017.463 2.528e-17
9018.340 2.508e-17
9019.217 8.304e-18
9020.093 2.507e-17
9020.970 2.528e-17
9021.847 2.534e-17
9022.723 2.511e-17
9023.600 2.526e-17
9024.477 2.505e-17
9025.353 2.323e-17
9026.230 2.522e-17
9027.107 2.503e-17
9027.983 2.428e-17
9028.860 2.460e-17
9029.737 2.521e-17
9030.613 2.524e-17
9031.490 3.389e-17
9032.367 2.518e-17
9033.243 2.514e-17
9034.120 2.448e-17
9034.997 2.517e-17
9035.873 2.519e-17
9036.750 2.517e-17
9037.627 2.508e-17
9038.503 2.516e-17
9039.380 2.515e-17
9040.257 2.513e-17
9041.133 2.511e-17
9042.010 2.509e-17
9042.887 2.503e-17
9043.763 2.492e-17
9044.640 2.440e-17
9045.517 2.432e-17
9046.393 2.507e-17
9047.270 2.509e-17
9048.147 2.509e-17
9049.023 2.508e-17
9049.900 2.245e-17
9050.777 2.502e-17
9051.653 5.467e-16
9052.530 2.506e-17
9053.407 2.485e-17
9054.283 2.503e-17
9055.160 2.447e-17
9056.037 2.491e-17
9056.913 2.497e-17
9057.790 2.505e-17
9058.667 2.505e-17
9059.543 3.339e-17
9060.420 2.503e-17
9061.297 2.503e-17
9062.173 2.498e-17
9063.050 2.229e-17
9063.927 2.489e-17
9064.803 2.478e-17
9065.680 2.480e-17
9066.557 1.916e-17
9067.433 2.486e-17
9068.310 2.476e-17
9069.187 2.482e-17
9070.063 2.442e-17
9070.940 3.499e-17
9071.817 2.158e-17
9072.693 2.460e-17
9073.570 2.452e-17
9074.447 4.721e-18
9075.323 2.443e-17
9076.200 2.446e-17
9077.077 2.572e-17
9077.953 2.453e-17
9078.830 2.561e-17
9079.707 2.451e-17
9080.583 2.443e-17
9081.460 2.145e-17
9082.337 1.208e-17
9083.213 2.387e-17
9084.090 2.347e-17
9084.967 2.440e-17
9085.843 2.430e-17
9086.720 2.445e-17
9087.597 2.428e-17
9088.473 2.428e-17
9089.350 1.979e-17
9090.227 2.425e-17
9091.103 2.445e-17
9091.980 2.436e-17
9092.857 3.067e-17
9093.733 2.804e-17
9094.610 2.477e-17
9095.487 2.438e-17
9096.363 2.021e-17
9097.240 2.440e-17
9098.117 2.432e-17
9098.993 2.454e-17
9099.870 2.634e-17
9100.747 2.358e-17
9101.623 2.429e-17
9102.500 2.242e-17
