4500.000 2.989e-17
4500.877 3.002e-17
4501.753 3.014e-17
4502.630 3.026e-17
4503.507 3.038e-17
4504.383 3.050e-17
4505.260 3.062e-17
4506.137 3.075e-17
4507.013 3.073e-17
4507.890 3.068e-17
4508.767 3.063e-17
4509.643 3.057e-17
4510.520 3.052e-17
4511.397 3.047e-17
4512.273 3.042e-17
4513.150 3.037e-17
4514.027 3.032e-17
4514.903 3.027e-17
4515.780 3.022e-17
4516.657 3.011e-17
4517.533 2.991e-17
4518.410 2.971e-17
4519.287 2.952e-17
4520.163 2.932e-17
4521.040 2.912e-17
4521.917 2.892e-17
4522.793 2.872e-17
4523.670 2.852e-17
4524.547 2.832e-17
4525.423 2.813e-17
4526.300 2.793e-17
4527.177 2.795e-17
4528.053 2.797e-17
4528.930 2.799e-17
4529.807 2.809e-17
4530.683 2.804e-17
4531.560 2.806e-17
4532.437 2.808e-17
4533.313 2.811e-17
4534.190 2.813e-17
4535.067 2.815e-17
4535.943 2.817e-17
4536.820 2.818e-17
4537.697 2.818e-17
4538.573 2.818e-17
4539.450 2.818e-17
4540.327 2.818e-17
4541.203 2.818e-17
4542.080 2.818e-17
4542.957 3.846e-17
4543.833 2.818e-17
4544.710 2.818e-17
4545.587 3.177e-17
4546.463 2.819e-17
4547.340 2.824e-17
4548.217 2.829e-17
4549.093 2.834e-17
4549.970 2.839e-17
4550.847 2.844e-17
4551.723 2.849e-17
4552.600 2.854e-17
4553.477 2.859e-17
4554.353 3.207e-17
4555.230 2.869e-17
4556.107 2.874e-17
4556.983 2.878e-17
4557.860 2.882e-17
4558.737 2.885e-17
4559.613 2.889e-17
4560.490 2.893e-17
4561.367 2.896e-17
4562.243 2.900e-17
4563.120 2.904e-17
4563.997 2.907e-17
4564.873 2.911e-17
4565.750 2.914e-17
4566.627 2.917e-17
4567.503 2.919e-17
4568.380 2.920e-17
4569.257 3.083e-17
4570.133 2.923e-17
4571.010 2.924e-17
4571.887 2.926e-17
4572.763 2.927e-17
4573.640 2.928e-17
4574.517 2.930e-17
4575.393 2.931e-17
4576.270 2.932e-17
4577.147 2.918e-17
4578.023 2.903e-17
4578.900 2.887e-17
4579.777 2.872e-17
4580.653 2.857e-17
4581.530 2.842e-17
4582.407 2.827e-17
4583.283 2.812e-17
4584.160 2.872e-17
4585.037 2.781e-17
4585.913 2.766e-17
4586.790 2.761e-17
4587.667 2.764e-17
4588.543 2.767e-17
4589.420 2.770e-17
4590.297 2.773e-17
4591.173 2.776e-17
4592.050 2.779e-17
4592.927 2.782e-17
4593.803 2.785e-17
4594.680 2.788e-17
4595.557 2.791e-17
4596.433 2.794e-17
4597.310 2.797e-17
4598.187 2.799e-17
4599.063 2.801e-17
4599.940 2.803e-17
4600.817 2.805e-17
4601.693 2.808e-17
4602.570 2.810e-17
4603.447 2.812e-17
4604.323 2.814e-17
4605.200 2.817e-17
4606.077 2.819e-17
4606.953 2.820e-17
4607.830 2.820e-17
4608.707 2.821e-17
4609.583 2.821e-17
4610.460 2.822e-17
4611.337 2.822e-17
4612.213 2.823e-17
4613.090 2.823e-17
4613.967 2.824e-17
4614.843 2.824e-17
4615.720 2.825e-17
4616.597 2.826e-17
4617.473 2.830e-17
4618.350 2.835e-17
4619.227 2.839e-17
4620.103 2.843e-17
4620.980 2.847e-17
4621.857 2.851e-17
4622.733 2.855e-17
4623.610 2.859e-17
4624.487 2.863e-17
4625.363 2.867e-17
4626.240 2.872e-17
4627.117 2.864e-17
4627.993 2.857e-17
4628.870 2.849e-17
4629.747 2.841e-17
4630.623 2.833e-17
4631.500 2.825e-17
4632.377 2.817e-17
4633.253 2.809e-17
4634.130 2.801e-17
4635.007 2.794e-17
4635.883 2.786e-17
4636.760 2.778e-17
4637.637 2.770e-17
4638.513 2.762e-17
4639.390 2.754e-17
4640.267 2.746e-17
4641.143 2.739e-17
4642.020 2.731e-17
4642.897 2.723e-17
4643.773 2.715e-17
4644.650 2.708e-17
4645.527 2.700e-17
4646.403 2.694e-17
4647.280 2.700e-17
4648.157 2.705e-17
4649.033 2.711e-17
4649.910 2.717e-17
4650.787 2.723e-17
4651.663 2.729e-17
4652.540 2.735e-17
4653.417 2.741e-17
4654.293 2.747e-17
4655.170 2.752e-17
4656.047 2.758e-17
4656.923 2.750e-17
4657.800 2.736e-17
4658.677 2.724e-17
4659.553 2.711e-17
4660.430 2.698e-17
4661.307 2.685e-17
4662.183 2.673e-17
4663.060 2.660e-17
4663.937 2.647e-17
4664.813 2.634e-17
4665.690 2.622e-17
4666.567 2.616e-17
4667.443 2.626e-17
4668.320 2.635e-17
4669.197 2.645e-17
4670.073 2.655e-17
4670.950 2.665e-17
4671.827 2.674e-17
4672.703 2.684e-17
4673.580 2.949e-17
4674.457 2.704e-17
4675.333 2.713e-17
4676.210 2.723e-17
4677.087 3.892e-17
4677.963 2.720e-17
4678.840 2.717e-17
4679.717 2.715e-17
4680.593 2.713e-17
4681.470 2.710e-17
4682.347 2.708e-17
4683.223 2.706e-17
4684.100 2.703e-17
4684.977 2.701e-17
4685.853 2.699e-17
4686.730 2.697e-17
4687.607 2.697e-17
4688.483 2.696e-17
4689.360 2.696e-17
4690.237 2.695e-17
4691.113 2.694e-17
4691.990 2.693e-17
4692.867 2.693e-17
4693.743 2.693e-17
4694.620 2.692e-17
4695.497 2.691e-17
4696.373 2.690e-17
4697.250 2.678e-17
4698.127 2.665e-17
4699.003 2.654e-17
4699.880 2.642e-17
4700.757 2.630e-17
4701.633 2.618e-17
4702.510 2.607e-17
4703.387 2.595e-17
4704.263 2.583e-17
4705.140 2.572e-17
4706.017 2.560e-17
4706.893 2.566e-17
4707.770 2.581e-17
4708.647 2.596e-17
4709.523 2.611e-17
4710.400 2.625e-17
4711.277 2.640e-17
4712.153 2.655e-17
4713.030 2.670e-17
4713.907 2.685e-17
4714.783 2.700e-17
4715.660 2.715e-17
4716.537 2.726e-17
4717.413 2.728e-17
4718.290 2.731e-17
4719.167 2.734e-17
4720.043 2.736e-17
4720.920 2.739e-17
4721.797 2.741e-17
4722.673 2.744e-17
4723.550 2.746e-17
4724.427 2.749e-17
4725.303 2.751e-17
4726.180 2.753e-17
4727.057 2.749e-17
4727.933 2.744e-17
4728.810 2.739e-17
4729.687 2.734e-17
4730.563 2.728e-17
4731.440 2.724e-17
4732.317 2.718e-17
4733.193 2.713e-17
4734.070 2.708e-17
4734.947 2.703e-17
4735.823 2.697e-17
4736.700 2.697e-17
4737.577 2.704e-17
4738.453 2.710e-17
4739.330 2.716e-17
4740.207 2.722e-17
4741.083 2.729e-17
4741.960 2.735e-17
4742.837 2.741e-17
4743.713 2.747e-17
4744.590 2.754e-17
4745.467 2.760e-17
4746.343 2.765e-17
4747.220 2.761e-17
4748.097 2.758e-17
4748.973 2.754e-17
4749.850 2.750e-17
4750.727 2.745e-17
4751.603 2.741e-17
4752.480 2.736e-17
4753.357 2.731e-17
4754.233 2.726e-17
4755.110 2.722e-17
4755.987 2.717e-17
4756.863 2.711e-17
4757.740 2.703e-17
4758.617 2.696e-17
4759.493 2.689e-17
4760.370 2.681e-17
4761.247 2.674e-17
4762.123 2.666e-17
4763.000 2.659e-17
4763.877 2.652e-17
4764.753 2.645e-17
4765.630 2.638e-17
4766.507 2.635e-17
4767.383 2.646e-17
4768.260 2.658e-17
4769.137 2.669e-17
4770.013 2.681e-17
4770.890 2.692e-17
4771.767 2.704e-17
4772.643 2.715e-17
4773.520 2.727e-17
4774.397 2.739e-17
4775.273 2.750e-17
4776.150 2.762e-17
4777.027 2.758e-17
4777.903 2.750e-17
4778.780 2.743e-17
4779.657 2.735e-17
4780.533 2.728e-17
4781.410 2.721e-17
4782.287 2.713e-17
4783.163 2.706e-17
4784.040 2.699e-17
4784.917 2.691e-17
4785.793 2.684e-17
4786.670 2.682e-17
4787.547 2.689e-17
4788.423 2.695e-17
4789.300 2.702e-17
4790.177 2.708e-17
4791.053 2.715e-17
4791.930 2.721e-17
4792.807 2.727e-17
4793.683 2.734e-17
4794.560 2.740e-17
4795.437 2.747e-17
4796.313 2.753e-17
4797.190 2.748e-17
4798.067 2.743e-17
4798.943 2.738e-17
4799.820 2.734e-17
4800.697 2.729e-17
4801.573 2.724e-17
4802.450 2.719e-17
4803.327 2.714e-17
4804.203 2.710e-17
4805.080 2.705e-17
4805.957 2.700e-17
4806.833 2.701e-17
4807.710 2.706e-17
4808.587 2.710e-17
4809.463 2.715e-17
4810.340 2.720e-17
4811.217 2.725e-17
4812.093 2.730e-17
4812.970 3.085e-17
4813.847 2.898e-17
4814.723 2.745e-17
4815.600 2.749e-17
4816.477 2.753e-17
4817.353 2.745e-17
4818.230 2.738e-17
4819.107 2.730e-17
4819.983 2.723e-17
4820.860 2.715e-17
4821.737 2.708e-17
4822.613 2.700e-17
4823.490 2.692e-17
4824.367 2.685e-17
4825.243 3.143e-17
4826.120 2.711e-17
4826.997 2.666e-17
4827.873 2.665e-17
4828.750 2.664e-17
4829.627 2.663e-17
4830.503 2.662e-17
4831.380 2.661e-17
4832.257 2.660e-17
4833.133 2.658e-17
4834.010 2.657e-17
4834.887 2.656e-17
4835.763 2.655e-17
4836.640 2.653e-17
4837.517 2.647e-17
4838.393 2.641e-17
4839.270 2.635e-17
4840.147 2.629e-17
4841.023 2.623e-17
4841.900 2.617e-17
4842.777 2.611e-17
4843.653 2.606e-17
4844.530 2.600e-17
4845.407 2.594e-17
4846.283 2.588e-17
4847.160 2.574e-17
4848.037 2.559e-17
4848.913 2.544e-17
4849.790 2.529e-17
4850.667 2.515e-17
4851.543 2.500e-17
4852.420 2.486e-17
4853.297 2.471e-17
4854.173 2.456e-17
4855.050 2.442e-17
4855.927 2.428e-17
4856.803 2.410e-17
4857.680 2.388e-17
4858.557 2.367e-17
4859.433 2.346e-17
4860.310 2.324e-17
4861.187 2.303e-17
4862.063 2.281e-17
4862.940 2.260e-17
4863.817 2.239e-17
4864.693 2.217e-17
4865.570 2.196e-17
4866.447 2.177e-17
4867.323 2.197e-17
4868.200 2.217e-17
4869.077 2.237e-17
4869.953 2.257e-17
4870.830 2.277e-17
4871.707 2.297e-17
4872.583 2.317e-17
4873.460 2.337e-17
4874.337 2.358e-17
4875.213 2.378e-17
4876.090 2.398e-17
4876.967 2.410e-17
4877.843 2.417e-17
4878.720 2.425e-17
4879.597 2.433e-17
4880.473 2.440e-17
4881.350 2.448e-17
4882.227 2.456e-17
4883.103 2.463e-17
4883.980 3.099e-17
4884.857 2.478e-17
4885.733 2.486e-17
4886.610 2.493e-17
4887.487 2.496e-17
4888.363 2.500e-17
4889.240 2.504e-17
4890.117 2.508e-17
4890.993 2.511e-17
4891.870 2.515e-17
4892.747 2.519e-17
4893.623 2.523e-17
4894.500 2.526e-17
4895.377 2.530e-17
4896.253 2.534e-17
4897.130 2.538e-17
4898.007 2.541e-17
4898.883 2.545e-17
4899.760 2.549e-17
4900.637 2.553e-17
4901.513 2.557e-17
4902.390 2.561e-17
4903.267 2.564e-17
4904.143 2.568e-17
4905.020 2.572e-17
4905.897 2.576e-17
4906.773 2.573e-17
4907.650 2.561e-17
4908.527 2.549e-17
4909.403 2.537e-17
4910.280 2.525e-17
4911.157 2.513e-17
4912.033 2.502e-17
4912.910 2.490e-17
4913.787 2.478e-17
4914.663 2.466e-17
4915.540 2.454e-17
4916.417 2.443e-17
4917.293 2.442e-17
4918.170 2.441e-17
4919.047 2.440e-17
4919.923 2.439e-17
4920.800 2.439e-17
4921.677 2.438e-17
4922.553 2.437e-17
4923.430 2.436e-17
4924.307 2.435e-17
4925.183 2.434e-17
4926.060 2.434e-17
4926.937 2.432e-17
4927.813 2.431e-17
4928.690 2.429e-17
4929.567 2.427e-17
4930.443 2.426e-17
4931.320 2.424e-17
4932.197 2.422e-17
4933.073 2.421e-17
4933.950 2.419e-17
4934.827 2.418e-17
4935.703 2.416e-17
4936.580 2.418e-17
4937.457 2.434e-17
4938.333 2.450e-17
4939.210 5.063e-17
4940.087 2.481e-17
4940.963 2.497e-17
4941.840 2.513e-17
4942.717 2.528e-17
4943.593 2.544e-17
4944.470 2.560e-17
4945.347 2.575e-17
4946.223 2.591e-17
4947.100 2.583e-17
4947.977 2.569e-17
4948.853 2.556e-17
4949.730 2.542e-17
4950.607 2.528e-17
4951.483 2.514e-17
4952.360 2.500e-17
4953.237 2.487e-17
4954.113 2.473e-17
4954.990 2.459e-17
4955.867 2.445e-17
4956.743 2.440e-17
4957.620 2.448e-17
4958.497 2.456e-17
4959.373 2.463e-17
4960.250 2.471e-17
4961.127 2.479e-17
4962.003 2.487e-17
4962.880 2.495e-17
4963.757 2.503e-17
4964.633 2.734e-17
4965.510 2.518e-17
4966.387 2.526e-17
4967.263 2.525e-17
4968.140 2.524e-17
4969.017 2.523e-17
4969.893 2.522e-17
4970.770 2.521e-17
4971.647 2.520e-17
4972.523 2.520e-17
4973.400 2.519e-17
4974.277 2.518e-17
4975.153 2.517e-17
4976.030 2.516e-17
4976.907 2.506e-17
4977.783 2.491e-17
4978.660 2.475e-17
4979.537 2.459e-17
4980.413 2.444e-17
4981.290 2.428e-17
4982.167 2.412e-17
4983.043 2.397e-17
4983.920 2.381e-17
4984.797 2.365e-17
4985.673 2.350e-17
4986.550 2.338e-17
4987.427 2.347e-17
4988.303 2.356e-17
4989.180 2.365e-17
4990.057 2.374e-17
4990.933 2.383e-17
4991.810 2.392e-17
4992.687 2.401e-17
4993.563 2.410e-17
4994.440 2.418e-17
4995.317 2.427e-17
4996.193 2.436e-17
4997.070 2.429e-17
4997.947 2.417e-17
4998.823 2.405e-17
4999.700 2.393e-17
5000.577 2.382e-17
5001.453 2.370e-17
5002.330 2.359e-17
5003.207 2.348e-17
5004.083 2.336e-17
5004.960 2.325e-17
5005.837 2.686e-17
5006.713 2.304e-17
5007.590 2.300e-17
5008.467 2.295e-17
5009.343 2.290e-17
5010.220 2.285e-17
5011.097 2.280e-17
5011.973 2.275e-17
5012.850 2.270e-17
5013.727 2.265e-17
5014.603 2.260e-17
5015.480 2.255e-17
5016.357 2.250e-17
5017.233 2.257e-17
5018.110 2.263e-17
5018.987 2.271e-17
5019.863 2.278e-17
5020.740 2.285e-17
5021.617 2.292e-17
5022.493 2.300e-17
5023.370 2.307e-17
5024.247 2.314e-17
5025.123 2.321e-17
5026.000 2.325e-17
5026.877 2.333e-17
5027.753 2.336e-17
5028.630 2.339e-17
5029.507 2.342e-17
5030.383 2.345e-17
5031.260 2.348e-17
5032.137 2.352e-17
5033.013 2.355e-17
5033.890 2.358e-17
5034.767 2.361e-17
5035.643 2.363e-17
5036.520 2.366e-17
5037.397 2.359e-17
5038.273 2.352e-17
5039.150 2.328e-17
5040.027 2.339e-17
5040.903 2.330e-17
5041.780 2.326e-17
5042.657 2.319e-17
5043.533 2.304e-17
5044.410 2.302e-17
5045.287 2.297e-17
5046.163 2.292e-17
5047.040 2.298e-17
5047.917 2.310e-17
5048.793 2.320e-17
5049.670 2.332e-17
5050.547 2.343e-17
5051.423 2.354e-17
5052.300 2.365e-17
5053.177 2.376e-17
5054.053 2.387e-17
5054.930 2.398e-17
5055.807 2.409e-17
5056.683 2.415e-17
5057.560 2.412e-17
5058.437 2.408e-17
5059.313 2.405e-17
5060.190 2.401e-17
5061.067 2.398e-17
5061.943 2.394e-17
5062.820 2.391e-17
5063.697 2.386e-17
5064.573 2.384e-17
5065.450 2.381e-17
5066.327 2.377e-17
5067.203 2.371e-17
5068.080 2.366e-17
5068.957 2.360e-17
5069.833 2.355e-17
5070.710 2.349e-17
5071.587 2.339e-17
5072.463 2.337e-17
5073.340 2.332e-17
5074.217 2.324e-17
5075.093 2.321e-17
5075.970 2.316e-17
5076.847 2.313e-17
5077.723 2.312e-17
5078.600 2.315e-17
5079.477 2.315e-17
5080.353 2.315e-17
5081.230 2.317e-17
5082.107 2.318e-17
5082.983 2.318e-17
5083.860 2.319e-17
5084.737 2.320e-17
5085.613 2.318e-17
5086.490 2.321e-17
5087.367 2.320e-17
5088.243 2.320e-17
5089.120 2.319e-17
5089.997 2.318e-17
5090.873 2.317e-17
5091.750 2.317e-17
5092.627 2.316e-17
5093.503 2.315e-17
5094.380 2.314e-17
5095.257 2.312e-17
5096.133 2.313e-17
5097.010 2.314e-17
5097.887 2.317e-17
5098.763 2.319e-17
5099.640 2.321e-17
5100.517 2.324e-17
5101.393 2.326e-17
5102.270 2.329e-17
5103.147 2.330e-17
5104.023 2.334e-17
5104.900 2.336e-17
5105.777 2.339e-17
5106.653 2.342e-17
5107.530 2.346e-17
5108.407 2.350e-17
5109.283 2.355e-17
5110.160 2.359e-17
5111.037 2.363e-17
5111.913 2.367e-17
5112.790 2.371e-17
5113.667 2.376e-17
5114.543 2.380e-17
5115.420 2.384e-17
5116.297 2.388e-17
5117.173 2.378e-17
5118.050 2.365e-17
5118.927 2.353e-17
5119.803 2.341e-17
5120.680 2.328e-17
5121.557 2.316e-17
5122.433 2.303e-17
5123.310 2.291e-17
5124.187 2.278e-17
5125.063 2.266e-17
5125.940 2.254e-17
5126.817 2.247e-17
5127.693 2.246e-17
5128.570 2.245e-17
5129.447 2.244e-17
5130.323 2.243e-17
5131.200 2.242e-17
5132.077 2.241e-17
5132.953 2.240e-17
5133.830 2.239e-17
5134.707 2.238e-17
5135.583 2.237e-17
5136.460 2.236e-17
5137.337 2.237e-17
5138.213 2.238e-17
5139.090 2.239e-17
5139.967 2.239e-17
5140.843 2.240e-17
5141.720 2.241e-17
5142.597 2.242e-17
5143.473 2.242e-17
5144.350 2.243e-17
5145.227 2.244e-17
5146.103 2.245e-17
5146.980 2.246e-17
5147.857 2.248e-17
5148.733 2.250e-17
5149.610 2.252e-17
5150.487 2.254e-17
5151.363 2.256e-17
5152.240 2.258e-17
5153.117 2.260e-17
5153.993 2.261e-17
5154.870 2.263e-17
5155.747 2.265e-17
5156.623 2.261e-17
5157.500 2.240e-17
5158.377 2.218e-17
5159.253 2.197e-17
5160.130 2.175e-17
5161.007 2.154e-17
5161.883 2.132e-17
5162.760 2.111e-17
5163.637 2.089e-17
5164.513 2.068e-17
5165.390 2.047e-17
5166.267 2.025e-17
5167.143 2.026e-17
5168.020 2.031e-17
5168.897 2.036e-17
5169.773 2.040e-17
5170.650 2.045e-17
5171.527 2.050e-17
5172.403 2.055e-17
5173.280 2.060e-17
5174.157 2.064e-17
5175.033 2.069e-17
5175.910 2.074e-17
5176.787 2.074e-17
5177.663 2.067e-17
5178.540 2.060e-17
5179.417 2.053e-17
5180.293 2.046e-17
5181.170 2.039e-17
5182.047 2.032e-17
5182.923 2.025e-17
5183.800 2.018e-17
5184.677 2.012e-17
5185.553 2.005e-17
5186.430 1.999e-17
5187.307 2.014e-17
5188.183 2.029e-17
5189.060 2.044e-17
5189.937 2.060e-17
5190.813 2.075e-17
5191.690 2.090e-17
5192.567 2.105e-17
5193.443 2.120e-17
5194.320 2.136e-17
5195.197 2.151e-17
5196.073 2.166e-17
5196.950 2.173e-17
5197.827 2.173e-17
5198.703 2.173e-17
5199.580 2.173e-17
5200.457 2.173e-17
5201.333 2.172e-17
5202.210 2.172e-17
5203.087 2.172e-17
5203.963 2.172e-17
5204.840 2.172e-17
5205.717 2.172e-17
5206.593 2.172e-17
5207.470 2.178e-17
5208.347 2.184e-17
5209.223 2.191e-17
5210.100 2.197e-17
5210.977 2.203e-17
5211.853 2.210e-17
5212.730 2.216e-17
5213.607 2.222e-17
5214.483 2.228e-17
5215.360 2.234e-17
5216.237 2.241e-17
5217.113 2.237e-17
5217.990 2.229e-17
5218.867 2.640e-17
5219.743 2.213e-17
5220.620 2.205e-17
5221.497 2.197e-17
5222.373 2.189e-17
5223.250 2.181e-17
5224.127 2.173e-17
5225.003 2.165e-17
5225.880 2.157e-17
5226.757 2.155e-17
5227.633 2.161e-17
5228.510 2.166e-17
5229.387 2.172e-17
5230.263 2.178e-17
5231.140 2.183e-17
5232.017 2.189e-17
5232.893 2.195e-17
5233.770 2.201e-17
5234.647 2.206e-17
5235.523 2.212e-17
5236.400 2.218e-17
5237.277 2.223e-17
5238.153 2.228e-17
5239.030 2.233e-17
5239.907 2.238e-17
5240.783 2.243e-17
5241.660 2.247e-17
5242.537 2.253e-17
5243.413 2.258e-17
5244.290 2.264e-17
5245.167 2.269e-17
5246.043 2.274e-17
5246.920 2.275e-17
5247.797 2.272e-17
5248.673 2.269e-17
5249.550 2.266e-17
5250.427 2.263e-17
5251.303 3.428e-17
5252.180 2.257e-17
5253.057 2.253e-17
5253.933 2.250e-17
5254.810 2.247e-17
5255.687 2.277e-17
5256.563 2.240e-17
5257.440 2.652e-17
5258.317 2.219e-17
5259.193 2.170e-17
5260.070 2.147e-17
5260.947 2.124e-17
5261.823 2.101e-17
5262.700 2.440e-17
5263.577 2.055e-17
5264.453 2.032e-17
5265.330 2.009e-17
5266.207 1.986e-17
5267.083 1.987e-17
5267.960 2.000e-17
5268.837 2.013e-17
5269.713 2.026e-17
5270.590 2.039e-17
5271.467 2.052e-17
5272.343 2.065e-17
5273.220 2.078e-17
5274.097 2.091e-17
5274.973 2.104e-17
5275.850 2.117e-17
5276.727 2.128e-17
5277.603 4.327e-17
5278.480 2.139e-17
5279.357 2.144e-17
5280.233 2.150e-17
5281.110 2.155e-17
5281.987 2.161e-17
5282.863 2.166e-17
5283.740 2.172e-17
5284.617 2.177e-17
5285.493 2.183e-17
5286.370 2.188e-17
5287.247 2.190e-17
5288.123 2.191e-17
5289.000 2.192e-17
5289.877 2.194e-17
5290.753 2.195e-17
5291.630 2.196e-17
5292.507 2.197e-17
5293.383 2.199e-17
5294.260 2.200e-17
5295.137 2.201e-17
5296.013 2.203e-17
5296.890 2.204e-17
5297.767 2.207e-17
5298.643 2.209e-17
5299.520 2.211e-17
5300.397 2.214e-17
5301.273 2.216e-17
5302.150 2.219e-17
5303.027 2.221e-17
5303.903 2.223e-17
5304.780 2.226e-17
5305.657 2.228e-17
5306.533 2.230e-17
5307.410 2.231e-17
5308.287 2.231e-17
5309.163 2.232e-17
5310.040 2.232e-17
5310.917 2.232e-17
5311.793 2.233e-17
5312.670 2.233e-17
5313.547 2.234e-17
5314.423 2.234e-17
5315.300 2.234e-17
5316.177 2.235e-17
5317.053 2.224e-17
5317.930 2.207e-17
5318.807 2.190e-17
5319.683 2.173e-17
5320.560 2.156e-17
5321.437 2.139e-17
5322.313 2.122e-17
5323.190 2.105e-17
5324.067 2.088e-17
5324.943 2.071e-17
5325.820 2.054e-17
5326.697 2.093e-17
5327.573 2.057e-17
5328.450 2.069e-17
5329.327 2.082e-17
5330.203 2.095e-17
5331.080 2.126e-17
5331.957 3.716e-17
5332.833 2.132e-17
5333.710 2.145e-17
5334.587 2.158e-17
5335.463 2.170e-17
5336.340 2.183e-17
5337.217 2.180e-17
5338.093 2.175e-17
5338.970 2.169e-17
5339.847 2.163e-17
5340.723 2.157e-17
5341.600 2.151e-17
5342.477 2.145e-17
5343.353 2.139e-17
5344.230 2.133e-17
5345.107 2.127e-17
5345.983 2.121e-17
5346.860 2.122e-17
5347.737 2.133e-17
5348.613 2.144e-17
5349.490 2.155e-17
5350.367 2.166e-17
5351.243 2.176e-17
5352.120 2.187e-17
5352.997 2.198e-17
5353.873 2.209e-17
5354.750 2.220e-17
5355.627 2.506e-17
5356.503 2.241e-17
5357.380 2.231e-17
5358.257 2.220e-17
5359.133 2.210e-17
5360.010 2.199e-17
5360.887 2.189e-17
5361.763 2.178e-17
5362.640 2.168e-17
5363.517 2.157e-17
5364.393 2.147e-17
5365.270 2.136e-17
5366.147 2.126e-17
5367.023 2.122e-17
5367.900 2.122e-17
5368.777 2.123e-17
5369.653 2.123e-17
5370.530 2.124e-17
5371.407 2.124e-17
5372.283 2.125e-17
5373.160 2.126e-17
5374.037 2.126e-17
5374.913 2.126e-17
5375.790 2.127e-17
5376.667 2.128e-17
5377.543 2.129e-17
5378.420 2.130e-17
5379.297 2.132e-17
5380.173 2.133e-17
5381.050 2.135e-17
5381.927 2.136e-17
5382.803 2.137e-17
5383.680 2.139e-17
5384.557 2.140e-17
5385.433 2.141e-17
5386.310 2.143e-17
5387.187 2.138e-17
5388.063 2.131e-17
5388.940 2.125e-17
5389.817 2.118e-17
5390.693 2.112e-17
5391.570 2.105e-17
5392.447 2.099e-17
5393.323 2.092e-17
5394.200 2.086e-17
5395.077 2.079e-17
5395.953 2.073e-17
5396.830 2.066e-17
5397.707 2.061e-17
5398.583 2.055e-17
5399.460 2.048e-17
5400.337 2.044e-17
5401.213 2.038e-17
5402.090 2.032e-17
5402.967 2.026e-17
5403.843 2.019e-17
5404.720 2.015e-17
5405.597 2.009e-17
5406.473 2.003e-17
5407.350 2.012e-17
5408.227 2.020e-17
5409.103 2.029e-17
5409.980 2.038e-17
5410.857 2.046e-17
5411.733 2.056e-17
5412.610 2.065e-17
5413.487 2.073e-17
5414.363 2.081e-17
5415.240 2.091e-17
5416.117 2.100e-17
5416.993 2.100e-17
5417.870 2.095e-17
5418.747 2.089e-17
5419.623 2.085e-17
5420.500 2.080e-17
5421.377 2.075e-17
5422.253 2.069e-17
5423.130 2.064e-17
5424.007 2.059e-17
5424.883 2.054e-17
5425.760 2.049e-17
5426.637 2.045e-17
5427.513 2.049e-17
5428.390 2.053e-17
5429.267 2.057e-17
5430.143 2.059e-17
5431.020 2.065e-17
5431.897 2.069e-17
5432.773 2.073e-17
5433.650 2.077e-17
5434.527 2.081e-17
5435.403 2.084e-17
5436.280 2.087e-17
5437.157 2.086e-17
5438.033 2.090e-17
5438.910 2.089e-17
5439.787 2.089e-17
5440.663 2.089e-17
5441.540 2.090e-17
5442.417 2.090e-17
5443.293 2.091e-17
5444.170 2.091e-17
5445.047 2.091e-17
5445.923 2.092e-17
5446.800 2.093e-17
5447.677 2.096e-17
5448.553 2.098e-17
5449.430 2.100e-17
5450.307 2.103e-17
5451.183 2.105e-17
5452.060 2.107e-17
5452.937 2.110e-17
5453.813 2.112e-17
5454.690 2.114e-17
5455.567 2.117e-17
5456.443 2.119e-17
5457.320 2.118e-17
5458.197 2.117e-17
5459.073 2.115e-17
5459.950 2.114e-17
5460.827 2.112e-17
5461.703 2.112e-17
5462.580 2.110e-17
5463.457 2.108e-17
5464.333 2.107e-17
5465.210 2.105e-17
5466.087 2.105e-17
5466.963 2.103e-17
5467.840 2.099e-17
5468.717 2.096e-17
5469.593 2.093e-17
5470.470 2.089e-17
5471.347 2.086e-17
5472.223 2.083e-17
5473.100 2.080e-17
5473.977 2.076e-17
5474.853 2.073e-17
5475.730 2.070e-17
5476.607 2.067e-17
5477.483 2.070e-17
5478.360 2.072e-17
5479.237 2.074e-17
5480.113 2.079e-17
5480.990 2.082e-17
5481.867 2.084e-17
5482.743 2.087e-17
5483.620 2.091e-17
5484.497 2.094e-17
5485.373 2.097e-17
5486.250 2.100e-17
5487.127 2.103e-17
5488.003 2.106e-17
5488.880 2.109e-17
5489.757 2.112e-17
5490.633 2.115e-17
5491.510 2.116e-17
5492.387 2.119e-17
5493.263 2.120e-17
5494.140 2.121e-17
5495.017 2.122e-17
5495.893 2.123e-17
5496.770 2.123e-17
5497.647 2.119e-17
5498.523 2.115e-17
5499.400 2.111e-17
5500.277 2.106e-17
5501.153 2.103e-17
5502.030 2.099e-17
5502.907 2.095e-17
5503.783 2.091e-17
5504.660 2.087e-17
5505.537 2.084e-17
5506.413 2.080e-17
5507.290 2.079e-17
5508.167 2.079e-17
5509.043 2.078e-17
5509.920 2.078e-17
5510.797 2.077e-17
5511.673 2.077e-17
5512.550 2.077e-17
5513.427 2.076e-17
5514.303 2.076e-17
5515.180 2.075e-17
5516.057 2.075e-17
5516.933 2.073e-17
5517.810 2.070e-17
5518.687 2.067e-17
5519.563 2.064e-17
5520.440 2.061e-17
5521.317 2.058e-17
5522.193 2.055e-17
5523.070 2.052e-17
5523.947 2.048e-17
5524.823 2.045e-17
5525.700 2.042e-17
5526.577 2.040e-17
5527.453 2.041e-17
5528.330 2.043e-17
5529.207 2.045e-17
5530.083 2.047e-17
5530.960 2.048e-17
5531.837 2.050e-17
5532.713 2.052e-17
5533.590 2.054e-17
5534.467 2.055e-17
5535.343 2.057e-17
5536.220 2.059e-17
5537.097 2.059e-17
5537.973 2.060e-17
5538.850 2.061e-17
5539.727 2.062e-17
5540.603 2.063e-17
5541.480 2.065e-17
5542.357 2.066e-17
5543.233 2.067e-17
5544.110 2.069e-17
5544.987 2.687e-17
5545.863 2.071e-17
5546.740 2.072e-17
5547.617 2.072e-17
5548.493 2.072e-17
5549.370 2.072e-17
5550.247 2.072e-17
5551.123 2.072e-17
5552.000 2.071e-17
5552.877 2.071e-17
5553.753 2.071e-17
5554.630 2.071e-17
5555.507 2.071e-17
5556.383 2.071e-17
5557.260 2.066e-17
5558.137 2.060e-17
5559.013 2.054e-17
5559.890 2.048e-17
5560.767 2.042e-17
5561.643 2.035e-17
5562.520 2.029e-17
5563.397 2.023e-17
5564.273 2.017e-17
5565.150 2.011e-17
5566.027 2.005e-17
5566.903 2.003e-17
5567.780 2.005e-17
5568.657 2.007e-17
5569.533 2.009e-17
5570.410 2.011e-17
5571.287 2.012e-17
5572.163 2.014e-17
5573.040 2.016e-17
5573.917 2.018e-17
5574.793 2.020e-17
5575.670 2.022e-17
5576.547 2.024e-17
5577.423 2.019e-17
5578.300 2.014e-17
5579.177 2.009e-17
5580.053 2.005e-17
5580.930 2.000e-17
5581.807 1.995e-17
5582.683 1.991e-17
5583.560 1.986e-17
5584.437 1.981e-17
5585.313 1.976e-17
5586.190 1.972e-17
5587.067 1.971e-17
5587.943 1.973e-17
5588.820 1.974e-17
5589.697 1.976e-17
5590.573 1.977e-17
5591.450 1.979e-17
5592.327 1.980e-17
5593.203 1.982e-17
5594.080 1.983e-17
5594.957 1.985e-17
5595.833 1.987e-17
5596.710 1.988e-17
5597.587 1.991e-17
5598.463 1.994e-17
5599.340 4.838e-17
5600.217 1.999e-17
5601.093 2.001e-17
5601.970 2.004e-17
5602.847 2.007e-17
5603.723 2.009e-17
5604.600 2.012e-17
5605.477 2.014e-17
5606.353 2.017e-17
5607.230 2.017e-17
5608.107 2.015e-17
5608.983 2.013e-17
5609.860 2.012e-17
5610.737 2.010e-17
5611.613 2.009e-17
5612.490 2.007e-17
5613.367 2.005e-17
5614.243 2.004e-17
5615.120 2.002e-17
5615.997 2.001e-17
5616.873 2.000e-17
5617.750 2.002e-17
5618.627 2.004e-17
5619.503 2.006e-17
5620.380 2.008e-17
5621.257 2.010e-17
5622.133 2.012e-17
5623.010 2.014e-17
5623.887 2.015e-17
5624.763 2.017e-17
5625.640 2.019e-17
5626.517 2.021e-17
5627.393 2.022e-17
5628.270 2.023e-17
5629.147 2.023e-17
5630.023 2.024e-17
5630.900 2.025e-17
5631.777 2.026e-17
5632.653 2.026e-17
5633.530 2.027e-17
5634.407 2.028e-17
5635.283 2.029e-17
5636.160 2.029e-17
5637.037 2.030e-17
5637.913 2.029e-17
5638.790 2.028e-17
5639.667 2.027e-17
5640.543 2.027e-17
5641.420 2.026e-17
5642.297 2.025e-17
5643.173 2.025e-17
5644.050 2.024e-17
5644.927 2.024e-17
5645.803 2.023e-17
5646.680 2.267e-17
5647.557 2.017e-17
5648.433 2.013e-17
5649.310 2.008e-17
5650.187 2.004e-17
5651.063 2.000e-17
5651.940 1.995e-17
5652.817 1.991e-17
5653.693 1.986e-17
5654.570 1.982e-17
5655.447 1.977e-17
5656.323 1.973e-17
5657.200 1.973e-17
5658.077 1.975e-17
5658.953 1.978e-17
5659.830 1.980e-17
5660.707 1.982e-17
5661.583 1.984e-17
5662.460 1.987e-17
5663.337 1.989e-17
5664.213 1.991e-17
5665.090 1.993e-17
5665.967 1.996e-17
5666.843 1.999e-17
5667.720 2.003e-17
5668.597 2.007e-17
5669.473 2.011e-17
5670.350 2.016e-17
5671.227 2.322e-17
5672.103 2.024e-17
5672.980 2.029e-17
5673.857 2.033e-17
5674.733 2.037e-17
5675.610 2.041e-17
5676.487 2.046e-17
5677.363 2.041e-17
5678.240 2.035e-17
5679.117 2.029e-17
5679.993 2.023e-17
5680.870 2.017e-17
5681.747 2.011e-17
5682.623 2.004e-17
5683.500 1.998e-17
5684.377 1.990e-17
5685.253 1.986e-17
5686.130 1.980e-17
5687.007 1.971e-17
5687.883 1.981e-17
5688.760 1.986e-17
5689.637 1.990e-17
5690.513 1.993e-17
5691.390 1.996e-17
5692.267 2.000e-17
5693.143 2.004e-17
5694.020 1.989e-17
5694.897 2.011e-17
5695.773 2.012e-17
5696.650 2.018e-17
5697.527 2.003e-17
5698.403 2.315e-17
5699.280 1.996e-17
5700.157 1.989e-17
5701.033 1.981e-17
5701.910 1.975e-17
5702.787 1.968e-17
5703.663 1.961e-17
5704.540 1.953e-17
5705.417 1.946e-17
5706.293 1.939e-17
5707.170 1.939e-17
5708.047 1.943e-17
5708.923 1.947e-17
5709.800 1.951e-17
5710.677 1.955e-17
5711.553 1.959e-17
5712.430 1.962e-17
5713.307 1.967e-17
5714.183 1.970e-17
5715.060 1.975e-17
5715.937 1.979e-17
5716.813 1.983e-17
5717.690 1.988e-17
5718.567 1.993e-17
5719.443 1.998e-17
5720.320 2.003e-17
5721.197 1.996e-17
5722.073 2.007e-17
5722.950 2.018e-17
5723.827 2.022e-17
5724.703 2.028e-17
5725.580 2.033e-17
5726.457 2.039e-17
5727.333 2.038e-17
5728.210 2.036e-17
5729.087 2.035e-17
5729.963 2.034e-17
5730.840 2.032e-17
5731.717 2.030e-17
5732.593 2.030e-17
5733.470 2.028e-17
5734.347 2.027e-17
5735.223 2.025e-17
5736.100 2.024e-17
5736.977 2.023e-17
5737.853 2.023e-17
5738.730 2.021e-17
5739.607 2.021e-17
5740.483 2.020e-17
5741.360 2.019e-17
5742.237 2.019e-17
5743.113 2.018e-17
5743.990 2.017e-17
5744.867 2.016e-17
5745.743 2.015e-17
5746.620 2.012e-17
5747.497 2.010e-17
5748.373 2.009e-17
5749.250 2.005e-17
5750.127 2.003e-17
5751.003 2.000e-17
5751.880 1.997e-17
5752.757 1.994e-17
5753.633 1.990e-17
5754.510 1.983e-17
5755.387 1.984e-17
5756.263 1.981e-17
5757.140 1.980e-17
5758.017 1.981e-17
5758.893 1.982e-17
5759.770 1.983e-17
5760.647 1.983e-17
5761.523 1.985e-17
5762.400 1.986e-17
5763.277 1.986e-17
5764.153 1.987e-17
5765.030 1.985e-17
5765.907 1.989e-17
5766.783 1.990e-17
5767.660 1.991e-17
5768.537 1.991e-17
5769.413 1.992e-17
5770.290 1.992e-17
5771.167 1.993e-17
5772.043 1.993e-17
5772.920 1.993e-17
5773.797 1.995e-17
5774.673 1.995e-17
5775.550 1.996e-17
5776.427 1.997e-17
5777.303 1.992e-17
5778.180 1.986e-17
5779.057 1.981e-17
5779.933 1.975e-17
5780.810 1.969e-17
5781.687 1.963e-17
5782.563 1.958e-17
5783.440 1.951e-17
5784.317 1.946e-17
5785.193 1.941e-17
5786.070 1.935e-17
5786.947 1.933e-17
5787.823 1.936e-17
5788.700 1.939e-17
5789.577 1.943e-17
5790.453 1.946e-17
5791.330 1.949e-17
5792.207 1.953e-17
5793.083 1.956e-17
5793.960 1.960e-17
5794.837 1.963e-17
5795.713 1.967e-17
5796.590 1.970e-17
5797.467 1.971e-17
5798.343 1.972e-17
5799.220 1.973e-17
5800.097 1.973e-17
5800.973 1.974e-17
5801.850 1.975e-17
5802.727 1.976e-17
5803.603 1.977e-17
5804.480 1.978e-17
5805.357 1.979e-17
5806.233 1.979e-17
5807.110 1.980e-17
5807.987 1.982e-17
5808.863 1.983e-17
5809.740 1.984e-17
5810.617 1.985e-17
5811.493 1.986e-17
5812.370 1.988e-17
5813.247 1.989e-17
5814.123 1.990e-17
5815.000 1.991e-17
5815.877 1.992e-17
5816.753 1.993e-17
5817.630 1.995e-17
5818.507 1.996e-17
5819.383 1.998e-17
5820.260 1.999e-17
5821.137 2.001e-17
5822.013 2.002e-17
5822.890 2.004e-17
5823.767 2.005e-17
5824.643 2.006e-17
5825.520 2.008e-17
5826.397 2.009e-17
5827.273 2.009e-17
5828.150 2.008e-17
5829.027 2.006e-17
5829.903 2.004e-17
5830.780 2.004e-17
5831.657 2.002e-17
5832.533 2.001e-17
5833.410 2.000e-17
5834.287 1.998e-17
5835.163 1.997e-17
5836.040 1.996e-17
5836.917 1.995e-17
5837.793 1.995e-17
5838.670 1.995e-17
5839.547 1.995e-17
5840.423 1.995e-17
5841.300 1.995e-17
5842.177 1.995e-17
5843.053 1.995e-17
5843.930 1.995e-17
5844.807 1.996e-17
5845.683 1.996e-17
5846.560 1.996e-17
5847.437 1.990e-17
5848.313 1.984e-17
5849.190 1.978e-17
5850.067 1.972e-17
5850.943 1.966e-17
5851.820 1.960e-17
5852.697 1.953e-17
5853.573 1.948e-17
5854.450 1.942e-17
5855.327 1.936e-17
5856.203 1.929e-17
5857.080 1.929e-17
5857.957 1.932e-17
5858.833 1.936e-17
5859.710 1.939e-17
5860.587 1.942e-17
5861.463 1.945e-17
5862.340 1.949e-17
5863.217 1.948e-17
5864.093 1.955e-17
5864.970 1.958e-17
5865.847 1.962e-17
5866.723 1.965e-17
5867.600 4.682e-17
5868.477 1.967e-17
5869.353 1.967e-17
5870.230 1.968e-17
5871.107 4.111e-17
5871.983 1.971e-17
5872.860 1.969e-17
5873.737 1.973e-17
5874.613 1.974e-17
5875.490 1.975e-17
5876.367 1.976e-17
5877.243 1.962e-17
5878.120 1.956e-17
5878.997 1.951e-17
5879.873 1.948e-17
5880.750 1.938e-17
5881.627 1.929e-17
5882.503 1.916e-17
5883.380 1.913e-17
5884.257 1.908e-17
5885.133 1.901e-17
5886.010 1.893e-17
5886.887 1.885e-17
5887.763 1.872e-17
5888.640 1.862e-17
5889.517 1.846e-17
5890.393 1.833e-17
5891.270 1.773e-17
5892.147 1.820e-17
5893.023 1.808e-17
5893.900 1.796e-17
5894.777 1.786e-17
5895.653 1.779e-17
5896.530 1.761e-17
5897.407 1.781e-17
5898.283 1.792e-17
5899.160 1.802e-17
5900.037 1.819e-17
5900.913 1.839e-17
5901.790 1.846e-17
5902.667 1.868e-17
5903.543 1.882e-17
5904.420 1.896e-17
5905.297 2.008e-17
5906.173 1.927e-17
5907.050 1.927e-17
5907.927 1.928e-17
5908.803 1.927e-17
5909.680 1.924e-17
5910.557 1.914e-17
5911.433 1.922e-17
5912.310 1.906e-17
5913.187 1.917e-17
5914.063 1.914e-17
5914.940 1.912e-17
5915.817 1.884e-17
5916.693 1.907e-17
5917.570 1.908e-17
5918.447 1.909e-17
5919.323 1.912e-17
5920.200 1.907e-17
5921.077 1.911e-17
5921.953 1.915e-17
5922.830 1.912e-17
5923.707 1.916e-17
5924.583 1.918e-17
5925.460 1.874e-17
5926.337 7.825e-17
5927.213 1.920e-17
5928.090 1.919e-17
5928.967 1.918e-17
5929.843 1.908e-17
5930.720 1.909e-17
5931.597 1.914e-17
5932.473 1.912e-17
5933.350 1.911e-17
5934.227 1.908e-17
5935.103 1.908e-17
5935.980 1.907e-17
5936.857 1.900e-17
5937.733 1.903e-17
5938.610 1.901e-17
5939.487 1.898e-17
5940.363 1.897e-17
5941.240 1.895e-17
5942.117 1.875e-17
5942.993 1.888e-17
5943.870 1.883e-17
5944.747 1.886e-17
5945.623 1.884e-17
5946.500 1.879e-17
5947.377 1.873e-17
5948.253 1.878e-17
5949.130 1.880e-17
5950.007 1.882e-17
5950.883 1.857e-17
5951.760 1.878e-17
5952.637 1.875e-17
5953.513 1.883e-17
5954.390 1.883e-17
5955.267 1.883e-17
5956.143 1.884e-17
5957.020 1.884e-17
5957.897 1.884e-17
5958.773 1.885e-17
5959.650 1.883e-17
5960.527 1.887e-17
5961.403 1.890e-17
5962.280 1.891e-17
5963.157 1.890e-17
5964.033 1.891e-17
5964.910 1.895e-17
5965.787 1.897e-17
5966.663 1.895e-17
5967.540 1.893e-17
5968.417 1.889e-17
5969.293 1.882e-17
5970.170 1.887e-17
5971.047 1.886e-17
5971.923 8.225e-17
5972.800 1.880e-17
5973.677 1.879e-17
5974.553 1.877e-17
5975.430 1.875e-17
5976.307 1.872e-17
5977.183 1.870e-17
5978.060 1.867e-17
5978.937 1.864e-17
5979.813 1.861e-17
5980.690 1.860e-17
5981.567 1.859e-17
5982.443 1.856e-17
5983.320 1.853e-17
5984.197 1.853e-17
5985.073 1.851e-17
5985.950 1.846e-17
5986.827 1.839e-17
5987.703 1.848e-17
5988.580 1.847e-17
5989.457 1.850e-17
5990.333 1.849e-17
5991.210 1.850e-17
5992.087 1.850e-17
5992.963 1.853e-17
5993.840 1.853e-17
5994.717 1.850e-17
5995.593 1.852e-17
5996.470 1.856e-17
5997.347 1.854e-17
5998.223 1.851e-17
5999.100 1.847e-17
5999.977 1.846e-17
6000.853 1.844e-17
6001.730 1.841e-17
6002.607 1.840e-17
6003.483 1.837e-17
6004.360 1.832e-17
6005.237 1.833e-17
6006.113 1.830e-17
6006.990 1.829e-17
6007.867 1.829e-17
6008.743 1.828e-17
6009.620 1.829e-17
6010.497 1.829e-17
6011.373 1.829e-17
6012.250 1.829e-17
6013.127 1.829e-17
6014.003 1.830e-17
6014.880 1.830e-17
6015.757 1.830e-17
6016.633 1.829e-17
6017.510 1.821e-17
6018.387 1.825e-17
6019.263 1.822e-17
6020.140 1.820e-17
6021.017 1.817e-17
6021.893 1.815e-17
6022.770 1.812e-17
6023.647 1.810e-17
6024.523 1.807e-17
6025.400 1.805e-17
6026.277 1.802e-17
6027.153 1.804e-17
6028.030 1.807e-17
6028.907 1.813e-17
6029.783 1.818e-17
6030.660 1.823e-17
6031.537 1.828e-17
6032.413 1.832e-17
6033.290 1.837e-17
6034.167 1.842e-17
6035.043 1.847e-17
6035.920 2.728e-17
6036.797 1.856e-17
6037.673 1.855e-17
6038.550 1.854e-17
6039.427 1.853e-17
6040.303 1.852e-17
6041.180 1.851e-17
6042.057 1.850e-17
6042.933 1.849e-17
6043.810 1.848e-17
6044.687 1.847e-17
6045.563 1.846e-17
6046.440 1.845e-17
6047.317 1.844e-17
6048.193 1.843e-17
6049.070 1.842e-17
6049.947 1.841e-17
6050.823 1.840e-17
6051.700 1.839e-17
6052.577 1.837e-17
6053.453 1.836e-17
6054.330 1.835e-17
6055.207 1.834e-17
6056.083 1.833e-17
6056.960 1.832e-17
6057.837 1.832e-17
6058.713 1.831e-17
6059.590 1.831e-17
6060.467 1.830e-17
6061.343 1.830e-17
6062.220 1.830e-17
6063.097 1.829e-17
6063.973 1.829e-17
6064.850 1.828e-17
6065.727 1.828e-17
6066.603 1.827e-17
6067.480 1.827e-17
6068.357 1.827e-17
6069.233 1.827e-17
6070.110 1.826e-17
6070.987 1.826e-17
6071.863 1.826e-17
6072.740 1.826e-17
6073.617 1.825e-17
6074.493 1.825e-17
6075.370 1.825e-17
6076.247 1.824e-17
6077.123 1.824e-17
6078.000 1.823e-17
6078.877 1.821e-17
6079.753 1.820e-17
6080.630 1.819e-17
6081.507 1.817e-17
6082.383 1.816e-17
6083.260 1.815e-17
6084.137 1.813e-17
6085.013 1.812e-17
6085.890 1.811e-17
6086.767 1.809e-17
6087.643 1.809e-17
6088.520 1.809e-17
6089.397 1.809e-17
6090.273 1.809e-17
6091.150 1.808e-17
6092.027 1.808e-17
6092.903 1.808e-17
6093.780 1.808e-17
6094.657 1.808e-17
6095.533 1.808e-17
6096.410 1.807e-17
6097.287 1.805e-17
6098.163 1.802e-17
6099.040 1.799e-17
6099.917 1.796e-17
6100.793 1.792e-17
6101.670 1.789e-17
6102.547 1.786e-17
6103.423 1.783e-17
6104.300 1.780e-17
6105.177 1.776e-17
6106.053 1.773e-17
6106.930 1.771e-17
6107.807 1.774e-17
6108.683 1.777e-17
6109.560 1.780e-17
6110.437 1.783e-17
6111.313 1.785e-17
6112.190 1.788e-17
6113.067 1.791e-17
6113.943 1.794e-17
6114.820 1.797e-17
6115.697 1.800e-17
6116.573 1.802e-17
6117.450 1.800e-17
6118.327 1.797e-17
6119.203 1.793e-17
6120.080 1.790e-17
6120.957 1.787e-17
6121.833 1.784e-17
6122.710 1.781e-17
6123.587 1.777e-17
6124.463 1.774e-17
6125.340 1.771e-17
6126.217 1.768e-17
6127.093 1.765e-17
6127.970 1.763e-17
6128.847 1.761e-17
6129.723 1.759e-17
6130.600 1.758e-17
6131.477 1.756e-17
6132.353 1.754e-17
6133.230 1.752e-17
6134.107 1.750e-17
6134.983 1.748e-17
6135.860 1.746e-17
6136.737 1.744e-17
6137.613 1.746e-17
6138.490 3.025e-17
6139.367 1.750e-17
6140.243 1.752e-17
6141.120 4.490e-17
6141.997 1.756e-17
6142.873 1.757e-17
6143.750 1.759e-17
6144.627 1.761e-17
6145.503 1.763e-17
6146.380 1.765e-17
6147.257 1.765e-17
6148.133 1.765e-17
6149.010 1.765e-17
6149.887 1.764e-17
6150.763 1.764e-17
6151.640 1.764e-17
6152.517 1.763e-17
6153.393 1.763e-17
6154.270 1.763e-17
6155.147 1.762e-17
6156.023 1.762e-17
6156.900 1.760e-17
6157.777 1.756e-17
6158.653 1.745e-17
6159.530 1.737e-17
6160.407 1.729e-17
6161.283 1.721e-17
6162.160 1.714e-17
6163.037 1.706e-17
6163.913 1.698e-17
6164.790 1.690e-17
6165.667 1.683e-17
6166.543 1.675e-17
6167.420 1.679e-17
6168.297 1.686e-17
6169.173 1.692e-17
6170.050 1.699e-17
6170.927 1.706e-17
6171.803 1.712e-17
6172.680 1.719e-17
6173.557 1.726e-17
6174.433 1.732e-17
6175.310 1.739e-17
6176.187 1.746e-17
6177.063 1.750e-17
6177.940 3.568e-17
6178.817 1.752e-17
6179.693 1.753e-17
6180.570 1.753e-17
6181.447 1.754e-17
6182.323 1.755e-17
6183.200 1.756e-17
6184.077 1.757e-17
6184.953 1.758e-17
6185.830 1.759e-17
6186.707 1.759e-17
6187.583 1.758e-17
6188.460 1.756e-17
6189.337 1.755e-17
6190.213 1.753e-17
6191.090 1.752e-17
6191.967 1.750e-17
6192.843 1.748e-17
6193.720 1.747e-17
6194.597 4.257e-17
6195.473 1.744e-17
6196.350 1.742e-17
6197.227 1.742e-17
6198.103 1.744e-17
6198.980 1.745e-17
6199.857 1.747e-17
6200.733 1.748e-17
6201.610 1.750e-17
6202.487 1.752e-17
6203.363 1.753e-17
6204.240 1.755e-17
6205.117 1.756e-17
6205.993 1.758e-17
6206.870 1.758e-17
6207.747 1.755e-17
6208.623 1.751e-17
6209.500 1.748e-17
6210.377 1.744e-17
6211.253 1.741e-17
6212.130 1.737e-17
6213.007 1.734e-17
6213.883 1.730e-17
6214.760 4.913e-17
6215.637 1.723e-17
6216.513 1.719e-17
6217.390 1.720e-17
6218.267 1.721e-17
6219.143 1.722e-17
6220.020 1.723e-17
6220.897 1.725e-17
6221.773 1.726e-17
6222.650 1.727e-17
6223.527 1.314e-16
6224.403 1.729e-17
6225.280 1.731e-17
6226.157 1.732e-17
6227.033 1.731e-17
6227.910 1.727e-17
6228.787 1.724e-17
6229.663 1.720e-17
6230.540 1.716e-17
6231.417 1.712e-17
6232.293 1.709e-17
6233.170 1.705e-17
6234.047 1.701e-17
6234.923 1.697e-17
6235.800 1.694e-17
6236.677 1.690e-17
6237.553 1.689e-17
6238.430 1.688e-17
6239.307 1.687e-17
6240.183 1.685e-17
6241.060 1.684e-17
6241.937 9.213e-17
6242.813 1.682e-17
6243.690 1.681e-17
6244.567 1.680e-17
6245.443 1.270e-16
6246.320 1.677e-17
6247.197 1.676e-17
6248.073 1.673e-17
6248.950 1.672e-17
6249.827 1.669e-17
6250.703 1.667e-17
6251.580 1.665e-17
6252.457 1.663e-17
6253.333 1.661e-17
6254.210 1.659e-17
6255.087 1.657e-17
6255.963 1.655e-17
6256.840 1.654e-17
6257.717 1.658e-17
6258.593 1.722e-17
6259.470 1.666e-17
6260.347 1.670e-17
6261.223 1.675e-17
6262.100 1.679e-17
6262.977 1.683e-17
6263.853 1.687e-17
6264.730 1.691e-17
6265.607 1.696e-17
6266.483 1.700e-17
6267.360 1.700e-17
6268.237 1.700e-17
6269.113 1.699e-17
6269.990 2.874e-17
6270.867 1.699e-17
6271.743 1.698e-17
6272.620 1.698e-17
6273.497 1.698e-17
6274.373 1.696e-17
6275.250 1.697e-17
6276.127 1.697e-17
6277.003 1.689e-17
6277.880 1.696e-17
6278.757 1.685e-17
6279.633 1.684e-17
6280.510 1.683e-17
6281.387 1.692e-17
6282.263 1.684e-17
6283.140 1.692e-17
6284.017 1.692e-17
6284.893 1.693e-17
6285.770 1.691e-17
6286.647 1.691e-17
6287.523 1.673e-17
6288.400 1.689e-17
6289.277 1.686e-17
6290.153 1.685e-17
6291.030 1.672e-17
6291.907 1.582e-17
6292.783 1.680e-17
6293.660 1.677e-17
6294.537 1.671e-17
6295.413 1.675e-17
6296.290 1.672e-17
6297.167 1.669e-17
6298.043 2.086e-17
6298.920 1.663e-17
6299.797 1.664e-17
6300.673 1.661e-17
6301.550 1.661e-17
6302.427 1.659e-17
6303.303 1.656e-17
6304.180 1.654e-17
6305.057 1.652e-17
6305.933 1.650e-17
6306.810 1.648e-17
6307.687 1.641e-17
6308.563 1.643e-17
6309.440 1.642e-17
6310.317 2.489e-17
6311.193 1.634e-17
6312.070 1.636e-17
6312.947 1.637e-17
6313.823 1.637e-17
6314.700 1.636e-17
6315.577 1.637e-17
6316.453 1.637e-17
6317.330 1.638e-17
6318.207 1.637e-17
6319.083 1.636e-17
6319.960 1.638e-17
6320.837 1.638e-17
6321.713 1.629e-17
6322.590 1.638e-17
6323.467 1.639e-17
6324.343 1.638e-17
6325.220 1.639e-17
6326.097 1.638e-17
6326.973 1.639e-17
6327.850 1.639e-17
6328.727 1.640e-17
6329.603 1.640e-17
6330.480 1.639e-17
6331.357 1.626e-17
6332.233 1.640e-17
6333.110 1.640e-17
6333.987 1.640e-17
6334.863 1.640e-17
6335.740 1.640e-17
6336.617 1.640e-17
6337.493 1.640e-17
6338.370 1.640e-17
6339.247 1.639e-17
6340.123 1.640e-17
6341.000 1.640e-17
6341.877 1.637e-17
6342.753 1.639e-17
6343.630 1.639e-17
6344.507 1.639e-17
6345.383 1.639e-17
6346.260 1.639e-17
6347.137 1.639e-17
6348.013 1.639e-17
6348.890 1.638e-17
6349.767 1.639e-17
6350.643 1.639e-17
6351.520 1.639e-17
6352.397 1.637e-17
6353.273 1.637e-17
6354.150 1.638e-17
6355.027 1.638e-17
6355.903 1.638e-17
6356.780 1.637e-17
6357.657 1.637e-17
6358.533 1.637e-17
6359.410 1.636e-17
6360.287 1.636e-17
6361.163 1.634e-17
6362.040 1.636e-17
6362.917 1.633e-17
6363.793 1.635e-17
6364.670 1.635e-17
6365.547 2.781e-15
6366.423 1.634e-17
6367.300 1.634e-17
6368.177 1.634e-17
6369.053 1.633e-17
6369.930 1.633e-17
6370.807 1.632e-17
6371.683 1.632e-17
6372.560 1.632e-17
6373.437 1.631e-17
6374.313 1.631e-17
6375.190 1.630e-17
6376.067 1.631e-17
6376.943 1.630e-17
6377.820 1.630e-17
6378.697 1.629e-17
6379.573 1.629e-17
6380.450 1.629e-17
6381.327 1.628e-17
6382.203 1.628e-17
6383.080 1.627e-17
6383.957 1.627e-17
6384.833 1.627e-17
6385.710 1.627e-17
6386.587 1.626e-17
6387.463 1.626e-17
6388.340 3.567e-17
6389.217 1.625e-17
6390.093 1.625e-17
6390.970 1.624e-17
6391.847 1.624e-17
6392.723 1.622e-17
6393.600 1.621e-17
6394.477 1.619e-17
6395.353 1.618e-17
6396.230 1.615e-17
6397.107 1.615e-17
6397.983 1.613e-17
6398.860 1.612e-17
6399.737 1.610e-17
6400.613 1.608e-17
6401.490 1.607e-17
6402.367 1.605e-17
6403.243 1.604e-17
6404.120 1.602e-17
6404.997 1.600e-17
6405.873 1.599e-17
6406.750 1.597e-17
6407.627 1.596e-17
6408.503 1.594e-17
6409.380 1.592e-17
6410.257 1.591e-17
6411.133 1.589e-17
6412.010 1.588e-17
6412.887 1.588e-17
6413.763 1.588e-17
6414.640 1.588e-17
6415.517 4.767e-17
6416.393 1.588e-17
6417.270 1.588e-17
6418.147 1.588e-17
6419.023 1.588e-17
6419.900 1.588e-17
6420.777 1.588e-17
6421.653 1.588e-17
6422.530 1.588e-17
6423.407 1.588e-17
6424.283 1.588e-17
6425.160 1.588e-17
6426.037 1.588e-17
6426.913 1.588e-17
6427.790 1.588e-17
6428.667 1.588e-17
6429.543 1.588e-17
6430.420 1.588e-17
6431.297 1.588e-17
6432.173 1.588e-17
6433.050 1.588e-17
6433.927 1.588e-17
6434.803 1.586e-17
6435.680 1.588e-17
6436.557 1.588e-17
6437.433 1.588e-17
6438.310 1.588e-17
6439.187 1.588e-17
6440.063 1.588e-17
6440.940 1.588e-17
6441.817 1.588e-17
6442.693 1.588e-17
6443.570 1.588e-17
6444.447 1.588e-17
6445.323 1.586e-17
6446.200 1.587e-17
6447.077 1.587e-17
6447.953 1.588e-17
6448.830 1.588e-17
6449.707 1.580e-17
6450.583 1.588e-17
6451.460 1.587e-17
6452.337 1.587e-17
6453.213 1.585e-17
6454.090 1.585e-17
6454.967 1.583e-17
6455.843 1.580e-17
6456.720 1.582e-17
6457.597 1.581e-17
6458.473 1.580e-17
6459.350 1.579e-17
6460.227 1.578e-17
6461.103 1.577e-17
6461.980 1.571e-17
6462.857 1.575e-17
6463.733 1.569e-17
6464.610 1.573e-17
6465.487 1.570e-17
6466.363 1.569e-17
6467.240 1.568e-17
6468.117 1.562e-17
6468.993 1.567e-17
6469.870 1.565e-17
6470.747 1.565e-17
6471.623 1.563e-17
6472.500 1.562e-17
6473.377 1.561e-17
6474.253 1.524e-17
6475.130 1.555e-17
6476.007 1.554e-17
6476.883 1.521e-17
6477.760 1.547e-17
6478.637 1.549e-17
6479.513 1.547e-17
6480.390 1.546e-17
6481.267 1.532e-17
6482.143 1.542e-17
6483.020 1.541e-17
6483.897 1.539e-17
6484.773 1.536e-17
6485.650 1.517e-17
6486.527 1.528e-17
6487.403 1.525e-17
6488.280 1.529e-17
6489.157 1.523e-17
6490.033 1.526e-17
6490.910 1.501e-17
6491.787 1.523e-17
6492.663 1.503e-17
6493.540 1.525e-17
6494.417 1.526e-17
6495.293 1.528e-17
6496.170 1.597e-17
6497.047 1.531e-17
6497.923 1.531e-17
6498.800 1.534e-17
6499.677 1.535e-17
6500.553 3.978e-16
6501.430 1.538e-17
6502.307 1.540e-17
6503.183 1.540e-17
6504.060 1.543e-17
6504.937 1.544e-17
6505.813 1.545e-17
6506.690 1.547e-17
6507.567 1.549e-17
6508.443 1.550e-17
6509.320 1.551e-17
6510.197 1.552e-17
6511.073 1.554e-17
6511.950 1.556e-17
6512.827 1.555e-17
6513.703 1.551e-17
6514.580 1.554e-17
6515.457 1.549e-17
6516.333 1.551e-17
6517.210 1.553e-17
6518.087 1.551e-17
6518.963 1.541e-17
6519.840 1.533e-17
6520.717 1.551e-17
6521.593 1.551e-17
6522.470 1.550e-17
6523.347 1.551e-17
6524.223 1.773e-16
6525.100 1.542e-17
6525.977 1.549e-17
6526.853 1.549e-17
6527.730 1.548e-17
6528.607 1.548e-17
6529.483 1.547e-17
6530.360 1.548e-17
6531.237 1.547e-17
6532.113 1.546e-17
6532.990 1.544e-17
6533.867 1.540e-17
6534.743 1.656e-17
6535.620 1.535e-17
6536.497 1.529e-17
6537.373 1.531e-17
6538.250 1.529e-17
6539.127 1.526e-17
6540.003 1.524e-17
6540.880 1.522e-17
6541.757 1.519e-17
6542.633 1.800e-17
6543.510 1.514e-17
6544.387 1.511e-17
6545.263 1.509e-17
6546.140 1.506e-17
6547.017 1.504e-17
6547.893 3.021e-17
6548.770 1.499e-17
6549.647 1.495e-17
6550.523 1.483e-17
6551.400 1.492e-17
6552.277 1.489e-17
6553.153 1.483e-17
6554.030 1.478e-17
6554.907 1.473e-17
6555.783 1.467e-17
6556.660 1.462e-17
6557.537 1.457e-17
6558.413 1.452e-17
6559.290 1.447e-17
6560.167 1.442e-17
6561.043 1.437e-17
6561.920 1.432e-17
6562.797 1.425e-17
6563.673 1.421e-17
6564.550 9.412e-17
6565.427 1.408e-17
6566.303 1.405e-17
6567.180 1.400e-17
6568.057 1.395e-17
6568.933 1.390e-17
6569.810 1.385e-17
6570.687 1.531e-17
6571.563 1.375e-17
6572.440 1.375e-17
6573.317 1.382e-17
6574.193 1.388e-17
6575.070 1.394e-17
6575.947 1.399e-17
6576.823 1.401e-17
6577.700 1.410e-17
6578.577 1.416e-17
6579.453 1.421e-17
6580.330 1.427e-17
6581.207 1.432e-17
6582.083 1.437e-17
6582.960 1.443e-17
6583.837 1.448e-17
6584.713 1.454e-17
6585.590 1.863e-17
6586.467 1.465e-17
6587.343 1.470e-17
6588.220 1.473e-17
6589.097 1.481e-17
6589.973 1.487e-17
6590.850 1.492e-17
6591.727 1.498e-17
6592.603 1.499e-17
6593.480 1.499e-17
6594.357 1.500e-17
6595.233 1.499e-17
6596.110 1.499e-17
6596.987 1.502e-17
6597.863 1.502e-17
6598.740 1.502e-17
6599.617 1.503e-17
6600.493 1.504e-17
6601.370 1.504e-17
6602.247 1.504e-17
6603.123 1.506e-17
6604.000 1.501e-17
6604.877 1.507e-17
6605.753 1.509e-17
6606.630 1.508e-17
6607.507 1.509e-17
6608.383 1.509e-17
6609.260 1.510e-17
6610.137 1.511e-17
6611.013 1.511e-17
6611.890 1.511e-17
6612.767 1.511e-17
6613.643 1.509e-17
6614.520 1.509e-17
6615.397 1.509e-17
6616.273 1.508e-17
6617.150 1.507e-17
6618.027 1.507e-17
6618.903 1.506e-17
6619.780 1.505e-17
6620.657 1.504e-17
6621.533 1.504e-17
6622.410 1.503e-17
6623.287 1.502e-17
6624.163 1.502e-17
6625.040 1.501e-17
6625.917 1.500e-17
6626.793 1.500e-17
6627.670 1.499e-17
6628.547 1.498e-17
6629.423 5.076e-17
6630.300 1.497e-17
6631.177 1.496e-17
6632.053 1.496e-17
6632.930 1.495e-17
6633.807 1.496e-17
6634.683 1.496e-17
6635.560 1.496e-17
6636.437 1.496e-17
6637.313 1.496e-17
6638.190 1.496e-17
6639.067 1.496e-17
6639.943 1.496e-17
6640.820 1.496e-17
6641.697 1.496e-17
6642.573 1.496e-17
6643.450 1.496e-17
6644.327 1.496e-17
6645.203 1.496e-17
6646.080 1.496e-17
6646.957 1.496e-17
6647.833 1.496e-17
6648.710 1.496e-17
6649.587 1.496e-17
6650.463 1.496e-17
6651.340 1.496e-17
6652.217 1.495e-17
6653.093 1.494e-17
6653.970 1.493e-17
6654.847 1.491e-17
6655.723 1.490e-17
6656.600 1.489e-17
6657.477 1.488e-17
6658.353 1.486e-17
6659.230 1.485e-17
6660.107 1.484e-17
6660.983 1.483e-17
6661.860 1.481e-17
6662.737 1.480e-17
6663.613 1.609e-17
6664.490 1.478e-17
6665.367 1.477e-17
6666.243 1.475e-17
6667.120 1.474e-17
6667.997 1.473e-17
6668.873 1.472e-17
6669.750 1.870e-17
6670.627 1.469e-17
6671.503 1.468e-17
6672.380 1.467e-17
6673.257 1.467e-17
6674.133 1.467e-17
6675.010 1.467e-17
6675.887 1.467e-17
6676.763 1.467e-17
6677.640 1.467e-17
6678.517 1.467e-17
6679.393 1.467e-17
6680.270 1.467e-17
6681.147 1.467e-17
6682.023 1.467e-17
6682.900 1.467e-17
6683.777 1.467e-17
6684.653 1.467e-17
6685.530 1.466e-17
6686.407 1.467e-17
6687.283 1.467e-17
6688.160 1.467e-17
6689.037 1.467e-17
6689.913 1.467e-17
6690.790 1.467e-17
6691.667 1.467e-17
6692.543 1.466e-17
6693.420 1.464e-17
6694.297 1.463e-17
6695.173 1.462e-17
6696.050 1.460e-17
6696.927 1.459e-17
6697.803 1.458e-17
6698.680 1.456e-17
6699.557 1.455e-17
6700.433 1.453e-17
6701.310 1.452e-17
6702.187 1.451e-17
6703.063 1.449e-17
6703.940 1.448e-17
6704.817 1.446e-17
6705.693 1.445e-17
6706.570 2.016e-17
6707.447 1.442e-17
6708.323 1.441e-17
6709.200 1.440e-17
6710.077 1.438e-17
6710.953 1.437e-17
6711.830 1.435e-17
6712.707 1.435e-17
6713.583 1.435e-17
6714.460 1.435e-17
6715.337 1.434e-17
6716.213 1.434e-17
6717.090 1.434e-17
6717.967 1.434e-17
6718.843 1.517e-17
6719.720 1.433e-17
6720.597 1.433e-17
6721.473 1.433e-17
6722.350 1.433e-17
6723.227 1.433e-17
6724.103 1.432e-17
6724.980 1.432e-17
6725.857 1.432e-17
6726.733 1.432e-17
6727.610 1.431e-17
6728.487 1.431e-17
6729.363 1.431e-17
6730.240 1.431e-17
6731.117 1.431e-17
6731.993 1.789e-17
6732.870 1.429e-17
6733.747 1.429e-17
6734.623 1.428e-17
6735.500 1.427e-17
6736.377 1.426e-17
6737.253 1.426e-17
6738.130 1.425e-17
6739.007 1.424e-17
6739.883 1.423e-17
6740.760 1.423e-17
6741.637 1.422e-17
6742.513 1.421e-17
6743.390 1.420e-17
6744.267 1.420e-17
6745.143 1.419e-17
6746.020 1.470e-17
6746.897 1.417e-17
6747.773 1.417e-17
6748.650 1.416e-17
6749.527 1.415e-17
6750.403 1.415e-17
6751.280 1.414e-17
6752.157 1.413e-17
6753.033 1.413e-17
6753.910 1.413e-17
6754.787 1.412e-17
6755.663 1.412e-17
6756.540 1.412e-17
6757.417 1.411e-17
6758.293 1.411e-17
6759.170 1.411e-17
6760.047 1.410e-17
6760.923 1.410e-17
6761.800 1.410e-17
6762.677 1.409e-17
6763.553 1.409e-17
6764.430 1.409e-17
6765.307 1.408e-17
6766.183 1.408e-17
6767.060 1.408e-17
6767.937 1.407e-17
6768.813 1.407e-17
6769.690 1.406e-17
6770.567 1.406e-17
6771.443 1.406e-17
6772.320 1.405e-17
6773.197 1.405e-17
6774.073 1.404e-17
6774.950 1.403e-17
6775.827 1.403e-17
6776.703 1.402e-17
6777.580 1.402e-17
6778.457 1.401e-17
6779.333 1.400e-17
6780.210 1.400e-17
6781.087 1.399e-17
6781.963 1.399e-17
6782.840 1.398e-17
6783.717 1.397e-17
6784.593 1.397e-17
6785.470 1.396e-17
6786.347 1.396e-17
6787.223 1.395e-17
6788.100 1.394e-17
6788.977 1.394e-17
6789.853 1.393e-17
6790.730 1.393e-17
6791.607 1.392e-17
6792.483 1.391e-17
6793.360 1.391e-17
6794.237 1.391e-17
6795.113 1.390e-17
6795.990 1.390e-17
6796.867 1.389e-17
6797.743 1.389e-17
6798.620 1.388e-17
6799.497 1.388e-17
6800.373 1.387e-17
6801.250 1.387e-17
6802.127 1.386e-17
6803.003 1.386e-17
6803.880 1.385e-17
6804.757 1.385e-17
6805.633 1.384e-17
6806.510 1.384e-17
6807.387 1.383e-17
6808.263 1.383e-17
6809.140 1.382e-17
6810.017 1.382e-17
6810.893 1.381e-17
6811.770 1.381e-17
6812.647 1.380e-17
6813.523 1.380e-17
6814.400 1.379e-17
6815.277 1.378e-17
6816.153 1.377e-17
6817.030 1.377e-17
6817.907 1.376e-17
6818.783 1.375e-17
6819.660 1.375e-17
6820.537 1.374e-17
6821.413 1.373e-17
6822.290 1.373e-17
6823.167 1.372e-17
6824.043 1.371e-17
6824.920 1.370e-17
6825.797 1.370e-17
6826.673 1.369e-17
6827.550 1.368e-17
6828.427 1.368e-17
6829.303 2.900e-17
6830.180 1.366e-17
6831.057 1.365e-17
6831.933 1.365e-17
6832.810 1.364e-17
6833.687 1.363e-17
6834.563 8.365e-17
6835.440 1.360e-17
6836.317 4.107e-16
6837.193 1.359e-17
6838.070 1.358e-17
6838.947 1.356e-17
6839.823 1.355e-17
6840.700 1.354e-17
6841.577 2.309e-17
6842.453 1.352e-17
6843.330 1.351e-17
6844.207 1.350e-17
6845.083 1.349e-17
6845.960 1.348e-17
6846.837 1.347e-17
6847.713 1.346e-17
6848.590 1.345e-17
6849.467 1.344e-17
6850.343 1.343e-17
6851.220 1.342e-17
6852.097 1.341e-17
6852.973 1.341e-17
6853.850 1.341e-17
6854.727 1.341e-17
6855.603 1.341e-17
6856.480 1.342e-17
6857.357 1.342e-17
6858.233 1.342e-17
6859.110 1.342e-17
6859.987 1.342e-17
6860.863 1.342e-17
6861.740 1.342e-17
6862.617 1.342e-17
6863.493 1.342e-17
6864.370 1.342e-17
6865.247 1.342e-17
6866.123 1.341e-17
6867.000 1.826e-17
6867.877 1.340e-17
6868.753 1.333e-17
6869.630 1.278e-17
6870.507 8.093e-18
6871.383 1.269e-17
6872.260 1.292e-17
6873.137 2.553e-18
6874.013 1.044e-17
6874.890 1.094e-17
6875.767 6.675e-18
6876.643 8.026e-18
6877.520 3.356e-18
6878.397 1.241e-17
6879.273 1.283e-17
6880.150 1.632e-17
6881.027 8.985e-18
6881.903 1.020e-17
6882.780 1.598e-17
6883.657 1.334e-17
6884.533 2.024e-17
6885.410 1.318e-17
6886.287 1.330e-17
6887.163 1.316e-17
6888.040 1.301e-17
6888.917 1.261e-17
6889.793 1.324e-17
6890.670 1.197e-17
6891.547 1.240e-17
6892.423 1.317e-17
6893.300 1.323e-17
6894.177 7.954e-18
6895.053 1.102e-17
6895.930 1.317e-17
6896.807 1.310e-17
6897.683 1.256e-17
6898.560 1.255e-17
6899.437 1.306e-17
6900.313 1.322e-17
6901.190 1.316e-17
6902.067 1.240e-17
6902.943 1.179e-17
6903.820 1.319e-17
6904.697 1.320e-17
6905.573 1.310e-17
6906.450 1.284e-17
6907.327 1.301e-17
6908.203 1.318e-17
6909.080 1.318e-17
6909.957 1.312e-17
6910.833 1.303e-17
6911.710 1.305e-17
6912.587 1.312e-17
6913.463 1.310e-17
6914.340 1.316e-17
6915.217 1.194e-17
6916.093 1.118e-17
6916.970 1.316e-17
6917.847 1.316e-17
6918.723 1.315e-17
6919.600 1.312e-17
6920.477 1.310e-17
6921.353 1.310e-17
6922.230 1.313e-17
6923.107 1.314e-17
6923.983 1.313e-17
6924.860 1.309e-17
6925.737 1.307e-17
6926.613 1.346e-17
6927.490 1.308e-17
6928.367 1.311e-17
6929.243 1.856e-17
6930.120 1.311e-17
6930.997 1.277e-17
6931.873 1.290e-17
6932.750 1.307e-17
6933.627 1.296e-17
6934.503 1.309e-17
6935.380 1.284e-17
6936.257 1.282e-17
6937.133 1.169e-17
6938.010 1.303e-17
6938.887 1.302e-17
6939.763 1.297e-17
6940.640 1.305e-17
6941.517 9.660e-17
6942.393 1.293e-17
6943.270 1.292e-17
6944.147 1.253e-17
6945.023 1.301e-17
6945.900 1.294e-17
6946.777 1.300e-17
6947.653 1.300e-17
6948.530 1.257e-17
6949.407 1.141e-17
6950.283 1.297e-17
6951.160 1.939e-16
6952.037 1.296e-17
6952.913 1.294e-17
6953.790 1.295e-17
6954.667 1.295e-17
6955.543 1.248e-17
6956.420 1.326e-17
6957.297 1.290e-17
6958.173 1.667e-17
6959.050 1.289e-17
6959.927 1.288e-17
6960.803 1.286e-17
6961.680 1.282e-17
6962.557 1.278e-17
6963.433 1.281e-17
6964.310 1.284e-17
6965.187 1.284e-17
6966.063 1.282e-17
6966.940 1.274e-17
6967.817 1.281e-17
6968.693 1.279e-17
6969.570 1.276e-17
6970.447 1.278e-17
6971.323 1.278e-17
6972.200 1.276e-17
6973.077 1.272e-17
6973.953 1.280e-17
6974.830 1.277e-17
6975.707 1.277e-17
6976.583 1.276e-17
6977.460 1.277e-17
6978.337 1.277e-17
6979.213 1.275e-17
6980.090 1.277e-17
6980.967 1.276e-17
6981.843 1.277e-17
6982.720 1.277e-17
6983.597 1.275e-17
6984.473 1.490e-17
6985.350 1.652e-17
6986.227 1.277e-17
6987.103 1.276e-17
6987.980 1.276e-17
6988.857 1.275e-17
6989.733 1.262e-17
6990.610 1.274e-17
6991.487 1.276e-17
6992.363 1.247e-17
6993.240 1.274e-17
6994.117 1.273e-17
6994.993 1.271e-17
6995.870 1.265e-17
6996.747 1.268e-17
6997.623 1.268e-17
6998.500 1.735e-17
6999.377 1.265e-17
7000.253 1.262e-17
7001.130 1.255e-17
7002.007 1.261e-17
7002.883 1.958e-17
7003.760 1.266e-17
7004.637 1.255e-17
7005.513 1.255e-17
7006.390 1.240e-17
7007.267 1.506e-17
7008.143 1.240e-17
7009.020 1.248e-17
7009.897 1.248e-17
7010.773 1.247e-17
7011.650 1.243e-17
7012.527 1.242e-17
7013.403 1.240e-17
7014.280 1.243e-17
7015.157 1.244e-17
7016.033 1.243e-17
7016.910 1.235e-17
7017.787 1.231e-17
7018.663 1.241e-17
7019.540 1.243e-17
7020.417 1.244e-17
7021.293 1.223e-17
7022.170 1.240e-17
7023.047 1.243e-17
7023.923 1.243e-17
7024.800 1.242e-17
7025.677 1.240e-17
7026.553 1.242e-17
7027.430 1.243e-17
7028.307 1.226e-17
7029.183 1.237e-17
7030.060 1.240e-17
7030.937 1.236e-17
7031.813 1.242e-17
7032.690 1.241e-17
7033.567 1.243e-17
7034.443 1.244e-17
7035.320 1.245e-17
7036.197 1.245e-17
7037.073 1.246e-17
7037.950 1.245e-17
7038.827 1.247e-17
7039.703 1.246e-17
7040.580 1.247e-17
7041.457 1.246e-17
7042.333 1.250e-17
7043.210 5.783e-17
7044.087 1.251e-17
7044.963 1.252e-17
7045.840 1.253e-17
7046.717 1.252e-17
7047.593 1.255e-17
7048.470 1.254e-17
7049.347 1.249e-17
7050.223 1.253e-17
7051.100 2.626e-17
7051.977 1.258e-17
7052.853 1.223e-17
7053.730 1.254e-17
7054.607 1.245e-17
7055.483 1.253e-17
7056.360 1.700e-17
7057.237 1.255e-17
7058.113 1.253e-17
7058.990 1.223e-17
7059.867 1.253e-17
7060.743 1.251e-17
7061.620 1.249e-17
7062.497 1.242e-17
7063.373 1.247e-17
7064.250 1.857e-17
7065.127 1.249e-17
7066.003 1.248e-17
7066.880 1.248e-17
7067.757 1.246e-17
7068.633 1.247e-17
7069.510 2.274e-17
7070.387 1.247e-17
7071.263 1.246e-17
7072.140 1.246e-17
7073.017 1.245e-17
7073.893 1.238e-17
7074.770 1.244e-17
7075.647 1.241e-17
7076.523 1.242e-17
7077.400 1.241e-17
7078.277 1.242e-17
7079.153 1.240e-17
7080.030 1.238e-17
7080.907 1.238e-17
7081.783 1.237e-17
7082.660 1.239e-17
7083.537 1.238e-17
7084.413 1.281e-17
7085.290 1.237e-17
7086.167 1.237e-17
7087.043 1.236e-17
7087.920 1.234e-17
7088.797 1.922e-17
7089.673 2.011e-17
7090.550 1.231e-17
7091.427 1.233e-17
7092.303 2.030e-17
7093.180 1.227e-17
7094.057 1.233e-17
7094.933 1.232e-17
7095.810 1.232e-17
7096.687 1.232e-17
7097.563 1.228e-17
7098.440 1.231e-17
7099.317 1.231e-17
7100.193 1.232e-17
7101.070 1.232e-17
7101.947 1.231e-17
7102.823 1.231e-17
7103.700 1.232e-17
7104.577 1.232e-17
7105.453 1.232e-17
7106.330 1.231e-17
7107.207 1.230e-17
7108.083 1.222e-17
7108.960 1.230e-17
7109.837 1.232e-17
7110.713 1.231e-17
7111.590 1.231e-17
7112.467 1.230e-17
7113.343 1.228e-17
7114.220 1.230e-17
7115.097 1.230e-17
7115.973 1.228e-17
7116.850 1.229e-17
7117.727 1.227e-17
7118.603 1.228e-17
7119.480 1.228e-17
7120.357 1.219e-17
7121.233 1.225e-17
7122.110 1.226e-17
7122.987 1.226e-17
7123.863 1.225e-17
7124.740 1.221e-17
7125.617 1.225e-17
7126.493 1.224e-17
7127.370 1.223e-17
7128.247 1.223e-17
7129.123 1.223e-17
7130.000 1.220e-17
7130.877 1.221e-17
7131.753 1.221e-17
7132.630 1.221e-17
7133.507 1.220e-17
7134.383 1.220e-17
7135.260 1.468e-17
7136.137 1.213e-17
7137.013 1.219e-17
7137.890 1.219e-17
7138.767 1.219e-17
7139.643 1.217e-17
7140.520 1.218e-17
7141.397 1.218e-17
7142.273 1.205e-17
7143.150 1.665e-17
7144.027 1.215e-17
7144.903 1.204e-17
7145.780 1.217e-17
7146.657 2.206e-17
7147.533 1.253e-17
7148.410 1.214e-17
7149.287 1.215e-17
7150.163 1.215e-17
7151.040 1.215e-17
7151.917 1.297e-17
7152.793 1.208e-17
7153.670 1.212e-17
7154.547 1.212e-17
7155.423 1.212e-17
7156.300 1.212e-17
7157.177 1.211e-17
7158.053 1.211e-17
7158.930 1.210e-17
7159.807 1.209e-17
7160.683 1.192e-17
7161.560 1.208e-17
7162.437 1.208e-17
7163.313 1.208e-17
7164.190 1.205e-17
7165.067 1.206e-17
7165.943 1.203e-17
7166.820 1.199e-17
7167.697 1.191e-17
7168.573 1.200e-17
7169.450 1.187e-17
7170.327 1.202e-17
7171.203 1.366e-17
7172.080 1.128e-17
7172.957 1.188e-17
7173.833 1.193e-17
7174.710 9.779e-18
7175.587 2.460e-17
7176.463 1.197e-17
7177.340 1.189e-17
7178.217 1.157e-17
7179.093 1.013e-17
7179.970 1.192e-17
7180.847 1.192e-17
7181.723 1.193e-17
7182.600 1.193e-17
7183.477 8.753e-18
7184.353 1.183e-17
7185.230 1.190e-17
7186.107 1.448e-17
7186.983 1.171e-17
7187.860 1.178e-17
7188.737 1.174e-17
7189.613 1.160e-17
7190.490 1.184e-17
7191.367 1.267e-17
7192.243 1.184e-17
7193.120 1.171e-17
7193.997 1.162e-17
7194.873 1.181e-17
7195.750 8.752e-18
7196.627 1.181e-17
7197.503 1.182e-17
7198.380 1.180e-17
7199.257 1.086e-17
7200.133 1.176e-17
7201.010 1.181e-17
7201.887 1.459e-17
7202.763 1.528e-17
7203.640 1.169e-17
7204.517 1.178e-17
7205.393 1.182e-17
7206.270 6.719e-18
7207.147 1.182e-17
7208.023 1.173e-17
7208.900 1.179e-17
7209.777 1.180e-17
7210.653 1.185e-17
7211.530 9.899e-18
7212.407 1.178e-17
7213.283 1.165e-17
7214.160 1.182e-17
7215.037 1.187e-17
7215.913 1.185e-17
7216.790 1.187e-17
7217.667 1.187e-17
7218.543 1.016e-17
7219.420 1.189e-17
7220.297 1.187e-17
7221.173 1.188e-17
7222.050 1.189e-17
7222.927 1.191e-17
7223.803 1.192e-17
7224.680 1.192e-17
7225.557 1.348e-17
7226.433 1.192e-17
7227.310 1.196e-17
7228.187 1.194e-17
7229.063 1.192e-17
7229.940 1.188e-17
7230.817 1.283e-17
7231.693 1.196e-17
7232.570 1.191e-17
7233.447 1.196e-17
7234.323 1.145e-17
7235.200 2.657e-17
7236.077 1.189e-17
7236.953 1.158e-17
7237.830 1.189e-17
7238.707 1.194e-17
7239.583 1.196e-17
7240.460 1.196e-17
7241.337 1.195e-17
7242.213 6.480e-16
7243.090 1.181e-17
7243.967 7.676e-17
7244.843 1.198e-17
7245.720 6.684e-18
7246.597 1.729e-17
7247.473 1.177e-17
7248.350 1.196e-17
7249.227 1.095e-17
7250.103 1.197e-17
7250.980 1.135e-17
7251.857 1.195e-17
7252.733 1.804e-17
7253.610 1.194e-17
7254.487 1.066e-17
7255.363 1.154e-17
7256.240 1.193e-17
7257.117 1.196e-17
7257.993 1.188e-17
7258.870 1.192e-17
7259.747 1.182e-17
7260.623 1.170e-17
7261.500 1.188e-17
7262.377 1.191e-17
7263.253 1.380e-17
7264.130 1.167e-17
7265.007 1.122e-17
7265.883 1.192e-17
7266.760 1.166e-17
7267.637 7.772e-18
7268.513 1.275e-17
7269.390 1.204e-17
7270.267 1.188e-17
7271.143 4.615e-17
7272.020 1.177e-17
7272.897 1.188e-17
7273.773 1.191e-17
7274.650 1.178e-17
7275.527 1.186e-17
7276.403 1.188e-17
7277.280 1.145e-17
7278.157 1.180e-17
7279.033 1.741e-17
7279.910 1.173e-17
7280.787 1.146e-17
7281.663 1.138e-17
7282.540 1.177e-17
7283.417 1.181e-17
7284.293 1.073e-17
7285.170 1.160e-17
7286.047 1.181e-17
7286.923 1.586e-17
7287.800 1.334e-17
7288.677 1.178e-17
7289.553 1.154e-17
7290.430 1.172e-17
7291.307 1.175e-17
7292.183 1.161e-17
7293.060 2.727e-17
7293.937 1.170e-17
7294.813 1.164e-17
7295.690 1.174e-17
7296.567 1.173e-17
7297.443 1.173e-17
7298.320 1.148e-17
7299.197 1.176e-17
7300.073 1.169e-17
7300.950 1.177e-17
7301.827 1.127e-17
7302.703 1.166e-17
7303.580 1.177e-17
7304.457 1.171e-17
7305.333 1.131e-17
7306.210 8.902e-18
7307.087 1.174e-17
7307.963 1.170e-17
7308.840 1.179e-17
7309.717 1.178e-17
7310.593 1.169e-17
7311.470 1.064e-17
7312.347 1.162e-17
7313.223 1.165e-17
7314.100 1.178e-17
7314.977 1.154e-17
7315.853 1.178e-17
7316.730 1.175e-17
7317.607 1.134e-17
7318.483 1.176e-17
7319.360 1.078e-17
7320.237 1.156e-17
7321.113 1.175e-17
7321.990 1.176e-17
7322.867 1.124e-17
7323.743 1.176e-17
7324.620 1.176e-17
7325.497 1.175e-17
7326.373 1.174e-17
7327.250 1.175e-17
7328.127 1.174e-17
7329.003 1.165e-17
7329.880 1.173e-17
7330.757 1.173e-17
7331.633 1.173e-17
7332.510 1.172e-17
7333.387 1.172e-17
7334.263 1.952e-17
7335.140 1.139e-17
7336.017 1.170e-17
7336.893 1.171e-17
7337.770 1.161e-17
7338.647 1.171e-17
7339.523 1.171e-17
7340.400 1.171e-17
7341.277 1.168e-17
7342.153 1.164e-17
7343.030 6.374e-17
7343.907 1.168e-17
7344.783 1.169e-17
7345.660 1.167e-17
7346.537 1.633e-17
7347.413 1.168e-17
7348.290 1.167e-17
7349.167 1.167e-17
7350.043 1.146e-17
7350.920 1.166e-17
7351.797 1.165e-17
7352.673 3.884e-17
7353.550 1.166e-17
7354.427 1.166e-17
7355.303 1.193e-17
7356.180 1.166e-17
7357.057 1.166e-17
7357.933 1.166e-17
7358.810 1.165e-17
7359.687 1.165e-17
7360.563 1.165e-17
7361.440 1.165e-17
7362.317 1.392e-17
7363.193 1.162e-17
7364.070 1.156e-17
7364.947 1.164e-17
7365.823 1.124e-17
7366.700 1.639e-17
7367.577 1.474e-17
7368.453 1.165e-17
7369.330 1.165e-17
7370.207 1.163e-17
7371.083 1.157e-17
7371.960 1.161e-17
7372.837 1.155e-17
7373.713 1.161e-17
7374.590 1.162e-17
7375.467 1.243e-17
7376.343 1.159e-17
7377.220 1.159e-17
7378.097 1.158e-17
7378.973 1.157e-17
7379.850 1.228e-17
7380.727 1.155e-17
7381.603 1.155e-17
7382.480 1.149e-17
7383.357 1.151e-17
7384.233 1.149e-17
7385.110 1.146e-17
7385.987 1.148e-17
7386.863 1.149e-17
7387.740 1.149e-17
7388.617 1.148e-17
7389.493 1.147e-17
7390.370 1.421e-17
7391.247 1.145e-17
7392.123 1.823e-17
7393.000 1.143e-17
7393.877 1.141e-17
7394.753 1.286e-17
7395.630 1.141e-17
7396.507 1.141e-17
7397.383 1.222e-17
7398.260 1.137e-17
7399.137 1.121e-17
7400.013 1.139e-17
7400.890 1.138e-17
7401.767 1.138e-17
7402.643 1.137e-17
7403.520 1.135e-17
7404.397 1.136e-17
7405.273 1.135e-17
7406.150 1.134e-17
7407.027 1.134e-17
7407.903 1.133e-17
7408.780 1.133e-17
7409.657 1.132e-17
7410.533 1.132e-17
7411.410 1.131e-17
7412.287 1.128e-17
7413.163 1.131e-17
7414.040 1.699e-17
7414.917 1.133e-17
7415.793 2.746e-17
7416.670 1.127e-17
7417.547 1.131e-17
7418.423 1.131e-17
7419.300 1.137e-17
7420.177 1.137e-17
7421.053 1.138e-17
7421.930 1.139e-17
7422.807 1.139e-17
7423.683 1.140e-17
7424.560 1.141e-17
7425.437 1.142e-17
7426.313 1.142e-17
7427.190 1.142e-17
7428.067 1.143e-17
7428.943 1.144e-17
7429.820 1.145e-17
7430.697 1.146e-17
7431.573 1.147e-17
7432.450 1.147e-17
7433.327 1.146e-17
7434.203 1.146e-17
7435.080 1.146e-17
7435.957 1.146e-17
7436.833 1.145e-17
7437.710 1.145e-17
7438.587 1.145e-17
7439.463 1.145e-17
7440.340 2.450e-16
7441.217 1.348e-17
7442.093 1.144e-17
7442.970 1.143e-17
7443.847 1.144e-17
7444.723 1.143e-17
7445.600 1.143e-17
7446.477 1.143e-17
7447.353 1.143e-17
7448.230 1.142e-17
7449.107 1.613e-17
7449.983 1.142e-17
7450.860 1.142e-17
7451.737 1.141e-17
7452.613 1.141e-17
7453.490 1.140e-17
7454.367 1.141e-17
7455.243 1.141e-17
7456.120 1.141e-17
7456.997 1.141e-17
7457.873 1.141e-17
7458.750 1.142e-17
7459.627 1.142e-17
7460.503 1.140e-17
7461.380 1.142e-17
7462.257 1.141e-17
7463.133 1.142e-17
7464.010 1.142e-17
7464.887 1.142e-17
7465.763 1.159e-17
7466.640 1.142e-17
7467.517 1.142e-17
7468.393 1.142e-17
7469.270 1.142e-17
7470.147 1.142e-17
7471.023 1.142e-17
7471.900 1.699e-17
7472.777 6.603e-17
7473.653 1.301e-16
7474.530 1.141e-17
7475.407 1.141e-17
7476.283 1.140e-17
7477.160 1.140e-17
7478.037 1.140e-17
7478.913 1.139e-17
7479.790 1.139e-17
7480.667 1.138e-17
7481.543 1.138e-17
7482.420 1.138e-17
7483.297 1.137e-17
7484.173 1.137e-17
7485.050 1.136e-17
7485.927 1.136e-17
7486.803 1.135e-17
7487.680 1.135e-17
7488.557 1.135e-17
7489.433 1.134e-17
7490.310 3.054e-17
7491.187 1.133e-17
7492.063 1.133e-17
7492.940 1.133e-17
7493.817 1.133e-17
7494.693 1.132e-17
7495.570 1.132e-17
7496.447 1.132e-17
7497.323 1.131e-17
7498.200 1.131e-17
7499.077 1.131e-17
7499.953 1.131e-17
7500.830 1.130e-17
7501.707 1.227e-17
7502.583 1.130e-17
7503.460 1.130e-17
7504.337 1.843e-17
7505.213 1.129e-17
7506.090 1.129e-17
7506.967 1.129e-17
7507.843 1.129e-17
7508.720 1.129e-17
7509.597 1.128e-17
7510.473 1.128e-17
7511.350 1.128e-17
7512.227 1.128e-17
7513.103 1.128e-17
7513.980 1.128e-17
7514.857 1.128e-17
7515.733 1.127e-17
7516.610 1.127e-17
7517.487 1.127e-17
7518.363 1.127e-17
7519.240 3.582e-17
7520.117 1.127e-17
7520.993 1.127e-17
7521.870 1.127e-17
7522.747 1.127e-17
7523.623 1.127e-17
7524.500 1.127e-17
7525.377 1.127e-17
7526.253 1.127e-17
7527.130 1.126e-17
7528.007 1.126e-17
7528.883 1.126e-17
7529.760 1.126e-17
7530.637 1.126e-17
7531.513 1.126e-17
7532.390 1.126e-17
7533.267 1.126e-17
7534.143 1.126e-17
7535.020 1.126e-17
7535.897 1.126e-17
7536.773 1.126e-17
7537.650 1.125e-17
7538.527 1.125e-17
7539.403 1.125e-17
7540.280 1.125e-17
7541.157 1.125e-17
7542.033 1.125e-17
7542.910 1.125e-17
7543.787 1.125e-17
7544.663 1.125e-17
7545.540 1.124e-17
7546.417 1.124e-17
7547.293 1.124e-17
7548.170 1.124e-17
7549.047 1.193e-17
7549.923 1.124e-17
7550.800 1.124e-17
7551.677 1.124e-17
7552.553 1.124e-17
7553.430 1.123e-17
7554.307 1.123e-17
7555.183 1.123e-17
7556.060 1.123e-17
7556.937 1.123e-17
7557.813 1.122e-17
7558.690 1.122e-17
7559.567 3.227e-16
7560.443 1.122e-17
7561.320 1.122e-17
7562.197 1.121e-17
7563.073 1.121e-17
7563.950 1.121e-17
7564.827 1.121e-17
7565.703 1.810e-17
7566.580 1.121e-17
7567.457 1.120e-17
7568.333 1.120e-17
7569.210 1.120e-17
7570.087 1.120e-17
7570.963 1.120e-17
7571.840 1.119e-17
7572.717 1.119e-17
7573.593 1.119e-17
7574.470 1.119e-17
7575.347 1.118e-17
7576.223 1.118e-17
7577.100 1.118e-17
7577.977 1.118e-17
7578.853 1.118e-17
7579.730 1.117e-17
7580.607 1.117e-17
7581.483 1.117e-17
7582.360 1.117e-17
7583.237 1.116e-17
7584.113 1.116e-17
7584.990 1.116e-17
7585.867 1.116e-17
7586.743 1.115e-17
7587.620 1.115e-17
7588.497 1.115e-17
7589.373 1.114e-17
7590.250 1.114e-17
7591.127 1.113e-17
7592.003 1.112e-17
7592.880 1.110e-17
7593.757 1.108e-17
7594.633 1.105e-17
7595.510 1.079e-17
7596.387 8.256e-18
7597.263 2.199e-18
7598.140 6.304e-18
7599.017 8.567e-18
7599.893 7.951e-18
7600.770 1.629e-20
7601.647 7.864e-18
7602.523 8.165e-20
7603.400 6.692e-18
7604.277 1.173e-18
7605.153 6.141e-18
7606.030 5.125e-18
7606.907 5.253e-18
7607.783 5.759e-21
7608.660 1.353e-18
7609.537 6.190e-18
7610.413 6.090e-18
7611.290 5.972e-20
7612.167 5.733e-18
7613.043 7.423e-18
7613.920 3.126e-18
7614.797 7.408e-18
7615.673 7.723e-18
7616.550 1.004e-17
7617.427 6.150e-18
7618.303 7.780e-19
7619.180 1.069e-17
7620.057 3.787e-17
7620.933 1.090e-17
7621.810 1.808e-17
7622.687 8.687e-18
7623.563 9.155e-18
7624.440 1.019e-17
7625.317 8.730e-20
7626.193 6.915e-18
7627.070 8.082e-18
7627.947 1.006e-17
7628.823 5.829e-18
7629.700 7.295e-18
7630.577 6.336e-17
7631.453 9.928e-18
7632.330 1.837e-17
7633.207 1.576e-19
7634.083 9.251e-19
7634.960 8.980e-18
7635.837 1.018e-17
7636.713 8.682e-18
7637.590 4.828e-18
7638.467 9.354e-21
7639.343 2.190e-17
7640.220 1.030e-17
7641.097 2.164e-17
7641.973 5.057e-18
7642.850 3.094e-21
7643.727 1.791e-17
7644.603 1.048e-17
7645.480 1.009e-17
7646.357 8.583e-20
7647.233 2.290e-18
7648.110 9.628e-18
7648.987 1.065e-17
7649.863 1.064e-17
7650.740 8.722e-18
7651.617 1.130e-17
7652.493 6.479e-18
7653.370 1.062e-17
7654.247 1.078e-17
7655.123 1.070e-17
7656.000 5.946e-18
7656.877 9.170e-18
7657.753 9.828e-18
7658.630 1.078e-17
7659.507 1.084e-17
7660.383 1.077e-17
7661.260 8.030e-18
7662.137 9.853e-18
7663.013 1.019e-17
7663.890 1.081e-17
7664.767 1.086e-17
7665.643 1.083e-17
7666.520 1.051e-17
7667.397 1.027e-17
7668.273 9.199e-18
7669.150 1.079e-17
7670.027 1.084e-17
7670.903 1.084e-17
7671.780 1.080e-17
7672.657 3.811e-18
7673.533 1.009e-17
7674.410 1.074e-17
7675.287 1.077e-17
7676.163 1.088e-17
7677.040 1.085e-17
7677.917 1.088e-17
7678.793 9.336e-18
7679.670 5.595e-18
7680.547 1.091e-17
7681.423 1.094e-17
7682.300 1.094e-17
7683.177 1.096e-17
7684.053 1.094e-17
7684.930 7.626e-18
7685.807 9.512e-18
7686.683 1.099e-17
7687.560 1.100e-17
7688.437 1.101e-17
7689.313 1.102e-17
7690.190 1.093e-17
7691.067 1.097e-17
7691.943 1.101e-17
7692.820 1.104e-17
7693.697 1.196e-17
7694.573 1.105e-17
7695.450 1.106e-17
7696.327 1.106e-17
7697.203 1.107e-17
7698.080 1.081e-17
7698.957 9.289e-18
7699.833 1.108e-17
7700.710 1.108e-17
7701.587 6.453e-17
7702.463 1.109e-17
7703.340 1.108e-17
7704.217 1.109e-17
7705.093 1.109e-17
7705.970 1.350e-17
7706.847 1.111e-17
7707.723 1.111e-17
7708.600 1.111e-17
7709.477 1.112e-17
7710.353 1.112e-17
7711.230 1.112e-17
7712.107 1.107e-17
7712.983 1.259e-17
7713.860 1.114e-17
7714.737 1.475e-15
7715.613 1.114e-17
7716.490 1.115e-17
7717.367 1.115e-17
7718.243 1.115e-17
7719.120 3.696e-16
7719.997 1.116e-17
7720.873 1.117e-17
7721.750 1.117e-17
7722.627 1.117e-17
7723.503 1.116e-17
7724.380 1.119e-17
7725.257 1.119e-17
7726.133 1.120e-17
7727.010 1.112e-17
7727.887 1.102e-17
7728.763 1.121e-17
7729.640 1.121e-17
7730.517 1.122e-17
7731.393 1.122e-17
7732.270 1.121e-17
7733.147 1.122e-17
7734.023 1.157e-17
7734.900 1.264e-17
7735.777 1.121e-17
7736.653 1.121e-17
7737.530 1.121e-17
7738.407 1.121e-17
7739.283 1.121e-17
7740.160 1.120e-17
7741.037 1.775e-17
7741.913 1.120e-17
7742.790 1.120e-17
7743.667 1.119e-17
7744.543 1.119e-17
7745.420 1.119e-17
7746.297 1.118e-17
7747.173 1.118e-17
7748.050 1.118e-17
7748.927 1.118e-17
7749.803 1.117e-17
7750.680 1.117e-17
7751.557 4.025e-16
7752.433 1.116e-17
7753.310 1.117e-17
7754.187 1.117e-17
7755.063 1.118e-17
7755.940 1.118e-17
7756.817 1.118e-17
7757.693 1.118e-17
7758.570 1.383e-17
7759.447 1.119e-17
7760.323 1.120e-17
7761.200 1.120e-17
7762.077 4.081e-17
7762.953 1.121e-17
7763.830 1.121e-17
7764.707 1.121e-17
7765.583 1.122e-17
7766.460 1.330e-17
7767.337 1.122e-17
7768.213 1.123e-17
7769.090 1.123e-17
7769.967 1.123e-17
7770.843 1.124e-17
7771.720 1.124e-17
7772.597 1.124e-17
7773.473 1.124e-17
7774.350 1.124e-17
7775.227 1.124e-17
7776.103 1.124e-17
7776.980 1.124e-17
7777.857 1.123e-17
7778.733 1.123e-17
7779.610 1.123e-17
7780.487 1.123e-17
7781.363 2.195e-17
7782.240 1.123e-17
7783.117 1.123e-17
7783.993 1.123e-17
7784.870 1.123e-17
7785.747 1.523e-17
7786.623 1.122e-17
7787.500 1.122e-17
7788.377 1.140e-17
7789.253 1.122e-17
7790.130 1.122e-17
7791.007 1.122e-17
7791.883 1.810e-17
7792.760 3.313e-17
7793.637 1.122e-17
7794.513 1.122e-17
7795.390 1.122e-17
7796.267 2.392e-15
7797.143 1.130e-17
7798.020 1.123e-17
7798.897 1.123e-17
7799.773 1.123e-17
7800.650 1.123e-17
7801.527 1.564e-17
7802.403 1.123e-17
7803.280 1.124e-17
7804.157 1.124e-17
7805.033 1.124e-17
7805.910 1.124e-17
7806.787 1.124e-17
7807.663 1.124e-17
7808.540 1.828e-17
7809.417 1.125e-17
7810.293 1.125e-17
7811.170 1.125e-17
7812.047 1.125e-17
7812.923 1.125e-17
7813.800 1.234e-17
7814.677 1.125e-17
7815.553 1.148e-17
7816.430 1.124e-17
7817.307 1.124e-17
7818.183 1.124e-17
7819.060 1.124e-17
7819.937 1.124e-17
7820.813 1.124e-17
7821.690 1.123e-17
7822.567 1.123e-17
7823.443 1.123e-17
7824.320 1.880e-17
7825.197 1.123e-17
7826.073 1.123e-17
7826.950 1.122e-17
7827.827 1.556e-17
7828.703 1.122e-17
7829.580 1.122e-17
7830.457 1.150e-17
7831.333 1.122e-17
7832.210 1.122e-17
7833.087 1.122e-17
7833.963 1.122e-17
7834.840 1.122e-17
7835.717 5.728e-17
7836.593 1.123e-17
7837.470 1.123e-17
7838.347 1.123e-17
7839.223 1.124e-17
7840.100 1.124e-17
7840.977 1.124e-17
7841.853 1.122e-17
7842.730 1.124e-17
7843.607 1.125e-17
7844.483 1.125e-17
7845.360 1.125e-17
7846.237 1.126e-17
7847.113 1.126e-17
7847.990 1.365e-17
7848.867 1.126e-17
7849.743 1.127e-17
7850.620 1.127e-17
7851.497 1.127e-17
7852.373 1.127e-17
7853.250 1.127e-17
7854.127 4.430e-17
7855.003 1.128e-17
7855.880 1.127e-17
7856.757 1.125e-17
7857.633 1.128e-17
7858.510 1.128e-17
7859.387 1.128e-17
7860.263 3.878e-17
7861.140 1.127e-17
7862.017 1.128e-17
7862.893 4.167e-17
7863.770 1.128e-17
7864.647 1.128e-17
7865.523 1.128e-17
7866.400 1.128e-17
7867.277 1.128e-17
7868.153 1.120e-17
7869.030 1.128e-17
7869.907 3.506e-16
7870.783 1.129e-17
7871.660 1.128e-17
7872.537 1.128e-17
7873.413 1.129e-17
7874.290 1.129e-17
7875.167 1.128e-17
7876.043 1.129e-17
7876.920 1.129e-17
7877.797 1.129e-17
7878.673 1.108e-17
7879.550 1.129e-17
7880.427 8.004e-17
7881.303 1.129e-17
7882.180 1.128e-17
7883.057 1.127e-17
7883.933 7.752e-17
7884.810 1.129e-17
7885.687 1.130e-17
7886.563 2.235e-17
7887.440 1.129e-17
7888.317 1.125e-17
7889.193 1.120e-17
7890.070 2.386e-17
7890.947 2.591e-17
7891.823 4.519e-16
7892.700 2.197e-17
7893.577 1.129e-17
7894.453 1.129e-17
7895.330 1.133e-17
7896.207 4.349e-17
7897.083 1.120e-17
7897.960 1.124e-17
7898.837 1.127e-17
7899.713 1.127e-17
7900.590 1.127e-17
7901.467 1.127e-17
7902.343 1.126e-17
7903.220 1.125e-17
7904.097 1.108e-17
7904.973 1.219e-17
7905.850 1.124e-17
7906.727 1.125e-17
7907.603 1.125e-17
7908.480 1.124e-17
7909.357 1.122e-17
7910.233 1.124e-17
7911.110 1.116e-17
7911.987 1.123e-17
7912.863 1.096e-17
7913.740 1.123e-17
7914.617 1.123e-17
7915.493 1.122e-17
7916.370 1.122e-17
7917.247 1.766e-17
7918.123 1.121e-17
7919.000 1.119e-17
7919.877 1.114e-17
7920.753 1.121e-17
7921.630 1.120e-17
7922.507 1.119e-17
7923.383 1.992e-16
7924.260 1.120e-17
7925.137 1.120e-17
7926.013 1.119e-17
7926.890 1.118e-17
7927.767 1.119e-17
7928.643 1.119e-17
7929.520 1.118e-17
7930.397 1.657e-17
7931.273 1.116e-17
7932.150 1.112e-17
7933.027 1.365e-16
7933.903 1.105e-17
7934.780 1.117e-17
7935.657 1.125e-17
7936.533 1.117e-17
7937.410 1.630e-17
7938.287 1.117e-17
7939.163 1.114e-17
7940.040 1.117e-17
7940.917 1.231e-17
7941.793 1.116e-17
7942.670 1.436e-17
7943.547 1.116e-17
7944.423 1.918e-17
7945.300 1.116e-17
7946.177 2.393e-17
7947.053 1.116e-17
7947.930 1.115e-17
7948.807 1.115e-17
7949.683 1.115e-17
7950.560 1.115e-17
7951.437 8.329e-16
7952.313 1.115e-17
7953.190 1.112e-17
7954.067 1.116e-17
7954.943 1.117e-17
7955.820 1.116e-17
7956.697 1.118e-17
7957.573 1.119e-17
7958.450 1.116e-17
7959.327 1.120e-17
7960.203 1.120e-17
7961.080 1.120e-17
7961.957 1.121e-17
7962.833 1.102e-17
7963.710 1.114e-17
7964.587 1.123e-17
7965.463 1.117e-17
7966.340 1.122e-17
7967.217 1.120e-17
7968.093 1.126e-17
7968.970 1.127e-17
7969.847 1.126e-17
7970.723 1.122e-17
7971.600 1.449e-17
7972.477 1.128e-17
7973.353 1.128e-17
7974.230 1.127e-17
7975.107 1.128e-17
7975.983 1.127e-17
7976.860 1.127e-17
7977.737 1.627e-17
7978.613 1.124e-17
7979.490 1.126e-17
7980.367 1.126e-17
7981.243 1.125e-17
7982.120 1.121e-17
7982.997 1.125e-17
7983.873 1.124e-17
7984.750 1.124e-17
7985.627 1.124e-17
7986.503 1.086e-17
7987.380 1.123e-17
7988.257 1.889e-17
7989.133 1.132e-17
7990.010 1.122e-17
7990.887 1.122e-17
7991.763 1.122e-17
7992.640 1.121e-17
7993.517 1.122e-17
7994.393 1.122e-17
7995.270 1.121e-17
7996.147 1.133e-17
7997.023 1.123e-17
7997.900 1.123e-17
7998.777 1.120e-17
7999.653 2.104e-17
8000.530 1.110e-17
8001.407 1.122e-17
8002.283 1.755e-17
8003.160 1.119e-17
8004.037 1.929e-17
8004.913 1.126e-17
8005.790 1.125e-17
8006.667 1.125e-17
8007.543 1.127e-17
8008.420 1.127e-17
8009.297 1.126e-17
8010.173 1.126e-17
8011.050 1.129e-17
8011.927 1.129e-17
8012.803 2.163e-17
8013.680 1.129e-17
8014.557 1.123e-17
8015.433 1.125e-17
8016.310 4.320e-16
8017.187 1.128e-17
8018.063 1.128e-17
8018.940 1.127e-17
8019.817 1.126e-17
8020.693 1.127e-17
8021.570 1.127e-17
8022.447 1.123e-17
8023.323 1.126e-17
8024.200 1.120e-17
8025.077 1.121e-17
8025.953 3.307e-17
8026.830 1.126e-17
8027.707 1.126e-17
8028.583 1.125e-17
8029.460 1.125e-17
8030.337 6.401e-17
8031.213 5.976e-17
8032.090 1.576e-17
8032.967 1.125e-17
8033.843 1.127e-17
8034.720 1.124e-17
8035.597 1.123e-17
8036.473 1.095e-17
8037.350 1.123e-17
8038.227 1.123e-17
8039.103 1.123e-17
8039.980 1.122e-17
8040.857 1.123e-17
8041.733 1.863e-17
8042.610 1.123e-17
8043.487 1.122e-17
8044.363 1.121e-17
8045.240 1.118e-17
8046.117 1.112e-17
8046.993 1.121e-17
8047.870 1.111e-17
8048.747 1.358e-17
8049.623 1.121e-17
8050.500 1.121e-17
8051.377 1.120e-17
8052.253 1.131e-17
8053.130 1.121e-17
8054.007 1.121e-17
8054.883 1.121e-17
8055.760 1.122e-17
8056.637 1.114e-17
8057.513 1.122e-17
8058.390 1.122e-17
8059.267 1.155e-17
8060.143 1.123e-17
8061.020 1.116e-17
8061.897 1.122e-17
8062.773 1.124e-17
8063.650 1.124e-17
8064.527 1.858e-16
8065.403 1.119e-17
8066.280 1.125e-17
8067.157 1.125e-17
8068.033 1.122e-17
8068.910 1.126e-17
8069.787 1.697e-17
8070.663 1.126e-17
8071.540 1.125e-17
8072.417 1.124e-17
8073.293 1.121e-17
8074.170 1.126e-17
8075.047 1.125e-17
8075.923 1.125e-17
8076.800 1.124e-17
8077.677 1.120e-17
8078.553 1.114e-17
8079.430 1.551e-17
8080.307 1.122e-17
8081.183 1.121e-17
8082.060 1.121e-17
8082.937 1.121e-17
8083.813 1.117e-17
8084.690 1.120e-17
8085.567 1.119e-17
8086.443 1.119e-17
8087.320 1.104e-17
8088.197 1.117e-17
8089.073 1.117e-17
8089.950 1.117e-17
8090.827 1.114e-17
8091.703 1.116e-17
8092.580 1.109e-17
8093.457 1.115e-17
8094.333 1.116e-17
8095.210 1.118e-17
8096.087 1.117e-17
8096.963 1.117e-17
8097.840 1.119e-17
8098.717 1.107e-17
8099.593 1.119e-17
8100.470 1.120e-17
8101.347 1.121e-17
8102.223 1.123e-17
8103.100 1.123e-17
8103.977 1.122e-17
8104.853 1.125e-17
8105.730 1.125e-17
8106.607 1.348e-17
8107.483 1.127e-17
8108.360 1.126e-17
8109.237 1.127e-17
8110.113 1.088e-17
8110.990 1.272e-17
8111.867 1.129e-17
8112.743 1.113e-17
8113.620 1.691e-17
8114.497 1.125e-17
8115.373 1.493e-17
8116.250 1.093e-17
8117.127 1.125e-17
8118.003 1.131e-17
8118.880 1.130e-17
8119.757 1.131e-17
8120.633 1.123e-17
8121.510 1.131e-17
8122.387 1.131e-17
8123.263 1.131e-17
8124.140 1.132e-17
8125.017 1.114e-17
8125.893 1.122e-17
8126.770 1.133e-17
8127.647 1.080e-17
8128.523 1.456e-17
8129.400 1.124e-17
8130.277 1.133e-17
8131.153 1.133e-17
8132.030 1.131e-17
8132.907 1.792e-17
8133.783 1.849e-17
8134.660 1.123e-17
8135.537 1.120e-17
8136.413 1.127e-17
8137.290 9.388e-18
8138.167 1.132e-17
8139.043 2.380e-17
8139.920 1.133e-17
8140.797 1.132e-17
8141.673 1.132e-17
8142.550 1.129e-17
8143.427 1.130e-17
8144.303 1.068e-17
8145.180 1.132e-17
8146.057 9.920e-18
8146.933 1.130e-17
8147.810 1.132e-17
8148.687 8.626e-17
8149.563 1.106e-17
8150.440 1.101e-17
8151.317 1.127e-17
8152.193 1.072e-17
8153.070 1.132e-17
8153.947 1.132e-17
8154.823 1.012e-17
8155.700 1.124e-17
8156.577 1.078e-17
8157.453 1.130e-17
8158.330 1.131e-17
8159.207 1.128e-17
8160.083 1.090e-17
8160.960 1.131e-17
8161.837 1.133e-17
8162.713 1.132e-17
8163.590 9.186e-18
8164.467 1.017e-17
8165.343 1.130e-17
8166.220 1.119e-17
8167.097 1.099e-17
8167.973 1.130e-17
8168.850 1.130e-17
8169.727 1.133e-17
8170.603 1.130e-17
8171.480 1.100e-17
8172.357 9.281e-18
8173.233 1.131e-17
8174.110 1.131e-17
8174.987 1.130e-17
8175.863 1.128e-17
8176.740 1.126e-17
8177.617 1.128e-17
8178.493 1.122e-17
8179.370 9.557e-18
8180.247 9.498e-18
8181.123 1.087e-17
8182.000 1.119e-17
8182.877 1.122e-17
8183.753 1.111e-17
8184.630 1.113e-17
8185.507 1.113e-17
8186.383 1.117e-17
8187.260 1.119e-17
8188.137 1.114e-17
8189.013 1.110e-17
8189.890 1.113e-17
8190.767 1.111e-17
8191.643 8.943e-18
8192.520 1.112e-17
8193.397 1.111e-17
8194.273 1.110e-17
8195.150 1.072e-17
8196.027 1.107e-17
8196.903 1.116e-17
8197.780 1.255e-17
8198.657 1.117e-17
8199.533 1.104e-17
8200.410 1.106e-17
8201.287 1.023e-17
8202.163 1.056e-17
8203.040 1.019e-17
8203.917 1.121e-17
8204.793 1.123e-17
8205.670 1.124e-17
8206.547 1.125e-17
8207.423 1.124e-17
8208.300 1.584e-17
8209.177 1.127e-17
8210.053 1.127e-17
8210.930 1.128e-17
8211.807 1.062e-17
8212.683 1.113e-17
8213.560 1.127e-17
8214.437 9.886e-18
8215.313 1.129e-17
8216.190 2.094e-17
8217.067 1.130e-17
8217.943 1.130e-17
8218.820 1.130e-17
8219.697 1.129e-17
8220.573 1.099e-17
8221.450 1.130e-17
8222.327 1.131e-17
8223.203 1.129e-17
8224.080 1.123e-17
8224.957 1.130e-17
8225.833 1.127e-17
8226.710 1.096e-17
8227.587 1.128e-17
8228.463 1.126e-17
8229.340 8.953e-18
8230.217 7.993e-18
8231.093 9.569e-18
8231.970 9.321e-18
8232.847 1.114e-17
8233.723 9.996e-18
8234.600 1.130e-17
8235.477 1.131e-17
8236.353 1.089e-17
8237.230 1.133e-17
8238.107 1.127e-17
8238.983 1.134e-17
8239.860 1.130e-17
8240.737 1.130e-17
8241.613 1.135e-17
8242.490 1.130e-17
8243.367 1.136e-17
8244.243 2.255e-17
8245.120 1.131e-17
8245.997 1.105e-17
8246.873 1.137e-17
8247.750 1.139e-17
8248.627 1.138e-17
8249.503 1.200e-17
8250.380 1.140e-17
8251.257 1.140e-17
8252.133 1.140e-17
8253.010 1.141e-17
8253.887 1.139e-17
8254.763 1.132e-17
8255.640 1.140e-17
8256.517 1.142e-17
8257.393 2.732e-17
8258.270 1.135e-17
8259.147 1.125e-17
8260.023 1.134e-17
8260.900 1.143e-17
8261.777 1.117e-17
8262.653 1.129e-17
8263.530 1.144e-17
8264.407 1.144e-17
8265.283 1.142e-17
8266.160 1.134e-17
8267.037 1.143e-17
8267.913 1.145e-17
8268.790 1.146e-17
8269.667 1.147e-17
8270.543 1.147e-17
8271.420 1.126e-17
8272.297 1.148e-17
8273.173 1.147e-17
8274.050 1.136e-17
8274.927 1.146e-17
8275.803 1.144e-17
8276.680 7.233e-18
8277.557 1.145e-17
8278.433 1.143e-17
8279.310 1.143e-17
8280.187 1.149e-17
8281.063 1.141e-17
8281.940 9.290e-18
8282.817 1.148e-17
8283.693 1.145e-17
8284.570 1.797e-17
8285.447 8.247e-17
8286.323 1.151e-17
8287.200 2.869e-17
8288.077 1.151e-17
8288.953 1.149e-17
8289.830 1.135e-17
8290.707 1.137e-17
8291.583 1.135e-17
8292.460 1.150e-17
8293.337 1.151e-17
8294.213 1.153e-17
8295.090 1.153e-17
8295.967 1.147e-17
8296.843 9.866e-18
8297.720 1.141e-17
8298.597 5.203e-16
8299.473 1.154e-17
8300.350 1.149e-17
8301.227 2.581e-15
8302.103 1.150e-17
8302.980 1.141e-17
8303.857 1.154e-17
8304.733 4.100e-17
8305.610 1.154e-17
8306.487 1.070e-17
8307.363 6.262e-18
8308.240 1.154e-17
8309.117 1.155e-17
8309.993 1.151e-17
8310.870 1.153e-17
8311.747 1.156e-17
8312.623 1.154e-17
8313.500 1.154e-17
8314.377 1.120e-17
8315.253 1.152e-17
8316.130 1.109e-17
8317.007 1.152e-17
8317.883 1.150e-17
8318.760 1.145e-17
8319.637 1.149e-17
8320.513 9.977e-18
8321.390 1.149e-17
8322.267 1.149e-17
8323.143 1.141e-17
8324.020 1.096e-17
8324.897 1.147e-17
8325.773 1.147e-17
8326.650 1.146e-17
8327.527 1.146e-17
8328.403 1.144e-17
8329.280 1.133e-17
8330.157 1.144e-17
8331.033 1.142e-17
8331.910 1.023e-17
8332.787 1.135e-17
8333.663 1.144e-17
8334.540 1.126e-17
8335.417 1.144e-17
8336.293 1.143e-17
8337.170 1.147e-17
8338.047 1.145e-17
8338.923 1.149e-17
8339.800 4.907e-17
8340.677 2.282e-17
8341.553 1.136e-17
8342.430 1.152e-17
8343.307 1.153e-17
8344.183 1.144e-17
8345.060 1.154e-17
8345.937 1.155e-17
8346.813 2.661e-17
8347.690 1.156e-17
8348.567 1.157e-17
8349.443 1.157e-17
8350.320 1.158e-17
8351.197 1.156e-17
8352.073 1.159e-17
8352.950 1.160e-17
8353.827 1.161e-17
8354.703 1.160e-17
8355.580 1.159e-17
8356.457 1.161e-17
8357.333 1.161e-17
8358.210 1.162e-17
8359.087 1.157e-17
8359.963 1.160e-17
8360.840 1.163e-17
8361.717 1.158e-17
8362.593 1.163e-17
8363.470 1.299e-17
8364.347 1.123e-17
8365.223 1.315e-17
8366.100 1.164e-17
8366.977 1.164e-17
8367.853 2.206e-17
8368.730 5.952e-17
8369.607 1.093e-17
8370.483 1.166e-17
8371.360 1.164e-17
8372.237 1.166e-17
8373.113 1.161e-17
8373.990 1.166e-17
8374.867 1.165e-17
8375.743 1.164e-17
8376.620 1.165e-17
8377.497 1.166e-17
8378.373 1.646e-17
8379.250 1.165e-17
8380.127 1.166e-17
8381.003 1.166e-17
8381.880 1.167e-17
8382.757 1.167e-17
8383.633 1.164e-17
8384.510 1.166e-17
8385.387 1.166e-17
8386.263 1.163e-17
8387.140 1.160e-17
8388.017 1.157e-17
8388.893 1.167e-17
8389.770 1.166e-17
8390.647 1.165e-17
8391.523 1.167e-17
8392.400 2.167e-17
8393.277 1.167e-17
8394.153 1.168e-17
8395.030 1.168e-17
8395.907 1.167e-17
8396.783 1.163e-17
8397.660 1.169e-17
8398.537 1.169e-17
8399.413 1.150e-17
8400.290 1.170e-17
8401.167 1.170e-17
8402.043 1.170e-17
8402.920 1.163e-17
8403.797 1.172e-17
8404.673 1.172e-17
8405.550 1.172e-17
8406.427 1.166e-17
8407.303 1.172e-17
8408.180 1.173e-17
8409.057 1.174e-17
8409.933 1.174e-17
8410.810 1.162e-17
8411.687 1.174e-17
8412.563 1.175e-17
8413.440 1.169e-17
8414.317 1.175e-17
8415.193 1.174e-17
8416.070 1.174e-17
8416.947 1.174e-17
8417.823 1.157e-17
8418.700 1.173e-17
8419.577 1.166e-17
8420.453 1.173e-17
8421.330 1.173e-17
8422.207 1.173e-17
8423.083 1.173e-17
8423.960 1.173e-17
8424.837 1.173e-17
8425.713 1.232e-17
8426.590 1.173e-17
8427.467 1.173e-17
8428.343 1.172e-17
8429.220 1.171e-17
8430.097 1.166e-17
8430.973 1.172e-17
8431.850 1.168e-17
8432.727 1.172e-17
8433.603 1.172e-17
8434.480 3.890e-17
8435.357 1.173e-17
8436.233 1.173e-17
8437.110 1.173e-17
8437.987 1.174e-17
8438.863 1.170e-17
8439.740 1.174e-17
8440.617 1.175e-17
8441.493 1.176e-17
8442.370 1.175e-17
8443.247 1.175e-17
8444.123 1.177e-17
8445.000 1.176e-17
8445.877 1.178e-17
8446.753 1.178e-17
8447.630 1.179e-17
8448.507 1.175e-17
8449.383 1.179e-17
8450.260 1.180e-17
8451.137 1.180e-17
8452.013 1.181e-17
8452.890 1.180e-17
8453.767 1.181e-17
8454.643 1.323e-15
8455.520 1.181e-17
8456.397 1.345e-17
8457.273 1.181e-17
8458.150 1.181e-17
8459.027 1.320e-17
8459.903 1.181e-17
8460.780 1.181e-17
8461.657 1.181e-17
8462.533 1.165e-17
8463.410 1.182e-17
8464.287 1.182e-17
8465.163 1.181e-17
8466.040 1.181e-17
8466.917 1.182e-17
8467.793 1.920e-15
8468.670 1.182e-17
8469.547 1.182e-17
8470.423 1.182e-17
8471.300 1.182e-17
8472.177 1.182e-17
8473.053 1.182e-17
8473.930 1.180e-17
8474.807 1.180e-17
8475.683 1.178e-17
8476.560 1.177e-17
8477.437 1.176e-17
8478.313 1.175e-17
8479.190 1.174e-17
8480.067 1.172e-17
8480.943 1.172e-17
8481.820 1.171e-17
8482.697 1.170e-17
8483.573 1.169e-17
8484.450 1.168e-17
8485.327 1.167e-17
8486.203 1.166e-17
8487.080 1.165e-17
8487.957 1.164e-17
8488.833 1.163e-17
8489.710 1.162e-17
8490.587 1.159e-17
8491.463 1.160e-17
8492.340 1.159e-17
8493.217 1.160e-17
8494.093 1.150e-17
8494.970 1.162e-17
8495.847 1.179e-17
8496.723 1.884e-17
8497.600 1.165e-17
8498.477 1.166e-17
8499.353 1.456e-17
8500.230 1.171e-17
8501.107 1.169e-17
8501.983 1.170e-17
8502.860 1.171e-17
8503.737 1.173e-17
8504.613 1.173e-17
8505.490 1.900e-17
8506.367 1.176e-17
8507.243 1.177e-17
8508.120 1.170e-17
8508.997 1.179e-17
8509.873 1.180e-17
8510.750 1.181e-17
8511.627 1.182e-17
8512.503 1.183e-17
8513.380 1.182e-17
8514.257 1.158e-17
8515.133 1.181e-17
8516.010 1.181e-17
8516.887 1.180e-17
8517.763 1.180e-17
8518.640 1.179e-17
8519.517 1.179e-17
8520.393 1.179e-17
8521.270 1.178e-17
8522.147 1.175e-17
8523.023 1.190e-17
8523.900 1.177e-17
8524.777 1.177e-17
8525.653 1.176e-17
8526.530 1.176e-17
8527.407 1.175e-17
8528.283 1.175e-17
8529.160 1.175e-17
8530.037 1.174e-17
8530.913 1.174e-17
8531.790 1.173e-17
8532.667 1.172e-17
8533.543 1.170e-17
8534.420 1.168e-17
8535.297 1.166e-17
8536.173 1.164e-17
8537.050 1.158e-17
8537.927 1.160e-17
8538.803 1.153e-17
8539.680 1.156e-17
8540.557 1.155e-17
8541.433 1.153e-17
8542.310 1.148e-17
8543.187 1.132e-17
8544.063 1.147e-17
8544.940 1.145e-17
8545.817 1.143e-17
8546.693 1.141e-17
8547.570 1.139e-17
8548.447 1.136e-17
8549.323 1.135e-17
8550.200 1.133e-17
8551.077 1.131e-17
8551.953 1.128e-17
8552.830 1.130e-17
8553.707 1.134e-17
8554.583 1.137e-17
8555.460 1.141e-17
8556.337 1.144e-17
8557.213 1.147e-17
8558.090 1.151e-17
8558.967 1.155e-17
8559.843 1.158e-17
8560.720 1.161e-17
8561.597 1.165e-17
8562.473 1.168e-17
8563.350 1.172e-17
8564.227 1.175e-17
8565.103 1.179e-17
8565.980 1.182e-17
8566.857 1.186e-17
8567.733 1.189e-17
8568.610 1.193e-17
8569.487 1.196e-17
8570.363 1.199e-17
8571.240 1.202e-17
8572.117 1.206e-17
8572.993 1.206e-17
8573.870 1.206e-17
8574.747 1.207e-17
8575.623 1.206e-17
8576.500 1.207e-17
8577.377 1.207e-17
8578.253 1.206e-17
8579.130 1.207e-17
8580.007 3.427e-17
8580.883 1.206e-17
8581.760 1.206e-17
8582.637 1.206e-17
8583.513 1.205e-17
8584.390 1.206e-17
8585.267 1.205e-17
8586.143 1.205e-17
8587.020 1.205e-17
8587.897 1.205e-17
8588.773 1.205e-17
8589.650 1.204e-17
8590.527 1.204e-17
8591.403 1.204e-17
8592.280 1.204e-17
8593.157 1.204e-17
8594.033 1.204e-17
8594.910 1.203e-17
8595.787 1.204e-17
8596.663 1.204e-17
8597.540 1.204e-17
8598.417 1.204e-17
8599.293 1.204e-17
8600.170 1.205e-17
8601.047 1.205e-17
8601.923 1.205e-17
8602.800 1.205e-17
8603.677 1.205e-17
8604.553 1.205e-17
8605.430 1.205e-17
8606.307 1.205e-17
8607.183 1.205e-17
8608.060 1.204e-17
8608.937 1.206e-17
8609.813 1.206e-17
8610.690 2.340e-17
8611.567 1.206e-17
8612.443 1.206e-17
8613.320 1.206e-17
8614.197 1.206e-17
8615.073 1.206e-17
8615.950 1.207e-17
8616.827 1.250e-17
8617.703 1.207e-17
8618.580 1.207e-17
8619.457 2.242e-17
8620.333 1.207e-17
8621.210 1.207e-17
8622.087 1.207e-17
8622.963 1.208e-17
8623.840 5.415e-17
8624.717 1.208e-17
8625.593 1.208e-17
8626.470 1.208e-17
8627.347 1.208e-17
8628.223 1.208e-17
8629.100 1.209e-17
8629.977 1.209e-17
8630.853 1.209e-17
8631.730 1.389e-16
8632.607 1.209e-17
8633.483 1.208e-17
8634.360 1.208e-17
8635.237 1.207e-17
8636.113 1.207e-17
8636.990 1.206e-17
8637.867 1.206e-17
8638.743 1.205e-17
8639.620 1.204e-17
8640.497 1.204e-17
8641.373 1.203e-17
8642.250 1.203e-17
8643.127 1.202e-17
8644.003 1.202e-17
8644.880 1.201e-17
8645.757 1.200e-17
8646.633 1.200e-17
8647.510 1.199e-17
8648.387 1.199e-17
8649.263 4.089e-16
8650.140 1.198e-17
8651.017 1.197e-17
8651.893 1.196e-17
8652.770 8.372e-17
8653.647 5.982e-16
8654.523 1.191e-17
8655.400 1.189e-17
8656.277 1.187e-17
8657.153 1.185e-17
8658.030 1.183e-17
8658.907 1.181e-17
8659.783 1.179e-17
8660.660 1.177e-17
8661.537 7.336e-16
8662.413 1.172e-17
8663.290 1.170e-17
8664.167 1.168e-17
8665.043 1.166e-17
8665.920 1.164e-17
8666.797 1.162e-17
8667.673 1.160e-17
8668.550 1.158e-17
8669.427 1.156e-17
8670.303 1.800e-17
8671.180 1.152e-17
8672.057 1.150e-17
8672.933 1.150e-17
8673.810 1.152e-17
8674.687 1.154e-17
8675.563 1.156e-17
8676.440 1.158e-17
8677.317 1.160e-17
8678.193 1.162e-17
8679.070 1.164e-17
8679.947 1.166e-17
8680.823 1.168e-17
8681.700 1.170e-17
8682.577 1.407e-16
8683.453 1.174e-17
8684.330 1.176e-17
8685.207 1.178e-17
8686.083 1.180e-17
8686.960 1.182e-17
8687.837 1.184e-17
8688.713 1.186e-17
8689.590 5.057e-17
8690.467 1.190e-17
8691.343 1.191e-17
8692.220 1.193e-17
8693.097 1.194e-17
8693.973 1.193e-17
8694.850 1.193e-17
8695.727 1.519e-17
8696.603 1.192e-17
8697.480 1.192e-17
8698.357 1.191e-17
8699.233 1.191e-17
8700.110 1.191e-17
8700.987 1.190e-17
8701.863 1.190e-17
8702.740 1.190e-17
8703.617 1.189e-17
8704.493 1.543e-17
8705.370 1.189e-17
8706.247 1.189e-17
8707.123 1.189e-17
8708.000 3.757e-17
8708.877 1.188e-17
8709.753 1.188e-17
8710.630 1.188e-17
8711.507 1.188e-17
8712.383 1.188e-17
8713.260 1.188e-17
8714.137 1.187e-17
8715.013 1.187e-17
8715.890 1.187e-17
8716.767 1.187e-17
8717.643 1.187e-17
8718.520 1.186e-17
8719.397 1.186e-17
8720.273 1.186e-17
8721.150 1.770e-17
8722.027 1.186e-17
8722.903 1.186e-17
8723.780 1.185e-17
8724.657 1.185e-17
8725.533 1.185e-17
8726.410 1.186e-17
8727.287 1.186e-17
8728.163 1.186e-17
8729.040 1.631e-17
8729.917 1.186e-17
8730.793 1.186e-17
8731.670 1.186e-17
8732.547 1.187e-17
8733.423 1.187e-17
8734.300 1.187e-17
8735.177 1.187e-17
8736.053 1.187e-17
8736.930 1.187e-17
8737.807 1.187e-17
8738.683 1.188e-17
8739.560 1.188e-17
8740.437 1.188e-17
8741.313 1.188e-17
8742.190 1.188e-17
8743.067 1.812e-17
8743.943 1.189e-17
8744.820 1.189e-17
8745.697 1.189e-17
8746.573 1.189e-17
8747.450 1.189e-17
8748.327 1.189e-17
8749.203 1.189e-17
8750.080 1.189e-17
8750.957 1.189e-17
8751.833 1.190e-17
8752.710 2.319e-17
8753.587 1.190e-17
8754.463 1.190e-17
8755.340 1.190e-17
8756.217 1.190e-17
8757.093 1.190e-17
8757.970 1.191e-17
8758.847 1.191e-17
8759.723 1.191e-17
8760.600 1.191e-17
8761.477 1.191e-17
8762.353 1.191e-17
8763.230 1.191e-17
8764.107 8.154e-17
8764.983 1.190e-17
8765.860 1.189e-17
8766.737 1.189e-17
8767.613 1.188e-17
8768.490 1.188e-17
8769.367 1.188e-17
8770.243 1.032e-15
8771.120 1.187e-17
8771.997 1.186e-17
8772.873 1.267e-17
8773.750 1.185e-17
8774.627 1.185e-17
8775.503 1.184e-17
8776.380 1.184e-17
8777.257 1.183e-17
8778.133 1.183e-17
8779.010 1.183e-17
8779.887 1.182e-17
8780.763 4.216e-15
8781.640 1.181e-17
8782.517 1.178e-17
8783.393 1.180e-17
8784.270 1.181e-17
8785.147 1.181e-17
8786.023 1.181e-17
8786.900 1.181e-17
8787.777 1.181e-17
8788.653 1.181e-17
8789.530 1.181e-17
8790.407 1.182e-17
8791.283 1.182e-17
8792.160 1.182e-17
8793.037 1.182e-17
8793.913 1.182e-17
8794.790 1.181e-17
8795.667 1.182e-17
8796.543 1.182e-17
8797.420 1.183e-17
8798.297 1.183e-17
8799.173 1.183e-17
8800.050 1.183e-17
8800.927 1.183e-17
8801.803 1.183e-17
8802.680 1.183e-17
8803.557 1.183e-17
8804.433 2.014e-17
8805.310 1.182e-17
8806.187 1.182e-17
8807.063 1.182e-17
8807.940 1.182e-17
8808.817 1.182e-17
8809.693 1.181e-17
8810.570 1.181e-17
8811.447 1.181e-17
8812.323 1.181e-17
8813.200 1.181e-17
8814.077 1.173e-17
8814.953 1.180e-17
8815.830 1.180e-17
8816.707 1.180e-17
8817.583 1.180e-17
8818.460 1.180e-17
8819.337 1.179e-17
8820.213 1.179e-17
8821.090 1.178e-17
8821.967 1.178e-17
8822.843 1.178e-17
8823.720 1.179e-17
8824.597 1.179e-17
8825.473 1.180e-17
8826.350 1.180e-17
8827.227 1.180e-17
8828.103 1.181e-17
8828.980 1.181e-17
8829.857 1.181e-17
8830.733 1.181e-17
8831.610 1.182e-17
8832.487 1.182e-17
8833.363 1.182e-17
8834.240 1.183e-17
8835.117 1.183e-17
8835.993 4.020e-17
8836.870 1.490e-17
8837.747 1.183e-17
8838.623 1.184e-17
8839.500 1.184e-17
8840.377 1.185e-17
8841.253 1.185e-17
8842.130 1.185e-17
8843.007 1.185e-17
8843.883 1.185e-17
8844.760 1.185e-17
8845.637 1.184e-17
8846.513 1.184e-17
8847.390 1.184e-17
8848.267 1.183e-17
8849.143 1.183e-17
8850.020 1.182e-17
8850.897 1.182e-17
8851.773 1.182e-17
8852.650 1.182e-17
8853.527 1.181e-17
8854.403 1.181e-17
8855.280 1.180e-17
8856.157 1.180e-17
8857.033 1.180e-17
8857.910 1.180e-17
8858.787 1.179e-17
8859.663 1.170e-17
8860.540 1.178e-17
8861.417 1.175e-17
8862.293 1.346e-17
8863.170 1.309e-17
8864.047 2.478e-17
8864.923 3.458e-17
8865.800 5.652e-17
8866.677 1.178e-17
8867.553 1.177e-17
8868.430 1.177e-17
8869.307 1.187e-17
8870.183 1.178e-17
8871.060 1.178e-17
8871.937 1.178e-17
8872.813 1.178e-17
8873.690 1.178e-17
8874.567 1.178e-17
8875.443 1.178e-17
8876.320 1.179e-17
8877.197 1.179e-17
8878.073 1.179e-17
8878.950 1.179e-17
8879.827 1.178e-17
8880.703 1.178e-17
8881.580 1.173e-17
8882.457 1.179e-17
8883.333 1.179e-17
8884.210 1.178e-17
8885.087 1.178e-17
8885.963 1.178e-17
8886.840 1.178e-17
8887.717 1.178e-17
8888.593 1.178e-17
8889.470 1.178e-17
8890.347 1.178e-17
8891.223 1.295e-17
8892.100 1.178e-17
8892.977 1.178e-17
8893.853 1.178e-17
8894.730 1.178e-17
8895.607 1.177e-17
8896.483 1.177e-17
8897.360 1.177e-17
8898.237 1.177e-17
8899.113 1.456e-17
8899.990 1.177e-17
8900.867 1.177e-17
8901.743 1.177e-17
8902.620 1.176e-17
8903.497 1.176e-17
8904.373 1.176e-17
8905.250 1.176e-17
8906.127 1.176e-17
8907.003 1.176e-17
8907.880 1.176e-17
8908.757 1.175e-17
8909.633 1.170e-17
8910.510 1.175e-17
8911.387 1.175e-17
8912.263 1.175e-17
8913.140 1.174e-17
8914.017 1.174e-17
8914.893 1.174e-17
8915.770 1.174e-17
8916.647 1.174e-17
8917.523 1.173e-17
8918.400 1.165e-17
8919.277 1.748e-17
8920.153 1.168e-17
8921.030 1.172e-17
8921.907 1.169e-17
8922.783 1.172e-17
8923.660 1.172e-17
8924.537 1.172e-17
8925.413 1.172e-17
8926.290 1.173e-17
8927.167 1.170e-17
8928.043 1.173e-17
8928.920 1.172e-17
8929.797 1.229e-17
8930.673 1.432e-17
8931.550 1.610e-17
8932.427 1.168e-17
8933.303 1.170e-17
8934.180 1.288e-17
8935.057 1.172e-17
8935.933 1.172e-17
8936.810 1.663e-17
8937.687 1.174e-17
8938.563 1.173e-17
8939.440 1.173e-17
8940.317 1.173e-17
8941.193 1.174e-17
8942.070 1.173e-17
8942.947 1.155e-17
8943.823 1.226e-17
8944.700 1.140e-17
8945.577 1.174e-17
8946.453 1.173e-17
8947.330 1.174e-17
8948.207 1.173e-17
8949.083 1.161e-17
8949.960 1.624e-17
8950.837 1.171e-17
8951.713 1.173e-17
8952.590 1.174e-17
8953.467 1.173e-17
8954.343 1.150e-17
8955.220 1.174e-17
8956.097 1.174e-17
8956.973 1.155e-17
8957.850 1.166e-17
8958.727 1.175e-17
8959.603 1.175e-17
8960.480 3.915e-16
8961.357 1.174e-17
8962.233 1.176e-17
8963.110 1.167e-17
8963.987 1.170e-17
8964.863 9.517e-18
8965.740 1.182e-17
8966.617 1.170e-17
8967.493 2.186e-17
8968.370 1.158e-17
8969.247 1.163e-17
8970.123 1.170e-17
8971.000 1.923e-17
8971.877 1.834e-17
8972.753 1.168e-17
8973.630 9.839e-17
8974.507 1.156e-17
8975.383 1.064e-17
8976.260 1.280e-17
8977.137 1.041e-17
8978.013 1.189e-17
8978.890 1.067e-17
8979.767 1.164e-17
8980.643 1.164e-17
8981.520 1.163e-17
8982.397 1.153e-17
8983.273 1.081e-17
8984.150 1.158e-17
8985.027 1.162e-17
8985.903 1.162e-17
8986.780 1.155e-17
8987.657 1.161e-17
8988.533 1.151e-17
8989.410 1.596e-17
8990.287 1.030e-17
8991.163 1.146e-17
8992.040 1.079e-17
8992.917 1.126e-17
8993.793 1.114e-17
8994.670 1.100e-17
8995.547 2.072e-17
8996.423 1.157e-17
8997.300 1.160e-17
8998.177 1.160e-17
8999.053 1.160e-17
8999.930 1.160e-17
9000.807 1.159e-17
9001.683 1.155e-17
9002.560 9.831e-18
9003.437 1.120e-17
9004.313 1.157e-17
9005.190 1.156e-17
9006.067 7.327e-18
9006.943 1.151e-17
9007.820 1.159e-17
9008.697 1.159e-17
9009.573 1.009e-17
9010.450 1.128e-17
9011.327 1.149e-17
9012.203 1.160e-17
9013.080 1.159e-17
9013.957 1.136e-17
9014.833 1.146e-17
9015.710 1.159e-17
9016.587 1.160e-17
9017.463 1.157e-17
9018.340 1.149e-17
9019.217 4.194e-18
9020.093 1.149e-17
9020.970 1.157e-17
9021.847 1.160e-17
9022.723 1.151e-17
9023.600 1.159e-17
9024.477 1.149e-17
9025.353 1.073e-17
9026.230 1.157e-17
9027.107 1.149e-17
9027.983 1.118e-17
9028.860 1.132e-17
9029.737 1.157e-17
9030.613 1.159e-17
9031.490 2.028e-17
9032.367 1.157e-17
9033.243 1.156e-17
9034.120 1.129e-17
9034.997 1.158e-17
9035.873 1.159e-17
9036.750 1.158e-17
9037.627 1.155e-17
9038.503 1.158e-17
9039.380 1.158e-17
9040.257 1.158e-17
9041.133 1.157e-17
9042.010 1.157e-17
9042.887 1.155e-17
9043.763 1.150e-17
9044.640 1.128e-17
9045.517 1.125e-17
9046.393 1.157e-17
9047.270 1.157e-17
9048.147 1.158e-17
9049.023 1.157e-17
9049.900 1.047e-17
9050.777 1.155e-17
9051.653 5.332e-16
9052.530 1.157e-17
9053.407 1.148e-17
9054.283 1.156e-17
9055.160 1.133e-17
9056.037 1.152e-17
9056.913 1.154e-17
9057.790 1.158e-17
9058.667 1.158e-17
9059.543 2.001e-17
9060.420 1.157e-17
9061.297 1.157e-17
9062.173 1.155e-17
9063.050 1.043e-17
9063.927 1.153e-17
9064.803 1.149e-17
9065.680 1.150e-17
9066.557 9.116e-18
9067.433 1.154e-17
9068.310 1.150e-17
9069.187 1.153e-17
9070.063 1.137e-17
9070.940 2.189e-17
9071.817 1.018e-17
9072.693 1.146e-17
9073.570 1.143e-17
9074.447 2.583e-18
9075.323 1.140e-17
9076.200 1.142e-17
9077.077 1.297e-17
9077.953 1.147e-17
9078.830 1.255e-17
9079.707 1.147e-17
9080.583 1.144e-17
9081.460 1.017e-17
9082.337 6.065e-18
9083.213 1.121e-17
9084.090 1.104e-17
9084.967 1.144e-17
9085.843 1.139e-17
9086.720 1.146e-17
9087.597 1.139e-17
9088.473 1.139e-17
9089.350 9.463e-18
9090.227 1.137e-17
9091.103 1.146e-17
9091.980 1.142e-17
9092.857 1.876e-17
9093.733 1.503e-17
9094.610 1.184e-17
9095.487 1.142e-17
9096.363 9.645e-18
9097.240 1.143e-17
9098.117 1.140e-17
9098.993 1.149e-17
9099.870 1.330e-17
9100.747 1.108e-17
9101.623 1.138e-17
9102.500 1.059e-17
