4500.000 2.030e-17
4500.877 2.038e-17
4501.753 2.046e-17
4502.630 2.054e-17
4503.507 2.062e-17
4504.383 2.070e-17
4505.260 2.077e-17
4506.137 2.085e-17
4507.013 2.084e-17
4507.890 2.081e-17
4508.767 2.078e-17
4509.643 2.074e-17
4510.520 2.071e-17
4511.397 2.068e-17
4512.273 2.065e-17
4513.150 2.062e-17
4514.027 2.058e-17
4514.903 2.055e-17
4515.780 2.052e-17
4516.657 2.045e-17
4517.533 2.032e-17
4518.410 2.019e-17
4519.287 2.007e-17
4520.163 1.994e-17
4521.040 1.981e-17
4521.917 1.968e-17
4522.793 1.956e-17
4523.670 1.943e-17
4524.547 1.930e-17
4525.423 1.917e-17
4526.300 1.905e-17
4527.177 1.906e-17
4528.053 1.908e-17
4528.930 1.909e-17
4529.807 1.918e-17
4530.683 1.912e-17
4531.560 1.913e-17
4532.437 1.915e-17
4533.313 1.916e-17
4534.190 1.918e-17
4535.067 1.919e-17
4535.943 1.921e-17
4536.820 1.921e-17
4537.697 1.921e-17
4538.573 1.921e-17
4539.450 1.921e-17
4540.327 1.921e-17
4541.203 1.921e-17
4542.080 1.921e-17
4542.957 2.950e-17
4543.833 1.921e-17
4544.710 1.921e-17
4545.587 2.281e-17
4546.463 1.922e-17
4547.340 1.925e-17
4548.217 1.928e-17
4549.093 1.932e-17
4549.970 1.935e-17
4550.847 1.938e-17
4551.723 1.942e-17
4552.600 1.945e-17
4553.477 1.948e-17
4554.353 2.294e-17
4555.230 1.955e-17
4556.107 1.958e-17
4556.983 1.960e-17
4557.860 1.963e-17
4558.737 1.965e-17
4559.613 1.968e-17
4560.490 1.970e-17
4561.367 1.972e-17
4562.243 1.975e-17
4563.120 1.977e-17
4563.997 1.979e-17
4564.873 1.982e-17
4565.750 1.984e-17
4566.627 1.986e-17
4567.503 1.987e-17
4568.380 1.988e-17
4569.257 2.150e-17
4570.133 1.990e-17
4571.010 1.991e-17
4571.887 1.991e-17
4572.763 1.992e-17
4573.640 1.993e-17
4574.517 1.994e-17
4575.393 1.995e-17
4576.270 1.996e-17
4577.147 1.987e-17
4578.023 1.977e-17
4578.900 1.967e-17
4579.777 1.957e-17
4580.653 1.948e-17
4581.530 1.938e-17
4582.407 1.928e-17
4583.283 1.918e-17
4584.160 1.985e-17
4585.037 1.899e-17
4585.913 1.889e-17
4586.790 1.886e-17
4587.667 1.888e-17
4588.543 1.890e-17
4589.420 1.892e-17
4590.297 1.894e-17
4591.173 1.896e-17
4592.050 1.898e-17
4592.927 1.900e-17
4593.803 1.902e-17
4594.680 1.904e-17
4595.557 1.906e-17
4596.433 1.908e-17
4597.310 1.909e-17
4598.187 1.911e-17
4599.063 1.912e-17
4599.940 1.914e-17
4600.817 1.915e-17
4601.693 1.917e-17
4602.570 1.918e-17
4603.447 1.919e-17
4604.323 1.921e-17
4605.200 1.922e-17
4606.077 1.924e-17
4606.953 1.924e-17
4607.830 1.925e-17
4608.707 1.925e-17
4609.583 1.925e-17
4610.460 1.926e-17
4611.337 1.926e-17
4612.213 1.926e-17
4613.090 1.927e-17
4613.967 1.927e-17
4614.843 1.927e-17
4615.720 1.928e-17
4616.597 1.929e-17
4617.473 1.932e-17
4618.350 1.934e-17
4619.227 1.937e-17
4620.103 1.940e-17
4620.980 1.942e-17
4621.857 1.945e-17
4622.733 1.948e-17
4623.610 1.950e-17
4624.487 1.953e-17
4625.363 1.956e-17
4626.240 1.958e-17
4627.117 1.954e-17
4627.993 1.949e-17
4628.870 1.944e-17
4629.747 1.939e-17
4630.623 1.934e-17
4631.500 1.928e-17
4632.377 1.923e-17
4633.253 1.918e-17
4634.130 1.913e-17
4635.007 1.908e-17
4635.883 1.903e-17
4636.760 1.898e-17
4637.637 1.893e-17
4638.513 1.888e-17
4639.390 1.883e-17
4640.267 1.878e-17
4641.143 1.873e-17
4642.020 1.868e-17
4642.897 1.863e-17
4643.773 1.858e-17
4644.650 1.853e-17
4645.527 1.848e-17
4646.403 1.844e-17
4647.280 1.848e-17
4648.157 1.852e-17
4649.033 1.856e-17
4649.910 1.860e-17
4650.787 1.864e-17
4651.663 1.867e-17
4652.540 1.871e-17
4653.417 1.875e-17
4654.293 1.879e-17
4655.170 1.883e-17
4656.047 1.886e-17
4656.923 1.881e-17
4657.800 1.872e-17
4658.677 1.864e-17
4659.553 1.856e-17
4660.430 1.848e-17
4661.307 1.840e-17
4662.183 1.831e-17
4663.060 1.823e-17
4663.937 1.815e-17
4664.813 1.807e-17
4665.690 1.799e-17
4666.567 1.795e-17
4667.443 1.801e-17
4668.320 1.808e-17
4669.197 1.814e-17
4670.073 1.820e-17
4670.950 1.827e-17
4671.827 1.833e-17
4672.703 1.839e-17
4673.580 2.101e-17
4674.457 1.852e-17
4675.333 1.858e-17
4676.210 1.864e-17
4677.087 3.033e-17
4677.963 1.862e-17
4678.840 1.861e-17
4679.717 1.859e-17
4680.593 1.858e-17
4681.470 1.856e-17
4682.347 1.855e-17
4683.223 1.854e-17
4684.100 1.852e-17
4684.977 1.851e-17
4685.853 1.849e-17
4686.730 1.848e-17
4687.607 1.848e-17
4688.483 1.848e-17
4689.360 1.847e-17
4690.237 1.847e-17
4691.113 1.846e-17
4691.990 1.846e-17
4692.867 1.846e-17
4693.743 1.845e-17
4694.620 1.845e-17
4695.497 1.845e-17
4696.373 1.844e-17
4697.250 1.836e-17
4698.127 1.828e-17
4699.003 1.821e-17
4699.880 1.813e-17
4700.757 1.805e-17
4701.633 1.798e-17
4702.510 1.790e-17
4703.387 1.783e-17
4704.263 1.775e-17
4705.140 1.768e-17
4706.017 1.760e-17
4706.893 1.764e-17
4707.770 1.774e-17
4708.647 1.784e-17
4709.523 1.793e-17
4710.400 1.803e-17
4711.277 1.812e-17
4712.153 1.822e-17
4713.030 1.832e-17
4713.907 1.841e-17
4714.783 1.851e-17
4715.660 1.860e-17
4716.537 1.868e-17
4717.413 1.869e-17
4718.290 1.871e-17
4719.167 1.873e-17
4720.043 1.874e-17
4720.920 1.876e-17
4721.797 1.877e-17
4722.673 1.879e-17
4723.550 1.881e-17
4724.427 1.882e-17
4725.303 1.884e-17
4726.180 1.886e-17
4727.057 1.883e-17
4727.933 1.880e-17
4728.810 1.877e-17
4729.687 1.873e-17
4730.563 1.869e-17
4731.440 1.867e-17
4732.317 1.863e-17
4733.193 1.860e-17
4734.070 1.857e-17
4734.947 1.853e-17
4735.823 1.850e-17
4736.700 1.850e-17
4737.577 1.854e-17
4738.453 1.858e-17
4739.330 1.862e-17
4740.207 1.866e-17
4741.083 1.870e-17
4741.960 1.874e-17
4742.837 1.878e-17
4743.713 1.882e-17
4744.590 1.886e-17
4745.467 1.890e-17
4746.343 1.894e-17
4747.220 1.892e-17
4748.097 1.889e-17
4748.973 1.887e-17
4749.850 1.884e-17
4750.727 1.881e-17
4751.603 1.878e-17
4752.480 1.875e-17
4753.357 1.872e-17
4754.233 1.869e-17
4755.110 1.866e-17
4755.987 1.863e-17
4756.863 1.859e-17
4757.740 1.855e-17
4758.617 1.850e-17
4759.493 1.845e-17
4760.370 1.840e-17
4761.247 1.836e-17
4762.123 1.831e-17
4763.000 1.826e-17
4763.877 1.822e-17
4764.753 1.817e-17
4765.630 1.813e-17
4766.507 1.811e-17
4767.383 1.818e-17
4768.260 1.826e-17
4769.137 1.833e-17
4770.013 1.841e-17
4770.890 1.848e-17
4771.767 1.856e-17
4772.643 1.863e-17
4773.520 1.871e-17
4774.397 1.878e-17
4775.273 1.886e-17
4776.150 1.894e-17
4777.027 1.891e-17
4777.903 1.886e-17
4778.780 1.881e-17
4779.657 1.877e-17
4780.533 1.872e-17
4781.410 1.867e-17
4782.287 1.863e-17
4783.163 1.858e-17
4784.040 1.853e-17
4784.917 1.849e-17
4785.793 1.844e-17
4786.670 1.843e-17
4787.547 1.847e-17
4788.423 1.851e-17
4789.300 1.856e-17
4790.177 1.860e-17
4791.053 1.864e-17
4791.930 1.868e-17
4792.807 1.873e-17
4793.683 1.877e-17
4794.560 1.881e-17
4795.437 1.885e-17
4796.313 1.889e-17
4797.190 1.886e-17
4798.067 1.883e-17
4798.943 1.880e-17
4799.820 1.877e-17
4800.697 1.874e-17
4801.573 1.871e-17
4802.450 1.868e-17
4803.327 1.865e-17
4804.203 1.862e-17
4805.080 1.858e-17
4805.957 1.855e-17
4806.833 1.856e-17
4807.710 1.859e-17
4808.587 1.862e-17
4809.463 1.865e-17
4810.340 1.869e-17
4811.217 1.872e-17
4812.093 1.875e-17
4812.970 2.228e-17
4813.847 2.039e-17
4814.723 1.884e-17
4815.600 1.888e-17
4816.477 1.890e-17
4817.353 1.885e-17
4818.230 1.880e-17
4819.107 1.875e-17
4819.983 1.870e-17
4820.860 1.865e-17
4821.737 1.861e-17
4822.613 1.856e-17
4823.490 1.851e-17
4824.367 1.846e-17
4825.243 2.307e-17
4826.120 1.877e-17
4826.997 1.834e-17
4827.873 1.833e-17
4828.750 1.832e-17
4829.627 1.832e-17
4830.503 1.831e-17
4831.380 1.830e-17
4832.257 1.830e-17
4833.133 1.829e-17
4834.010 1.828e-17
4834.887 1.827e-17
4835.763 1.827e-17
4836.640 1.825e-17
4837.517 1.821e-17
4838.393 1.818e-17
4839.270 1.814e-17
4840.147 1.810e-17
4841.023 1.806e-17
4841.900 1.802e-17
4842.777 1.798e-17
4843.653 1.795e-17
4844.530 1.791e-17
4845.407 1.787e-17
4846.283 1.783e-17
4847.160 1.774e-17
4848.037 1.764e-17
4848.913 1.755e-17
4849.790 1.745e-17
4850.667 1.736e-17
4851.543 1.727e-17
4852.420 1.717e-17
4853.297 1.708e-17
4854.173 1.698e-17
4855.050 1.689e-17
4855.927 1.680e-17
4856.803 1.668e-17
4857.680 1.654e-17
4858.557 1.641e-17
4859.433 1.627e-17
4860.310 1.613e-17
4861.187 1.599e-17
4862.063 1.585e-17
4862.940 1.571e-17
4863.817 1.558e-17
4864.693 1.544e-17
4865.570 1.530e-17
4866.447 1.518e-17
4867.323 1.531e-17
4868.200 1.544e-17
4869.077 1.557e-17
4869.953 1.570e-17
4870.830 1.583e-17
4871.707 1.596e-17
4872.583 1.609e-17
4873.460 1.622e-17
4874.337 1.635e-17
4875.213 1.648e-17
4876.090 1.661e-17
4876.967 1.669e-17
4877.843 1.674e-17
4878.720 1.679e-17
4879.597 1.684e-17
4880.473 1.689e-17
4881.350 1.694e-17
4882.227 1.699e-17
4883.103 1.704e-17
4883.980 2.337e-17
4884.857 1.714e-17
4885.733 1.719e-17
4886.610 1.723e-17
4887.487 1.726e-17
4888.363 1.728e-17
4889.240 1.731e-17
4890.117 1.733e-17
4890.993 1.736e-17
4891.870 1.738e-17
4892.747 1.741e-17
4893.623 1.743e-17
4894.500 1.746e-17
4895.377 1.748e-17
4896.253 1.751e-17
4897.130 1.753e-17
4898.007 1.756e-17
4898.883 1.758e-17
4899.760 1.761e-17
4900.637 1.763e-17
4901.513 1.766e-17
4902.390 1.768e-17
4903.267 1.771e-17
4904.143 1.773e-17
4905.020 1.775e-17
4905.897 1.778e-17
4906.773 1.776e-17
4907.650 1.768e-17
4908.527 1.761e-17
4909.403 1.753e-17
4910.280 1.745e-17
4911.157 1.738e-17
4912.033 1.730e-17
4912.910 1.722e-17
4913.787 1.715e-17
4914.663 1.707e-17
4915.540 1.699e-17
4916.417 1.692e-17
4917.293 1.691e-17
4918.170 1.691e-17
4919.047 1.690e-17
4919.923 1.690e-17
4920.800 1.689e-17
4921.677 1.689e-17
4922.553 1.688e-17
4923.430 1.688e-17
4924.307 1.687e-17
4925.183 1.687e-17
4926.060 1.686e-17
4926.937 1.686e-17
4927.813 1.684e-17
4928.690 1.683e-17
4929.567 1.682e-17
4930.443 1.681e-17
4931.320 1.680e-17
4932.197 1.679e-17
4933.073 1.678e-17
4933.950 1.677e-17
4934.827 1.676e-17
4935.703 1.675e-17
4936.580 1.676e-17
4937.457 1.687e-17
4938.333 1.697e-17
4939.210 4.305e-17
4940.087 1.718e-17
4940.963 1.728e-17
4941.840 1.738e-17
4942.717 1.748e-17
4943.593 1.759e-17
4944.470 1.769e-17
4945.347 1.779e-17
4946.223 1.789e-17
4947.100 1.784e-17
4947.977 1.775e-17
4948.853 1.766e-17
4949.730 1.757e-17
4950.607 1.748e-17
4951.483 1.740e-17
4952.360 1.731e-17
4953.237 1.722e-17
4954.113 1.713e-17
4954.990 1.704e-17
4955.867 1.695e-17
4956.743 1.691e-17
4957.620 1.696e-17
4958.497 1.701e-17
4959.373 1.707e-17
4960.250 1.712e-17
4961.127 1.717e-17
4962.003 1.722e-17
4962.880 1.727e-17
4963.757 1.732e-17
4964.633 1.961e-17
4965.510 1.742e-17
4966.387 1.747e-17
4967.263 1.747e-17
4968.140 1.746e-17
4969.017 1.746e-17
4969.893 1.745e-17
4970.770 1.744e-17
4971.647 1.744e-17
4972.523 1.743e-17
4973.400 1.743e-17
4974.277 1.742e-17
4975.153 1.741e-17
4976.030 1.741e-17
4976.907 1.735e-17
4977.783 1.724e-17
4978.660 1.714e-17
4979.537 1.704e-17
4980.413 1.694e-17
4981.290 1.684e-17
4982.167 1.674e-17
4983.043 1.663e-17
4983.920 1.653e-17
4984.797 1.643e-17
4985.673 1.633e-17
4986.550 1.625e-17
4987.427 1.631e-17
4988.303 1.637e-17
4989.180 1.643e-17
4990.057 1.649e-17
4990.933 1.655e-17
4991.810 1.660e-17
4992.687 1.666e-17
4993.563 1.672e-17
4994.440 1.678e-17
4995.317 1.683e-17
4996.193 1.689e-17
4997.070 1.685e-17
4997.947 1.677e-17
4998.823 1.669e-17
4999.700 1.661e-17
5000.577 1.654e-17
5001.453 1.646e-17
5002.330 1.639e-17
5003.207 1.632e-17
5004.083 1.624e-17
5004.960 1.617e-17
5005.837 1.982e-17
5006.713 1.603e-17
5007.590 1.600e-17
5008.467 1.597e-17
5009.343 1.594e-17
5010.220 1.591e-17
5011.097 1.587e-17
5011.973 1.584e-17
5012.850 1.581e-17
5013.727 1.578e-17
5014.603 1.575e-17
5015.480 1.572e-17
5016.357 1.568e-17
5017.233 1.572e-17
5018.110 1.577e-17
5018.987 1.582e-17
5019.863 1.586e-17
5020.740 1.591e-17
5021.617 1.595e-17
5022.493 1.600e-17
5023.370 1.605e-17
5024.247 1.610e-17
5025.123 1.614e-17
5026.000 1.617e-17
5026.877 1.622e-17
5027.753 1.624e-17
5028.630 1.626e-17
5029.507 1.628e-17
5030.383 1.630e-17
5031.260 1.632e-17
5032.137 1.634e-17
5033.013 1.637e-17
5033.890 1.639e-17
5034.767 1.641e-17
5035.643 1.642e-17
5036.520 1.644e-17
5037.397 1.639e-17
5038.273 1.635e-17
5039.150 1.619e-17
5040.027 1.626e-17
5040.903 1.620e-17
5041.780 1.618e-17
5042.657 1.613e-17
5043.533 1.603e-17
5044.410 1.602e-17
5045.287 1.599e-17
5046.163 1.596e-17
5047.040 1.600e-17
5047.917 1.607e-17
5048.793 1.614e-17
5049.670 1.622e-17
5050.547 1.629e-17
5051.423 1.636e-17
5052.300 1.643e-17
5053.177 1.651e-17
5054.053 1.658e-17
5054.930 1.665e-17
5055.807 1.672e-17
5056.683 1.676e-17
5057.560 1.674e-17
5058.437 1.672e-17
5059.313 1.669e-17
5060.190 1.667e-17
5061.067 1.665e-17
5061.943 1.663e-17
5062.820 1.660e-17
5063.697 1.657e-17
5064.573 1.656e-17
5065.450 1.654e-17
5066.327 1.651e-17
5067.203 1.647e-17
5068.080 1.644e-17
5068.957 1.640e-17
5069.833 1.637e-17
5070.710 1.633e-17
5071.587 1.626e-17
5072.463 1.625e-17
5073.340 1.622e-17
5074.217 1.617e-17
5075.093 1.615e-17
5075.970 1.611e-17
5076.847 1.610e-17
5077.723 1.609e-17
5078.600 1.611e-17
5079.477 1.611e-17
5080.353 1.611e-17
5081.230 1.612e-17
5082.107 1.613e-17
5082.983 1.613e-17
5083.860 1.614e-17
5084.737 1.614e-17
5085.613 1.613e-17
5086.490 1.615e-17
5087.367 1.615e-17
5088.243 1.614e-17
5089.120 1.614e-17
5089.997 1.613e-17
5090.873 1.613e-17
5091.750 1.612e-17
5092.627 1.612e-17
5093.503 1.611e-17
5094.380 1.611e-17
5095.257 1.609e-17
5096.133 1.610e-17
5097.010 1.611e-17
5097.887 1.612e-17
5098.763 1.614e-17
5099.640 1.615e-17
5100.517 1.617e-17
5101.393 1.619e-17
5102.270 1.620e-17
5103.147 1.621e-17
5104.023 1.624e-17
5104.900 1.626e-17
5105.777 1.627e-17
5106.653 1.629e-17
5107.530 1.632e-17
5108.407 1.635e-17
5109.283 1.638e-17
5110.160 1.641e-17
5111.037 1.643e-17
5111.913 1.646e-17
5112.790 1.649e-17
5113.667 1.652e-17
5114.543 1.655e-17
5115.420 1.657e-17
5116.297 1.660e-17
5117.173 1.653e-17
5118.050 1.645e-17
5118.927 1.637e-17
5119.803 1.629e-17
5120.680 1.621e-17
5121.557 1.613e-17
5122.433 1.605e-17
5123.310 1.597e-17
5124.187 1.589e-17
5125.063 1.581e-17
5125.940 1.573e-17
5126.817 1.569e-17
5127.693 1.568e-17
5128.570 1.567e-17
5129.447 1.567e-17
5130.323 1.566e-17
5131.200 1.566e-17
5132.077 1.565e-17
5132.953 1.565e-17
5133.830 1.564e-17
5134.707 1.563e-17
5135.583 1.563e-17
5136.460 1.562e-17
5137.337 1.563e-17
5138.213 1.563e-17
5139.090 1.564e-17
5139.967 1.565e-17
5140.843 1.565e-17
5141.720 1.566e-17
5142.597 1.566e-17
5143.473 1.567e-17
5144.350 1.567e-17
5145.227 1.568e-17
5146.103 1.568e-17
5146.980 1.569e-17
5147.857 1.571e-17
5148.733 1.572e-17
5149.610 1.573e-17
5150.487 1.575e-17
5151.363 1.576e-17
5152.240 1.577e-17
5153.117 1.579e-17
5153.993 1.580e-17
5154.870 1.581e-17
5155.747 1.583e-17
5156.623 1.580e-17
5157.500 1.566e-17
5158.377 1.552e-17
5159.253 1.538e-17
5160.130 1.524e-17
5161.007 1.510e-17
5161.883 1.496e-17
5162.760 1.482e-17
5163.637 1.468e-17
5164.513 1.454e-17
5165.390 1.440e-17
5166.267 1.426e-17
5167.143 1.427e-17
5168.020 1.430e-17
5168.897 1.433e-17
5169.773 1.437e-17
5170.650 1.440e-17
5171.527 1.443e-17
5172.403 1.446e-17
5173.280 1.449e-17
5174.157 1.453e-17
5175.033 1.456e-17
5175.910 1.459e-17
5176.787 1.459e-17
5177.663 1.454e-17
5178.540 1.450e-17
5179.417 1.445e-17
5180.293 1.441e-17
5181.170 1.437e-17
5182.047 1.432e-17
5182.923 1.428e-17
5183.800 1.423e-17
5184.677 1.419e-17
5185.553 1.414e-17
5186.430 1.410e-17
5187.307 1.421e-17
5188.183 1.431e-17
5189.060 1.441e-17
5189.937 1.451e-17
5190.813 1.461e-17
5191.690 1.471e-17
5192.567 1.481e-17
5193.443 1.491e-17
5194.320 1.501e-17
5195.197 1.511e-17
5196.073 1.521e-17
5196.950 1.526e-17
5197.827 1.526e-17
5198.703 1.526e-17
5199.580 1.525e-17
5200.457 1.525e-17
5201.333 1.525e-17
5202.210 1.525e-17
5203.087 1.525e-17
5203.963 1.525e-17
5204.840 1.525e-17
5205.717 1.525e-17
5206.593 1.526e-17
5207.470 1.530e-17
5208.347 1.534e-17
5209.223 1.538e-17
5210.100 1.542e-17
5210.977 1.546e-17
5211.853 1.551e-17
5212.730 1.555e-17
5213.607 1.559e-17
5214.483 1.563e-17
5215.360 1.567e-17
5216.237 1.571e-17
5217.113 1.569e-17
5217.990 1.564e-17
5218.867 1.978e-17
5219.743 1.554e-17
5220.620 1.548e-17
5221.497 1.543e-17
5222.373 1.538e-17
5223.250 1.533e-17
5224.127 1.528e-17
5225.003 1.523e-17
5225.880 1.517e-17
5226.757 1.516e-17
5227.633 1.520e-17
5228.510 1.524e-17
5229.387 1.527e-17
5230.263 1.531e-17
5231.140 1.535e-17
5232.017 1.539e-17
5232.893 1.543e-17
5233.770 1.547e-17
5234.647 1.550e-17
5235.523 1.554e-17
5236.400 1.558e-17
5237.277 1.561e-17
5238.153 1.565e-17
5239.030 1.568e-17
5239.907 1.572e-17
5240.783 1.575e-17
5241.660 1.578e-17
5242.537 1.582e-17
5243.413 1.585e-17
5244.290 1.589e-17
5245.167 1.592e-17
5246.043 1.596e-17
5246.920 1.596e-17
5247.797 1.594e-17
5248.673 1.592e-17
5249.550 1.591e-17
5250.427 1.589e-17
5251.303 2.755e-17
5252.180 1.585e-17
5253.057 1.583e-17
5253.933 1.581e-17
5254.810 1.579e-17
5255.687 1.610e-17
5256.563 1.574e-17
5257.440 1.995e-17
5258.317 1.570e-17
5259.193 1.529e-17
5260.070 1.514e-17
5260.947 1.499e-17
5261.823 1.484e-17
5262.700 1.831e-17
5263.577 1.453e-17
5264.453 1.438e-17
5265.330 1.423e-17
5266.207 1.408e-17
5267.083 1.409e-17
5267.960 1.418e-17
5268.837 1.426e-17
5269.713 1.435e-17
5270.590 1.443e-17
5271.467 1.452e-17
5272.343 1.461e-17
5273.220 1.469e-17
5274.097 1.478e-17
5274.973 1.487e-17
5275.850 1.495e-17
5276.727 1.502e-17
5277.603 3.699e-17
5278.480 1.509e-17
5279.357 1.513e-17
5280.233 1.517e-17
5281.110 1.521e-17
5281.987 1.524e-17
5282.863 1.528e-17
5283.740 1.532e-17
5284.617 1.535e-17
5285.493 1.539e-17
5286.370 1.543e-17
5287.247 1.544e-17
5288.123 1.545e-17
5289.000 1.546e-17
5289.877 1.547e-17
5290.753 1.547e-17
5291.630 1.548e-17
5292.507 1.549e-17
5293.383 1.550e-17
5294.260 1.551e-17
5295.137 1.552e-17
5296.013 1.553e-17
5296.890 1.554e-17
5297.767 1.556e-17
5298.643 1.557e-17
5299.520 1.559e-17
5300.397 1.561e-17
5301.273 1.562e-17
5302.150 1.564e-17
5303.027 1.566e-17
5303.903 1.567e-17
5304.780 1.569e-17
5305.657 1.570e-17
5306.533 1.572e-17
5307.410 1.572e-17
5308.287 1.573e-17
5309.163 1.573e-17
5310.040 1.573e-17
5310.917 1.574e-17
5311.793 1.574e-17
5312.670 1.574e-17
5313.547 1.575e-17
5314.423 1.575e-17
5315.300 1.575e-17
5316.177 1.576e-17
5317.053 1.569e-17
5317.930 1.558e-17
5318.807 1.547e-17
5319.683 1.535e-17
5320.560 1.524e-17
5321.437 1.513e-17
5322.313 1.502e-17
5323.190 1.491e-17
5324.067 1.480e-17
5324.943 1.469e-17
5325.820 1.458e-17
5326.697 1.500e-17
5327.573 1.459e-17
5328.450 1.468e-17
5329.327 1.476e-17
5330.203 1.485e-17
5331.080 1.512e-17
5331.957 3.098e-17
5332.833 1.510e-17
5333.710 1.518e-17
5334.587 1.527e-17
5335.463 1.535e-17
5336.340 1.543e-17
5337.217 1.542e-17
5338.093 1.538e-17
5338.970 1.534e-17
5339.847 1.530e-17
5340.723 1.526e-17
5341.600 1.523e-17
5342.477 1.519e-17
5343.353 1.515e-17
5344.230 1.511e-17
5345.107 1.507e-17
5345.983 1.503e-17
5346.860 1.504e-17
5347.737 1.511e-17
5348.613 1.519e-17
5349.490 1.526e-17
5350.367 1.533e-17
5351.243 1.540e-17
5352.120 1.547e-17
5352.997 1.555e-17
5353.873 1.562e-17
5354.750 1.569e-17
5355.627 1.852e-17
5356.503 1.583e-17
5357.380 1.576e-17
5358.257 1.570e-17
5359.133 1.563e-17
5360.010 1.556e-17
5360.887 1.549e-17
5361.763 1.542e-17
5362.640 1.535e-17
5363.517 1.529e-17
5364.393 1.522e-17
5365.270 1.515e-17
5366.147 1.508e-17
5367.023 1.506e-17
5367.900 1.506e-17
5368.777 1.506e-17
5369.653 1.507e-17
5370.530 1.507e-17
5371.407 1.508e-17
5372.283 1.508e-17
5373.160 1.508e-17
5374.037 1.509e-17
5374.913 1.509e-17
5375.790 1.509e-17
5376.667 1.510e-17
5377.543 1.511e-17
5378.420 1.512e-17
5379.297 1.513e-17
5380.173 1.514e-17
5381.050 1.515e-17
5381.927 1.516e-17
5382.803 1.517e-17
5383.680 1.518e-17
5384.557 1.519e-17
5385.433 1.520e-17
5386.310 1.521e-17
5387.187 1.518e-17
5388.063 1.513e-17
5388.940 1.509e-17
5389.817 1.505e-17
5390.693 1.501e-17
5391.570 1.496e-17
5392.447 1.492e-17
5393.323 1.488e-17
5394.200 1.484e-17
5395.077 1.479e-17
5395.953 1.475e-17
5396.830 1.471e-17
5397.707 1.467e-17
5398.583 1.464e-17
5399.460 1.459e-17
5400.337 1.456e-17
5401.213 1.453e-17
5402.090 1.449e-17
5402.967 1.445e-17
5403.843 1.440e-17
5404.720 1.438e-17
5405.597 1.434e-17
5406.473 1.430e-17
5407.350 1.436e-17
5408.227 1.442e-17
5409.103 1.447e-17
5409.980 1.453e-17
5410.857 1.459e-17
5411.733 1.465e-17
5412.610 1.471e-17
5413.487 1.477e-17
5414.363 1.482e-17
5415.240 1.489e-17
5416.117 1.494e-17
5416.993 1.495e-17
5417.870 1.492e-17
5418.747 1.488e-17
5419.623 1.485e-17
5420.500 1.482e-17
5421.377 1.478e-17
5422.253 1.475e-17
5423.130 1.472e-17
5424.007 1.468e-17
5424.883 1.465e-17
5425.760 1.462e-17
5426.637 1.459e-17
5427.513 1.462e-17
5428.390 1.465e-17
5429.267 1.467e-17
5430.143 1.469e-17
5431.020 1.473e-17
5431.897 1.476e-17
5432.773 1.478e-17
5433.650 1.481e-17
5434.527 1.484e-17
5435.403 1.486e-17
5436.280 1.488e-17
5437.157 1.487e-17
5438.033 1.490e-17
5438.910 1.490e-17
5439.787 1.490e-17
5440.663 1.490e-17
5441.540 1.490e-17
5442.417 1.490e-17
5443.293 1.491e-17
5444.170 1.491e-17
5445.047 1.491e-17
5445.923 1.491e-17
5446.800 1.492e-17
5447.677 1.493e-17
5448.553 1.495e-17
5449.430 1.496e-17
5450.307 1.498e-17
5451.183 1.499e-17
5452.060 1.501e-17
5452.937 1.502e-17
5453.813 1.504e-17
5454.690 1.505e-17
5455.567 1.507e-17
5456.443 1.508e-17
5457.320 1.507e-17
5458.197 1.506e-17
5459.073 1.505e-17
5459.950 1.504e-17
5460.827 1.503e-17
5461.703 1.503e-17
5462.580 1.502e-17
5463.457 1.500e-17
5464.333 1.499e-17
5465.210 1.498e-17
5466.087 1.498e-17
5466.963 1.496e-17
5467.840 1.494e-17
5468.717 1.492e-17
5469.593 1.489e-17
5470.470 1.487e-17
5471.347 1.485e-17
5472.223 1.483e-17
5473.100 1.480e-17
5473.977 1.478e-17
5474.853 1.476e-17
5475.730 1.474e-17
5476.607 1.472e-17
5477.483 1.474e-17
5478.360 1.475e-17
5479.237 1.476e-17
5480.113 1.479e-17
5480.990 1.481e-17
5481.867 1.483e-17
5482.743 1.485e-17
5483.620 1.487e-17
5484.497 1.489e-17
5485.373 1.491e-17
5486.250 1.492e-17
5487.127 1.494e-17
5488.003 1.496e-17
5488.880 1.498e-17
5489.757 1.500e-17
5490.633 1.502e-17
5491.510 1.503e-17
5492.387 1.505e-17
5493.263 1.506e-17
5494.140 1.507e-17
5495.017 1.508e-17
5495.893 1.509e-17
5496.770 1.509e-17
5497.647 1.506e-17
5498.523 1.504e-17
5499.400 1.501e-17
5500.277 1.499e-17
5501.153 1.496e-17
5502.030 1.494e-17
5502.907 1.491e-17
5503.783 1.489e-17
5504.660 1.487e-17
5505.537 1.485e-17
5506.413 1.482e-17
5507.290 1.482e-17
5508.167 1.482e-17
5509.043 1.482e-17
5509.920 1.482e-17
5510.797 1.482e-17
5511.673 1.482e-17
5512.550 1.482e-17
5513.427 1.482e-17
5514.303 1.482e-17
5515.180 1.482e-17
5516.057 1.482e-17
5516.933 1.481e-17
5517.810 1.479e-17
5518.687 1.477e-17
5519.563 1.475e-17
5520.440 1.473e-17
5521.317 1.471e-17
5522.193 1.469e-17
5523.070 1.468e-17
5523.947 1.466e-17
5524.823 1.464e-17
5525.700 1.462e-17
5526.577 1.460e-17
5527.453 1.462e-17
5528.330 1.463e-17
5529.207 1.464e-17
5530.083 1.466e-17
5530.960 1.467e-17
5531.837 1.468e-17
5532.713 1.470e-17
5533.590 1.471e-17
5534.467 1.472e-17
5535.343 1.474e-17
5536.220 1.475e-17
5537.097 1.476e-17
5537.973 1.476e-17
5538.850 1.477e-17
5539.727 1.478e-17
5540.603 1.479e-17
5541.480 1.480e-17
5542.357 1.481e-17
5543.233 1.482e-17
5544.110 1.483e-17
5544.987 2.101e-17
5545.863 1.484e-17
5546.740 1.485e-17
5547.617 1.485e-17
5548.493 1.485e-17
5549.370 1.485e-17
5550.247 1.485e-17
5551.123 1.485e-17
5552.000 1.485e-17
5552.877 1.485e-17
5553.753 1.485e-17
5554.630 1.485e-17
5555.507 1.485e-17
5556.383 1.485e-17
5557.260 1.482e-17
5558.137 1.478e-17
5559.013 1.474e-17
5559.890 1.470e-17
5560.767 1.467e-17
5561.643 1.463e-17
5562.520 1.459e-17
5563.397 1.455e-17
5564.273 1.451e-17
5565.150 1.447e-17
5566.027 1.443e-17
5566.903 1.442e-17
5567.780 1.443e-17
5568.657 1.445e-17
5569.533 1.446e-17
5570.410 1.447e-17
5571.287 1.449e-17
5572.163 1.450e-17
5573.040 1.451e-17
5573.917 1.453e-17
5574.793 1.454e-17
5575.670 1.455e-17
5576.547 1.456e-17
5577.423 1.453e-17
5578.300 1.450e-17
5579.177 1.447e-17
5580.053 1.444e-17
5580.930 1.441e-17
5581.807 1.438e-17
5582.683 1.435e-17
5583.560 1.432e-17
5584.437 1.429e-17
5585.313 1.426e-17
5586.190 1.423e-17
5587.067 1.423e-17
5587.943 1.424e-17
5588.820 1.425e-17
5589.697 1.426e-17
5590.573 1.427e-17
5591.450 1.428e-17
5592.327 1.429e-17
5593.203 1.431e-17
5594.080 1.432e-17
5594.957 1.433e-17
5595.833 1.434e-17
5596.710 1.435e-17
5597.587 1.437e-17
5598.463 1.439e-17
5599.340 4.282e-17
5600.217 1.442e-17
5601.093 1.444e-17
5601.970 1.446e-17
5602.847 1.448e-17
5603.723 1.450e-17
5604.600 1.451e-17
5605.477 1.453e-17
5606.353 1.455e-17
5607.230 1.455e-17
5608.107 1.454e-17
5608.983 1.453e-17
5609.860 1.452e-17
5610.737 1.451e-17
5611.613 1.450e-17
5612.490 1.449e-17
5613.367 1.448e-17
5614.243 1.447e-17
5615.120 1.446e-17
5615.997 1.445e-17
5616.873 1.445e-17
5617.750 1.446e-17
5618.627 1.448e-17
5619.503 1.449e-17
5620.380 1.450e-17
5621.257 1.452e-17
5622.133 1.453e-17
5623.010 1.455e-17
5623.887 1.456e-17
5624.763 1.457e-17
5625.640 1.459e-17
5626.517 1.460e-17
5627.393 1.461e-17
5628.270 1.461e-17
5629.147 1.462e-17
5630.023 1.462e-17
5630.900 1.463e-17
5631.777 1.463e-17
5632.653 1.464e-17
5633.530 1.465e-17
5634.407 1.465e-17
5635.283 1.466e-17
5636.160 1.466e-17
5637.037 1.466e-17
5637.913 1.466e-17
5638.790 1.466e-17
5639.667 1.465e-17
5640.543 1.465e-17
5641.420 1.465e-17
5642.297 1.464e-17
5643.173 1.464e-17
5644.050 1.464e-17
5644.927 1.463e-17
5645.803 1.463e-17
5646.680 1.708e-17
5647.557 1.460e-17
5648.433 1.457e-17
5649.310 1.454e-17
5650.187 1.451e-17
5651.063 1.448e-17
5651.940 1.445e-17
5652.817 1.442e-17
5653.693 1.440e-17
5654.570 1.437e-17
5655.447 1.434e-17
5656.323 1.431e-17
5657.200 1.431e-17
5658.077 1.433e-17
5658.953 1.434e-17
5659.830 1.436e-17
5660.707 1.438e-17
5661.583 1.439e-17
5662.460 1.441e-17
5663.337 1.442e-17
5664.213 1.444e-17
5665.090 1.446e-17
5665.967 1.447e-17
5666.843 1.449e-17
5667.720 1.452e-17
5668.597 1.455e-17
5669.473 1.458e-17
5670.350 1.461e-17
5671.227 1.765e-17
5672.103 1.467e-17
5672.980 1.469e-17
5673.857 1.472e-17
5674.733 1.475e-17
5675.610 1.478e-17
5676.487 1.481e-17
5677.363 1.478e-17
5678.240 1.474e-17
5679.117 1.470e-17
5679.993 1.466e-17
5680.870 1.462e-17
5681.747 1.459e-17
5682.623 1.454e-17
5683.500 1.450e-17
5684.377 1.445e-17
5685.253 1.442e-17
5686.130 1.439e-17
5687.007 1.432e-17
5687.883 1.440e-17
5688.760 1.443e-17
5689.637 1.445e-17
5690.513 1.448e-17
5691.390 1.450e-17
5692.267 1.453e-17
5693.143 1.455e-17
5694.020 1.445e-17
5694.897 1.460e-17
5695.773 1.461e-17
5696.650 1.465e-17
5697.527 1.455e-17
5698.403 1.768e-17
5699.280 1.450e-17
5700.157 1.446e-17
5701.033 1.441e-17
5701.910 1.437e-17
5702.787 1.432e-17
5703.663 1.428e-17
5704.540 1.423e-17
5705.417 1.418e-17
5706.293 1.414e-17
5707.170 1.414e-17
5708.047 1.416e-17
5708.923 1.419e-17
5709.800 1.422e-17
5710.677 1.425e-17
5711.553 1.427e-17
5712.430 1.429e-17
5713.307 1.433e-17
5714.183 1.435e-17
5715.060 1.438e-17
5715.937 1.441e-17
5716.813 1.444e-17
5717.690 1.447e-17
5718.567 1.450e-17
5719.443 1.454e-17
5720.320 1.457e-17
5721.197 1.452e-17
5722.073 1.460e-17
5722.950 1.468e-17
5723.827 1.470e-17
5724.703 1.474e-17
5725.580 1.477e-17
5726.457 1.481e-17
5727.333 1.481e-17
5728.210 1.480e-17
5729.087 1.479e-17
5729.963 1.478e-17
5730.840 1.478e-17
5731.717 1.476e-17
5732.593 1.476e-17
5733.470 1.475e-17
5734.347 1.475e-17
5735.223 1.473e-17
5736.100 1.473e-17
5736.977 1.472e-17
5737.853 1.472e-17
5738.730 1.471e-17
5739.607 1.471e-17
5740.483 1.471e-17
5741.360 1.470e-17
5742.237 1.470e-17
5743.113 1.469e-17
5743.990 1.469e-17
5744.867 1.468e-17
5745.743 1.468e-17
5746.620 1.466e-17
5747.497 1.465e-17
5748.373 1.464e-17
5749.250 1.462e-17
5750.127 1.460e-17
5751.003 1.458e-17
5751.880 1.456e-17
5752.757 1.454e-17
5753.633 1.452e-17
5754.510 1.447e-17
5755.387 1.448e-17
5756.263 1.445e-17
5757.140 1.445e-17
5758.017 1.446e-17
5758.893 1.446e-17
5759.770 1.447e-17
5760.647 1.447e-17
5761.523 1.448e-17
5762.400 1.449e-17
5763.277 1.449e-17
5764.153 1.450e-17
5765.030 1.448e-17
5765.907 1.451e-17
5766.783 1.452e-17
5767.660 1.452e-17
5768.537 1.452e-17
5769.413 1.453e-17
5770.290 1.453e-17
5771.167 1.453e-17
5772.043 1.454e-17
5772.920 1.453e-17
5773.797 1.454e-17
5774.673 1.454e-17
5775.550 1.455e-17
5776.427 1.456e-17
5777.303 1.452e-17
5778.180 1.449e-17
5779.057 1.445e-17
5779.933 1.441e-17
5780.810 1.437e-17
5781.687 1.433e-17
5782.563 1.430e-17
5783.440 1.426e-17
5784.317 1.422e-17
5785.193 1.419e-17
5786.070 1.415e-17
5786.947 1.414e-17
5787.823 1.416e-17
5788.700 1.417e-17
5789.577 1.420e-17
5790.453 1.422e-17
5791.330 1.424e-17
5792.207 1.427e-17
5793.083 1.429e-17
5793.960 1.431e-17
5794.837 1.434e-17
5795.713 1.436e-17
5796.590 1.438e-17
5797.467 1.439e-17
5798.343 1.439e-17
5799.220 1.440e-17
5800.097 1.440e-17
5800.973 1.441e-17
5801.850 1.442e-17
5802.727 1.442e-17
5803.603 1.443e-17
5804.480 1.443e-17
5805.357 1.444e-17
5806.233 1.444e-17
5807.110 1.445e-17
5807.987 1.446e-17
5808.863 1.447e-17
5809.740 1.448e-17
5810.617 1.448e-17
5811.493 1.449e-17
5812.370 1.450e-17
5813.247 1.451e-17
5814.123 1.451e-17
5815.000 1.452e-17
5815.877 1.453e-17
5816.753 1.454e-17
5817.630 1.455e-17
5818.507 1.456e-17
5819.383 1.457e-17
5820.260 1.458e-17
5821.137 1.459e-17
5822.013 1.460e-17
5822.890 1.461e-17
5823.767 1.461e-17
5824.643 1.462e-17
5825.520 1.463e-17
5826.397 1.464e-17
5827.273 1.464e-17
5828.150 1.463e-17
5829.027 1.462e-17
5829.903 1.461e-17
5830.780 1.460e-17
5831.657 1.459e-17
5832.533 1.459e-17
5833.410 1.458e-17
5834.287 1.457e-17
5835.163 1.456e-17
5836.040 1.455e-17
5836.917 1.455e-17
5837.793 1.455e-17
5838.670 1.455e-17
5839.547 1.455e-17
5840.423 1.455e-17
5841.300 1.455e-17
5842.177 1.455e-17
5843.053 1.455e-17
5843.930 1.455e-17
5844.807 1.455e-17
5845.683 1.455e-17
5846.560 1.455e-17
5847.437 1.451e-17
5848.313 1.447e-17
5849.190 1.443e-17
5850.067 1.439e-17
5850.943 1.436e-17
5851.820 1.432e-17
5852.697 1.427e-17
5853.573 1.424e-17
5854.450 1.420e-17
5855.327 1.416e-17
5856.203 1.411e-17
5857.080 1.411e-17
5857.957 1.413e-17
5858.833 1.415e-17
5859.710 1.418e-17
5860.587 1.419e-17
5861.463 1.422e-17
5862.340 1.424e-17
5863.217 1.423e-17
5864.093 1.428e-17
5864.970 1.430e-17
5865.847 1.432e-17
5866.723 1.434e-17
5867.600 4.152e-17
5868.477 1.436e-17
5869.353 1.436e-17
5870.230 1.437e-17
5871.107 3.579e-17
5871.983 1.438e-17
5872.860 1.437e-17
5873.737 1.440e-17
5874.613 1.441e-17
5875.490 1.441e-17
5876.367 1.442e-17
5877.243 1.432e-17
5878.120 1.428e-17
5878.997 1.425e-17
5879.873 1.423e-17
5880.750 1.417e-17
5881.627 1.410e-17
5882.503 1.401e-17
5883.380 1.400e-17
5884.257 1.397e-17
5885.133 1.392e-17
5886.010 1.387e-17
5886.887 1.381e-17
5887.763 1.372e-17
5888.640 1.366e-17
5889.517 1.355e-17
5890.393 1.346e-17
5891.270 1.304e-17
5892.147 1.339e-17
5893.023 1.330e-17
5893.900 1.322e-17
5894.777 1.315e-17
5895.653 1.311e-17
5896.530 1.299e-17
5897.407 1.312e-17
5898.283 1.320e-17
5899.160 1.325e-17
5900.037 1.337e-17
5900.913 1.350e-17
5901.790 1.355e-17
5902.667 1.370e-17
5903.543 1.379e-17
5904.420 1.388e-17
5905.297 1.497e-17
5906.173 1.409e-17
5907.050 1.409e-17
5907.927 1.409e-17
5908.803 1.409e-17
5909.680 1.407e-17
5910.557 1.400e-17
5911.433 1.405e-17
5912.310 1.394e-17
5913.187 1.402e-17
5914.063 1.400e-17
5914.940 1.399e-17
5915.817 1.379e-17
5916.693 1.395e-17
5917.570 1.396e-17
5918.447 1.397e-17
5919.323 1.399e-17
5920.200 1.395e-17
5921.077 1.398e-17
5921.953 1.401e-17
5922.830 1.398e-17
5923.707 1.401e-17
5924.583 1.403e-17
5925.460 1.371e-17
5926.337 7.310e-17
5927.213 1.404e-17
5928.090 1.403e-17
5928.967 1.403e-17
5929.843 1.396e-17
5930.720 1.396e-17
5931.597 1.400e-17
5932.473 1.399e-17
5933.350 1.398e-17
5934.227 1.396e-17
5935.103 1.396e-17
5935.980 1.395e-17
5936.857 1.390e-17
5937.733 1.393e-17
5938.610 1.392e-17
5939.487 1.389e-17
5940.363 1.388e-17
5941.240 1.387e-17
5942.117 1.373e-17
5942.993 1.382e-17
5943.870 1.379e-17
5944.747 1.381e-17
5945.623 1.380e-17
5946.500 1.377e-17
5947.377 1.372e-17
5948.253 1.376e-17
5949.130 1.377e-17
5950.007 1.379e-17
5950.883 1.361e-17
5951.760 1.376e-17
5952.637 1.374e-17
5953.513 1.379e-17
5954.390 1.379e-17
5955.267 1.380e-17
5956.143 1.380e-17
5957.020 1.380e-17
5957.897 1.379e-17
5958.773 1.381e-17
5959.650 1.379e-17
5960.527 1.381e-17
5961.403 1.383e-17
5962.280 1.385e-17
5963.157 1.383e-17
5964.033 1.384e-17
5964.910 1.387e-17
5965.787 1.388e-17
5966.663 1.387e-17
5967.540 1.386e-17
5968.417 1.383e-17
5969.293 1.378e-17
5970.170 1.381e-17
5971.047 1.381e-17
5971.923 7.722e-17
5972.800 1.377e-17
5973.677 1.376e-17
5974.553 1.375e-17
5975.430 1.373e-17
5976.307 1.372e-17
5977.183 1.370e-17
5978.060 1.368e-17
5978.937 1.366e-17
5979.813 1.364e-17
5980.690 1.364e-17
5981.567 1.363e-17
5982.443 1.361e-17
5983.320 1.359e-17
5984.197 1.359e-17
5985.073 1.357e-17
5985.950 1.354e-17
5986.827 1.349e-17
5987.703 1.356e-17
5988.580 1.355e-17
5989.457 1.357e-17
5990.333 1.356e-17
5991.210 1.357e-17
5992.087 1.357e-17
5992.963 1.359e-17
5993.840 1.359e-17
5994.717 1.356e-17
5995.593 1.358e-17
5996.470 1.361e-17
5997.347 1.360e-17
5998.223 1.358e-17
5999.100 1.355e-17
5999.977 1.354e-17
6000.853 1.353e-17
6001.730 1.351e-17
6002.607 1.350e-17
6003.483 1.348e-17
6004.360 1.345e-17
6005.237 1.345e-17
6006.113 1.343e-17
6006.990 1.342e-17
6007.867 1.343e-17
6008.743 1.342e-17
6009.620 1.343e-17
6010.497 1.343e-17
6011.373 1.343e-17
6012.250 1.343e-17
6013.127 1.342e-17
6014.003 1.343e-17
6014.880 1.343e-17
6015.757 1.343e-17
6016.633 1.343e-17
6017.510 1.337e-17
6018.387 1.340e-17
6019.263 1.338e-17
6020.140 1.337e-17
6021.017 1.335e-17
6021.893 1.333e-17
6022.770 1.332e-17
6023.647 1.330e-17
6024.523 1.328e-17
6025.400 1.326e-17
6026.277 1.325e-17
6027.153 1.326e-17
6028.030 1.328e-17
6028.907 1.332e-17
6029.783 1.335e-17
6030.660 1.338e-17
6031.537 1.341e-17
6032.413 1.345e-17
6033.290 1.348e-17
6034.167 1.351e-17
6035.043 1.354e-17
6035.920 2.234e-17
6036.797 1.360e-17
6037.673 1.359e-17
6038.550 1.359e-17
6039.427 1.358e-17
6040.303 1.358e-17
6041.180 1.357e-17
6042.057 1.356e-17
6042.933 1.356e-17
6043.810 1.355e-17
6044.687 1.354e-17
6045.563 1.354e-17
6046.440 1.353e-17
6047.317 1.352e-17
6048.193 1.352e-17
6049.070 1.351e-17
6049.947 1.350e-17
6050.823 1.349e-17
6051.700 1.349e-17
6052.577 1.348e-17
6053.453 1.347e-17
6054.330 1.346e-17
6055.207 1.346e-17
6056.083 1.345e-17
6056.960 1.344e-17
6057.837 1.344e-17
6058.713 1.344e-17
6059.590 1.343e-17
6060.467 1.343e-17
6061.343 1.343e-17
6062.220 1.343e-17
6063.097 1.342e-17
6063.973 1.342e-17
6064.850 1.342e-17
6065.727 1.341e-17
6066.603 1.341e-17
6067.480 1.341e-17
6068.357 1.341e-17
6069.233 1.340e-17
6070.110 1.340e-17
6070.987 1.340e-17
6071.863 1.340e-17
6072.740 1.340e-17
6073.617 1.340e-17
6074.493 1.339e-17
6075.370 1.339e-17
6076.247 1.339e-17
6077.123 1.338e-17
6078.000 1.338e-17
6078.877 1.337e-17
6079.753 1.336e-17
6080.630 1.335e-17
6081.507 1.334e-17
6082.383 1.333e-17
6083.260 1.332e-17
6084.137 1.331e-17
6085.013 1.330e-17
6085.890 1.329e-17
6086.767 1.329e-17
6087.643 1.328e-17
6088.520 1.328e-17
6089.397 1.328e-17
6090.273 1.328e-17
6091.150 1.328e-17
6092.027 1.327e-17
6092.903 1.327e-17
6093.780 1.327e-17
6094.657 1.327e-17
6095.533 1.327e-17
6096.410 1.327e-17
6097.287 1.325e-17
6098.163 1.323e-17
6099.040 1.321e-17
6099.917 1.319e-17
6100.793 1.316e-17
6101.670 1.314e-17
6102.547 1.312e-17
6103.423 1.310e-17
6104.300 1.308e-17
6105.177 1.305e-17
6106.053 1.303e-17
6106.930 1.302e-17
6107.807 1.304e-17
6108.683 1.306e-17
6109.560 1.307e-17
6110.437 1.309e-17
6111.313 1.311e-17
6112.190 1.313e-17
6113.067 1.315e-17
6113.943 1.317e-17
6114.820 1.318e-17
6115.697 1.320e-17
6116.573 1.322e-17
6117.450 1.320e-17
6118.327 1.318e-17
6119.203 1.316e-17
6120.080 1.314e-17
6120.957 1.312e-17
6121.833 1.309e-17
6122.710 1.307e-17
6123.587 1.305e-17
6124.463 1.303e-17
6125.340 1.301e-17
6126.217 1.298e-17
6127.093 1.297e-17
6127.970 1.295e-17
6128.847 1.294e-17
6129.723 1.293e-17
6130.600 1.291e-17
6131.477 1.290e-17
6132.353 1.289e-17
6133.230 1.287e-17
6134.107 1.286e-17
6134.983 1.285e-17
6135.860 1.283e-17
6136.737 1.282e-17
6137.613 1.283e-17
6138.490 2.561e-17
6139.367 1.286e-17
6140.243 1.287e-17
6141.120 4.025e-17
6141.997 1.289e-17
6142.873 1.290e-17
6143.750 1.292e-17
6144.627 1.293e-17
6145.503 1.294e-17
6146.380 1.295e-17
6147.257 1.295e-17
6148.133 1.295e-17
6149.010 1.295e-17
6149.887 1.294e-17
6150.763 1.294e-17
6151.640 1.294e-17
6152.517 1.294e-17
6153.393 1.293e-17
6154.270 1.293e-17
6155.147 1.293e-17
6156.023 1.293e-17
6156.900 1.291e-17
6157.777 1.290e-17
6158.653 1.281e-17
6159.530 1.276e-17
6160.407 1.271e-17
6161.283 1.265e-17
6162.160 1.260e-17
6163.037 1.255e-17
6163.913 1.250e-17
6164.790 1.244e-17
6165.667 1.239e-17
6166.543 1.234e-17
6167.420 1.237e-17
6168.297 1.241e-17
6169.173 1.246e-17
6170.050 1.250e-17
6170.927 1.254e-17
6171.803 1.259e-17
6172.680 1.263e-17
6173.557 1.267e-17
6174.433 1.272e-17
6175.310 1.276e-17
6176.187 1.281e-17
6177.063 1.283e-17
6177.940 3.101e-17
6178.817 1.284e-17
6179.693 1.285e-17
6180.570 1.285e-17
6181.447 1.286e-17
6182.323 1.286e-17
6183.200 1.287e-17
6184.077 1.287e-17
6184.953 1.288e-17
6185.830 1.288e-17
6186.707 1.289e-17
6187.583 1.288e-17
6188.460 1.287e-17
6189.337 1.286e-17
6190.213 1.285e-17
6191.090 1.283e-17
6191.967 1.282e-17
6192.843 1.281e-17
6193.720 1.280e-17
6194.597 3.791e-17
6195.473 1.278e-17
6196.350 1.277e-17
6197.227 1.277e-17
6198.103 1.278e-17
6198.980 1.279e-17
6199.857 1.280e-17
6200.733 1.281e-17
6201.610 1.282e-17
6202.487 1.283e-17
6203.363 1.284e-17
6204.240 1.285e-17
6205.117 1.286e-17
6205.993 1.287e-17
6206.870 1.287e-17
6207.747 1.285e-17
6208.623 1.282e-17
6209.500 1.280e-17
6210.377 1.277e-17
6211.253 1.275e-17
6212.130 1.273e-17
6213.007 1.270e-17
6213.883 1.268e-17
6214.760 4.452e-17
6215.637 1.263e-17
6216.513 1.261e-17
6217.390 1.261e-17
6218.267 1.261e-17
6219.143 1.262e-17
6220.020 1.263e-17
6220.897 1.264e-17
6221.773 1.264e-17
6222.650 1.265e-17
6223.527 1.268e-16
6224.403 1.267e-17
6225.280 1.267e-17
6226.157 1.268e-17
6227.033 1.268e-17
6227.910 1.265e-17
6228.787 1.263e-17
6229.663 1.260e-17
6230.540 1.257e-17
6231.417 1.255e-17
6232.293 1.252e-17
6233.170 1.250e-17
6234.047 1.247e-17
6234.923 1.245e-17
6235.800 1.242e-17
6236.677 1.240e-17
6237.553 1.239e-17
6238.430 1.238e-17
6239.307 1.237e-17
6240.183 1.236e-17
6241.060 1.236e-17
6241.937 8.765e-17
6242.813 1.234e-17
6243.690 1.233e-17
6244.567 1.232e-17
6245.443 1.225e-16
6246.320 1.231e-17
6247.197 1.230e-17
6248.073 1.228e-17
6248.950 1.227e-17
6249.827 1.225e-17
6250.703 1.224e-17
6251.580 1.222e-17
6252.457 1.221e-17
6253.333 1.219e-17
6254.210 1.218e-17
6255.087 1.217e-17
6255.963 1.215e-17
6256.840 1.214e-17
6257.717 1.217e-17
6258.593 1.280e-17
6259.470 1.223e-17
6260.347 1.225e-17
6261.223 1.228e-17
6262.100 1.231e-17
6262.977 1.233e-17
6263.853 1.236e-17
6264.730 1.239e-17
6265.607 1.242e-17
6266.483 1.244e-17
6267.360 1.245e-17
6268.237 1.244e-17
6269.113 1.244e-17
6269.990 2.418e-17
6270.867 1.243e-17
6271.743 1.243e-17
6272.620 1.243e-17
6273.497 1.242e-17
6274.373 1.241e-17
6275.250 1.242e-17
6276.127 1.242e-17
6277.003 1.236e-17
6277.880 1.241e-17
6278.757 1.233e-17
6279.633 1.232e-17
6280.510 1.232e-17
6281.387 1.239e-17
6282.263 1.232e-17
6283.140 1.238e-17
6284.017 1.238e-17
6284.893 1.239e-17
6285.770 1.238e-17
6286.647 1.237e-17
6287.523 1.225e-17
6288.400 1.236e-17
6289.277 1.234e-17
6290.153 1.233e-17
6291.030 1.224e-17
6291.907 1.160e-17
6292.783 1.230e-17
6293.660 1.228e-17
6294.537 1.224e-17
6295.413 1.226e-17
6296.290 1.224e-17
6297.167 1.222e-17
6298.043 1.640e-17
6298.920 1.218e-17
6299.797 1.219e-17
6300.673 1.217e-17
6301.550 1.216e-17
6302.427 1.215e-17
6303.303 1.213e-17
6304.180 1.212e-17
6305.057 1.211e-17
6305.933 1.209e-17
6306.810 1.208e-17
6307.687 1.203e-17
6308.563 1.204e-17
6309.440 1.204e-17
6310.317 2.051e-17
6311.193 1.198e-17
6312.070 1.200e-17
6312.947 1.200e-17
6313.823 1.200e-17
6314.700 1.199e-17
6315.577 1.200e-17
6316.453 1.200e-17
6317.330 1.200e-17
6318.207 1.200e-17
6319.083 1.199e-17
6319.960 1.200e-17
6320.837 1.200e-17
6321.713 1.194e-17
6322.590 1.200e-17
6323.467 1.201e-17
6324.343 1.200e-17
6325.220 1.200e-17
6326.097 1.200e-17
6326.973 1.201e-17
6327.850 1.201e-17
6328.727 1.201e-17
6329.603 1.201e-17
6330.480 1.200e-17
6331.357 1.191e-17
6332.233 1.201e-17
6333.110 1.201e-17
6333.987 1.201e-17
6334.863 1.201e-17
6335.740 1.201e-17
6336.617 1.201e-17
6337.493 1.201e-17
6338.370 1.201e-17
6339.247 1.200e-17
6340.123 1.200e-17
6341.000 1.200e-17
6341.877 1.198e-17
6342.753 1.200e-17
6343.630 1.200e-17
6344.507 1.200e-17
6345.383 1.200e-17
6346.260 1.200e-17
6347.137 1.200e-17
6348.013 1.200e-17
6348.890 1.199e-17
6349.767 1.200e-17
6350.643 1.200e-17
6351.520 1.200e-17
6352.397 1.198e-17
6353.273 1.198e-17
6354.150 1.199e-17
6355.027 1.199e-17
6355.903 1.198e-17
6356.780 1.198e-17
6357.657 1.198e-17
6358.533 1.198e-17
6359.410 1.197e-17
6360.287 1.197e-17
6361.163 1.196e-17
6362.040 1.197e-17
6362.917 1.195e-17
6363.793 1.196e-17
6364.670 1.196e-17
6365.547 2.776e-15
6366.423 1.196e-17
6367.300 1.195e-17
6368.177 1.195e-17
6369.053 1.195e-17
6369.930 1.195e-17
6370.807 1.194e-17
6371.683 1.194e-17
6372.560 1.194e-17
6373.437 1.193e-17
6374.313 1.193e-17
6375.190 1.193e-17
6376.067 1.193e-17
6376.943 1.192e-17
6377.820 1.192e-17
6378.697 1.192e-17
6379.573 1.192e-17
6380.450 1.191e-17
6381.327 1.191e-17
6382.203 1.191e-17
6383.080 1.190e-17
6383.957 1.190e-17
6384.833 1.190e-17
6385.710 1.190e-17
6386.587 1.189e-17
6387.463 1.189e-17
6388.340 3.130e-17
6389.217 1.188e-17
6390.093 1.188e-17
6390.970 1.188e-17
6391.847 1.188e-17
6392.723 1.186e-17
6393.600 1.185e-17
6394.477 1.184e-17
6395.353 1.183e-17
6396.230 1.182e-17
6397.107 1.181e-17
6397.983 1.180e-17
6398.860 1.179e-17
6399.737 1.178e-17
6400.613 1.177e-17
6401.490 1.176e-17
6402.367 1.174e-17
6403.243 1.174e-17
6404.120 1.173e-17
6404.997 1.171e-17
6405.873 1.170e-17
6406.750 1.169e-17
6407.627 1.168e-17
6408.503 1.167e-17
6409.380 1.166e-17
6410.257 1.165e-17
6411.133 1.164e-17
6412.010 1.163e-17
6412.887 1.163e-17
6413.763 1.163e-17
6414.640 1.162e-17
6415.517 4.341e-17
6416.393 1.162e-17
6417.270 1.162e-17
6418.147 1.162e-17
6419.023 1.162e-17
6419.900 1.162e-17
6420.777 1.162e-17
6421.653 1.162e-17
6422.530 1.162e-17
6423.407 1.162e-17
6424.283 1.162e-17
6425.160 1.162e-17
6426.037 1.162e-17
6426.913 1.162e-17
6427.790 1.162e-17
6428.667 1.162e-17
6429.543 1.162e-17
6430.420 1.162e-17
6431.297 1.162e-17
6432.173 1.162e-17
6433.050 1.162e-17
6433.927 1.162e-17
6434.803 1.161e-17
6435.680 1.162e-17
6436.557 1.162e-17
6437.433 1.162e-17
6438.310 1.162e-17
6439.187 1.162e-17
6440.063 1.162e-17
6440.940 1.162e-17
6441.817 1.162e-17
6442.693 1.162e-17
6443.570 1.162e-17
6444.447 1.162e-17
6445.323 1.161e-17
6446.200 1.162e-17
6447.077 1.161e-17
6447.953 1.162e-17
6448.830 1.162e-17
6449.707 1.156e-17
6450.583 1.162e-17
6451.460 1.161e-17
6452.337 1.162e-17
6453.213 1.160e-17
6454.090 1.160e-17
6454.967 1.159e-17
6455.843 1.157e-17
6456.720 1.158e-17
6457.597 1.157e-17
6458.473 1.157e-17
6459.350 1.156e-17
6460.227 1.155e-17
6461.103 1.154e-17
6461.980 1.150e-17
6462.857 1.153e-17
6463.733 1.149e-17
6464.610 1.152e-17
6465.487 1.150e-17
6466.363 1.149e-17
6467.240 1.149e-17
6468.117 1.144e-17
6468.993 1.148e-17
6469.870 1.147e-17
6470.747 1.146e-17
6471.623 1.145e-17
6472.500 1.145e-17
6473.377 1.143e-17
6474.253 1.117e-17
6475.130 1.140e-17
6476.007 1.139e-17
6476.883 1.115e-17
6477.760 1.134e-17
6478.637 1.136e-17
6479.513 1.135e-17
6480.390 1.134e-17
6481.267 1.124e-17
6482.143 1.131e-17
6483.020 1.130e-17
6483.897 1.129e-17
6484.773 1.127e-17
6485.650 1.113e-17
6486.527 1.121e-17
6487.403 1.119e-17
6488.280 1.122e-17
6489.157 1.118e-17
6490.033 1.120e-17
6490.910 1.103e-17
6491.787 1.118e-17
6492.663 1.104e-17
6493.540 1.120e-17
6494.417 1.120e-17
6495.293 1.121e-17
6496.170 1.192e-17
6497.047 1.123e-17
6497.923 1.123e-17
6498.800 1.125e-17
6499.677 1.126e-17
6500.553 3.937e-16
6501.430 1.128e-17
6502.307 1.129e-17
6503.183 1.130e-17
6504.060 1.131e-17
6504.937 1.132e-17
6505.813 1.133e-17
6506.690 1.134e-17
6507.567 1.135e-17
6508.443 1.136e-17
6509.320 1.137e-17
6510.197 1.137e-17
6511.073 1.139e-17
6511.950 1.140e-17
6512.827 1.140e-17
6513.703 1.136e-17
6514.580 1.139e-17
6515.457 1.135e-17
6516.333 1.136e-17
6517.210 1.138e-17
6518.087 1.136e-17
6518.963 1.129e-17
6519.840 1.123e-17
6520.717 1.136e-17
6521.593 1.136e-17
6522.470 1.136e-17
6523.347 1.136e-17
6524.223 1.732e-16
6525.100 1.130e-17
6525.977 1.135e-17
6526.853 1.135e-17
6527.730 1.134e-17
6528.607 1.135e-17
6529.483 1.134e-17
6530.360 1.134e-17
6531.237 1.134e-17
6532.113 1.133e-17
6532.990 1.131e-17
6533.867 1.129e-17
6534.743 1.245e-17
6535.620 1.126e-17
6536.497 1.122e-17
6537.373 1.123e-17
6538.250 1.121e-17
6539.127 1.119e-17
6540.003 1.118e-17
6540.880 1.116e-17
6541.757 1.115e-17
6542.633 1.397e-17
6543.510 1.111e-17
6544.387 1.110e-17
6545.263 1.108e-17
6546.140 1.106e-17
6547.017 1.105e-17
6547.893 2.622e-17
6548.770 1.101e-17
6549.647 1.098e-17
6550.523 1.090e-17
6551.400 1.097e-17
6552.277 1.094e-17
6553.153 1.091e-17
6554.030 1.087e-17
6554.907 1.083e-17
6555.783 1.080e-17
6556.660 1.077e-17
6557.537 1.073e-17
6558.413 1.070e-17
6559.290 1.066e-17
6560.167 1.063e-17
6561.043 1.059e-17
6561.920 1.056e-17
6562.797 1.052e-17
6563.673 1.049e-17
6564.550 9.042e-17
6565.427 1.040e-17
6566.303 1.038e-17
6567.180 1.035e-17
6568.057 1.032e-17
6568.933 1.028e-17
6569.810 1.025e-17
6570.687 1.174e-17
6571.563 1.018e-17
6572.440 1.017e-17
6573.317 1.023e-17
6574.193 1.026e-17
6575.070 1.030e-17
6575.947 1.034e-17
6576.823 1.035e-17
6577.700 1.041e-17
6578.577 1.045e-17
6579.453 1.049e-17
6580.330 1.052e-17
6581.207 1.056e-17
6582.083 1.059e-17
6582.960 1.063e-17
6583.837 1.067e-17
6584.713 1.071e-17
6585.590 1.478e-17
6586.467 1.078e-17
6587.343 1.081e-17
6588.220 1.083e-17
6589.097 1.089e-17
6589.973 1.093e-17
6590.850 1.096e-17
6591.727 1.100e-17
6592.603 1.101e-17
6593.480 1.101e-17
6594.357 1.101e-17
6595.233 1.101e-17
6596.110 1.100e-17
6596.987 1.102e-17
6597.863 1.103e-17
6598.740 1.103e-17
6599.617 1.104e-17
6600.493 1.104e-17
6601.370 1.104e-17
6602.247 1.104e-17
6603.123 1.105e-17
6604.000 1.102e-17
6604.877 1.106e-17
6605.753 1.108e-17
6606.630 1.106e-17
6607.507 1.107e-17
6608.383 1.108e-17
6609.260 1.108e-17
6610.137 1.108e-17
6611.013 1.109e-17
6611.890 1.108e-17
6612.767 1.108e-17
6613.643 1.107e-17
6614.520 1.107e-17
6615.397 1.107e-17
6616.273 1.107e-17
6617.150 1.106e-17
6618.027 1.106e-17
6618.903 1.105e-17
6619.780 1.105e-17
6620.657 1.104e-17
6621.533 1.104e-17
6622.410 1.103e-17
6623.287 1.103e-17
6624.163 1.102e-17
6625.040 1.102e-17
6625.917 1.101e-17
6626.793 1.101e-17
6627.670 1.100e-17
6628.547 1.100e-17
6629.423 4.678e-17
6630.300 1.099e-17
6631.177 1.098e-17
6632.053 1.098e-17
6632.930 1.098e-17
6633.807 1.098e-17
6634.683 1.098e-17
6635.560 1.098e-17
6636.437 1.098e-17
6637.313 1.098e-17
6638.190 1.098e-17
6639.067 1.098e-17
6639.943 1.098e-17
6640.820 1.098e-17
6641.697 1.098e-17
6642.573 1.098e-17
6643.450 1.098e-17
6644.327 1.098e-17
6645.203 1.098e-17
6646.080 1.098e-17
6646.957 1.098e-17
6647.833 1.098e-17
6648.710 1.098e-17
6649.587 1.098e-17
6650.463 1.098e-17
6651.340 1.098e-17
6652.217 1.097e-17
6653.093 1.097e-17
6653.970 1.096e-17
6654.847 1.095e-17
6655.723 1.094e-17
6656.600 1.093e-17
6657.477 1.092e-17
6658.353 1.092e-17
6659.230 1.091e-17
6660.107 1.090e-17
6660.983 1.089e-17
6661.860 1.088e-17
6662.737 1.088e-17
6663.613 1.217e-17
6664.490 1.086e-17
6665.367 1.085e-17
6666.243 1.084e-17
6667.120 1.083e-17
6667.997 1.083e-17
6668.873 1.082e-17
6669.750 1.481e-17
6670.627 1.080e-17
6671.503 1.079e-17
6672.380 1.079e-17
6673.257 1.079e-17
6674.133 1.079e-17
6675.010 1.079e-17
6675.887 1.079e-17
6676.763 1.079e-17
6677.640 1.079e-17
6678.517 1.079e-17
6679.393 1.079e-17
6680.270 1.079e-17
6681.147 1.079e-17
6682.023 1.079e-17
6682.900 1.079e-17
6683.777 1.079e-17
6684.653 1.079e-17
6685.530 1.078e-17
6686.407 1.079e-17
6687.283 1.079e-17
6688.160 1.079e-17
6689.037 1.079e-17
6689.913 1.079e-17
6690.790 1.079e-17
6691.667 1.079e-17
6692.543 1.078e-17
6693.420 1.077e-17
6694.297 1.076e-17
6695.173 1.076e-17
6696.050 1.075e-17
6696.927 1.074e-17
6697.803 1.073e-17
6698.680 1.072e-17
6699.557 1.071e-17
6700.433 1.070e-17
6701.310 1.069e-17
6702.187 1.068e-17
6703.063 1.067e-17
6703.940 1.066e-17
6704.817 1.065e-17
6705.693 1.065e-17
6706.570 1.636e-17
6707.447 1.063e-17
6708.323 1.062e-17
6709.200 1.061e-17
6710.077 1.060e-17
6710.953 1.059e-17
6711.830 1.058e-17
6712.707 1.058e-17
6713.583 1.058e-17
6714.460 1.058e-17
6715.337 1.058e-17
6716.213 1.057e-17
6717.090 1.057e-17
6717.967 1.057e-17
6718.843 1.140e-17
6719.720 1.057e-17
6720.597 1.057e-17
6721.473 1.057e-17
6722.350 1.057e-17
6723.227 1.056e-17
6724.103 1.056e-17
6724.980 1.056e-17
6725.857 1.056e-17
6726.733 1.056e-17
6727.610 1.056e-17
6728.487 1.056e-17
6729.363 1.055e-17
6730.240 1.055e-17
6731.117 1.055e-17
6731.993 1.414e-17
6732.870 1.054e-17
6733.747 1.054e-17
6734.623 1.053e-17
6735.500 1.053e-17
6736.377 1.053e-17
6737.253 1.052e-17
6738.130 1.052e-17
6739.007 1.051e-17
6739.883 1.051e-17
6740.760 1.050e-17
6741.637 1.050e-17
6742.513 1.049e-17
6743.390 1.049e-17
6744.267 1.048e-17
6745.143 1.048e-17
6746.020 1.099e-17
6746.897 1.047e-17
6747.773 1.046e-17
6748.650 1.046e-17
6749.527 1.045e-17
6750.403 1.045e-17
6751.280 1.044e-17
6752.157 1.044e-17
6753.033 1.044e-17
6753.910 1.044e-17
6754.787 1.043e-17
6755.663 1.043e-17
6756.540 1.043e-17
6757.417 1.043e-17
6758.293 1.043e-17
6759.170 1.042e-17
6760.047 1.042e-17
6760.923 1.042e-17
6761.800 1.042e-17
6762.677 1.042e-17
6763.553 1.042e-17
6764.430 1.041e-17
6765.307 1.041e-17
6766.183 1.041e-17
6767.060 1.041e-17
6767.937 1.041e-17
6768.813 1.040e-17
6769.690 1.040e-17
6770.567 1.040e-17
6771.443 1.040e-17
6772.320 1.040e-17
6773.197 1.039e-17
6774.073 1.039e-17
6774.950 1.039e-17
6775.827 1.038e-17
6776.703 1.038e-17
6777.580 1.038e-17
6778.457 1.037e-17
6779.333 1.037e-17
6780.210 1.036e-17
6781.087 1.036e-17
6781.963 1.036e-17
6782.840 1.035e-17
6783.717 1.035e-17
6784.593 1.035e-17
6785.470 1.034e-17
6786.347 1.034e-17
6787.223 1.034e-17
6788.100 1.033e-17
6788.977 1.033e-17
6789.853 1.032e-17
6790.730 1.032e-17
6791.607 1.032e-17
6792.483 1.031e-17
6793.360 1.031e-17
6794.237 1.031e-17
6795.113 1.031e-17
6795.990 1.030e-17
6796.867 1.030e-17
6797.743 1.030e-17
6798.620 1.029e-17
6799.497 1.029e-17
6800.373 1.029e-17
6801.250 1.029e-17
6802.127 1.028e-17
6803.003 1.028e-17
6803.880 1.028e-17
6804.757 1.028e-17
6805.633 1.027e-17
6806.510 1.027e-17
6807.387 1.027e-17
6808.263 1.026e-17
6809.140 1.026e-17
6810.017 1.026e-17
6810.893 1.026e-17
6811.770 1.025e-17
6812.647 1.025e-17
6813.523 1.025e-17
6814.400 1.024e-17
6815.277 1.024e-17
6816.153 1.023e-17
6817.030 1.023e-17
6817.907 1.022e-17
6818.783 1.021e-17
6819.660 1.022e-17
6820.537 1.021e-17
6821.413 1.021e-17
6822.290 1.020e-17
6823.167 1.020e-17
6824.043 1.019e-17
6824.920 1.019e-17
6825.797 1.019e-17
6826.673 1.018e-17
6827.550 1.018e-17
6828.427 1.017e-17
6829.303 2.550e-17
6830.180 1.016e-17
6831.057 1.016e-17
6831.933 1.016e-17
6832.810 1.015e-17
6833.687 1.014e-17
6834.563 8.017e-17
6835.440 1.013e-17
6836.317 4.073e-16
6837.193 1.012e-17
6838.070 1.011e-17
6838.947 1.010e-17
6839.823 1.010e-17
6840.700 1.009e-17
6841.577 1.964e-17
6842.453 1.008e-17
6843.330 1.007e-17
6844.207 1.006e-17
6845.083 1.006e-17
6845.960 1.005e-17
6846.837 1.004e-17
6847.713 1.004e-17
6848.590 1.003e-17
6849.467 1.002e-17
6850.343 1.002e-17
6851.220 1.001e-17
6852.097 1.001e-17
6852.973 1.001e-17
6853.850 1.001e-17
6854.727 1.001e-17
6855.603 1.001e-17
6856.480 1.001e-17
6857.357 1.001e-17
6858.233 1.001e-17
6859.110 1.002e-17
6859.987 1.002e-17
6860.863 1.002e-17
6861.740 1.002e-17
6862.617 1.002e-17
6863.493 1.002e-17
6864.370 1.002e-17
6865.247 1.002e-17
6866.123 1.001e-17
6867.000 1.486e-17
6867.877 1.001e-17
6868.753 9.956e-18
6869.630 9.553e-18
6870.507 6.111e-18
6871.383 9.487e-18
6872.260 9.660e-18
6873.137 1.980e-18
6874.013 7.854e-18
6874.890 8.216e-18
6875.767 5.086e-18
6876.643 6.071e-18
6877.520 2.587e-18
6878.397 9.290e-18
6879.273 9.598e-18
6880.150 1.296e-17
6881.027 6.781e-18
6881.903 7.681e-18
6882.780 1.261e-17
6883.657 9.975e-18
6884.533 1.687e-17
6885.410 9.858e-18
6886.287 9.949e-18
6887.163 9.848e-18
6888.040 9.738e-18
6888.917 9.445e-18
6889.793 9.907e-18
6890.670 8.981e-18
6891.547 9.296e-18
6892.423 9.856e-18
6893.300 9.901e-18
6894.177 6.029e-18
6895.053 8.288e-18
6895.930 9.862e-18
6896.807 9.810e-18
6897.683 9.416e-18
6898.560 9.408e-18
6899.437 9.779e-18
6900.313 9.898e-18
6901.190 9.858e-18
6902.067 9.300e-18
6902.943 8.857e-18
6903.820 9.878e-18
6904.697 9.889e-18
6905.573 9.815e-18
6906.450 9.628e-18
6907.327 9.751e-18
6908.203 9.877e-18
6909.080 9.877e-18
6909.957 9.839e-18
6910.833 9.773e-18
6911.710 9.788e-18
6912.587 9.839e-18
6913.463 9.822e-18
6914.340 9.868e-18
6915.217 8.977e-18
6916.093 8.416e-18
6916.970 9.868e-18
6917.847 9.867e-18
6918.723 9.866e-18
6919.600 9.844e-18
6920.477 9.831e-18
6921.353 9.831e-18
6922.230 9.854e-18
6923.107 9.858e-18
6923.983 9.853e-18
6924.860 9.827e-18
6925.737 9.809e-18
6926.613 1.019e-17
6927.490 9.821e-18
6928.367 9.839e-18
6929.243 1.529e-17
6930.120 9.846e-18
6930.997 9.597e-18
6931.873 9.690e-18
6932.750 9.814e-18
6933.627 9.733e-18
6934.503 9.832e-18
6935.380 9.644e-18
6936.257 9.630e-18
6937.133 8.804e-18
6938.010 9.787e-18
6938.887 9.779e-18
6939.763 9.744e-18
6940.640 9.800e-18
6941.517 9.361e-17
6942.393 9.719e-18
6943.270 9.707e-18
6944.147 9.421e-18
6945.023 9.778e-18
6945.900 9.726e-18
6946.777 9.771e-18
6947.653 9.769e-18
6948.530 9.457e-18
6949.407 8.609e-18
6950.283 9.751e-18
6951.160 1.907e-16
6952.037 9.745e-18
6952.913 9.730e-18
6953.790 9.732e-18
6954.667 9.743e-18
6955.543 9.391e-18
6956.420 1.005e-17
6957.297 9.698e-18
6958.173 1.351e-17
6959.050 9.694e-18
6959.927 9.687e-18
6960.803 9.677e-18
6961.680 9.645e-18
6962.557 9.619e-18
6963.433 9.637e-18
6964.310 9.664e-18
6965.187 9.659e-18
6966.063 9.650e-18
6966.940 9.593e-18
6967.817 9.641e-18
6968.693 9.627e-18
6969.570 9.608e-18
6970.447 9.624e-18
6971.323 9.618e-18
6972.200 9.610e-18
6973.077 9.581e-18
6973.953 9.648e-18
6974.830 9.614e-18
6975.707 9.614e-18
6976.583 9.608e-18
6977.460 9.615e-18
6978.337 9.614e-18
6979.213 9.598e-18
6980.090 9.614e-18
6980.967 9.611e-18
6981.843 9.615e-18
6982.720 9.614e-18
6983.597 9.603e-18
6984.473 1.174e-17
6985.350 1.337e-17
6986.227 9.613e-18
6987.103 9.610e-18
6987.980 9.608e-18
6988.857 9.603e-18
6989.733 9.503e-18
6990.610 9.596e-18
6991.487 9.610e-18
6992.363 9.398e-18
6993.240 9.597e-18
6994.117 9.589e-18
6994.993 9.572e-18
6995.870 9.528e-18
6996.747 9.555e-18
6997.623 9.552e-18
6998.500 1.423e-17
6999.377 9.532e-18
7000.253 9.510e-18
7001.130 9.462e-18
7002.007 9.504e-18
7002.883 1.649e-17
7003.760 9.572e-18
7004.637 9.463e-18
7005.513 9.467e-18
7006.390 9.353e-18
7007.267 1.202e-17
7008.143 9.357e-18
7009.020 9.421e-18
7009.897 9.419e-18
7010.773 9.411e-18
7011.650 9.385e-18
7012.527 9.376e-18
7013.403 9.362e-18
7014.280 9.386e-18
7015.157 9.393e-18
7016.033 9.385e-18
7016.910 9.327e-18
7017.787 9.292e-18
7018.663 9.367e-18
7019.540 9.385e-18
7020.417 9.390e-18
7021.293 9.233e-18
7022.170 9.359e-18
7023.047 9.385e-18
7023.923 9.386e-18
7024.800 9.380e-18
7025.677 9.362e-18
7026.553 9.378e-18
7027.430 9.383e-18
7028.307 9.257e-18
7029.183 9.343e-18
7030.060 9.363e-18
7030.937 9.336e-18
7031.813 9.376e-18
7032.690 9.370e-18
7033.567 9.385e-18
7034.443 9.390e-18
7035.320 9.395e-18
7036.197 9.398e-18
7037.073 9.403e-18
7037.950 9.396e-18
7038.827 9.410e-18
7039.703 9.401e-18
7040.580 9.411e-18
7041.457 9.406e-18
7042.333 9.431e-18
7043.210 5.476e-17
7044.087 9.443e-18
7044.963 9.449e-18
7045.840 9.452e-18
7046.717 9.449e-18
7047.593 9.465e-18
7048.470 9.464e-18
7049.347 9.420e-18
7050.223 9.456e-18
7051.100 2.317e-17
7051.977 9.488e-18
7052.853 9.236e-18
7053.730 9.463e-18
7054.607 9.394e-18
7055.483 9.457e-18
7056.360 1.392e-17
7057.237 9.467e-18
7058.113 9.458e-18
7058.990 9.237e-18
7059.867 9.456e-18
7060.743 9.445e-18
7061.620 9.429e-18
7062.497 9.381e-18
7063.373 9.412e-18
7064.250 1.551e-17
7065.127 9.434e-18
7066.003 9.425e-18
7066.880 9.421e-18
7067.757 9.409e-18
7068.633 9.419e-18
7069.510 1.969e-17
7070.387 9.415e-18
7071.263 9.413e-18
7072.140 9.410e-18
7073.017 9.407e-18
7073.893 9.358e-18
7074.770 9.398e-18
7075.647 9.379e-18
7076.523 9.389e-18
7077.400 9.381e-18
7078.277 9.383e-18
7079.153 9.373e-18
7080.030 9.357e-18
7080.907 9.356e-18
7081.783 9.351e-18
7082.660 9.365e-18
7083.537 9.362e-18
7084.413 9.796e-18
7085.290 9.356e-18
7086.167 9.351e-18
7087.043 9.344e-18
7087.920 9.335e-18
7088.797 1.621e-17
7089.673 1.711e-17
7090.550 9.314e-18
7091.427 9.326e-18
7092.303 1.730e-17
7093.180 9.285e-18
7094.057 9.327e-18
7094.933 9.320e-18
7095.810 9.323e-18
7096.687 9.324e-18
7097.563 9.296e-18
7098.440 9.318e-18
7099.317 9.314e-18
7100.193 9.325e-18
7101.070 9.321e-18
7101.947 9.317e-18
7102.823 9.319e-18
7103.700 9.320e-18
7104.577 9.323e-18
7105.453 9.323e-18
7106.330 9.314e-18
7107.207 9.310e-18
7108.083 9.253e-18
7108.960 9.312e-18
7109.837 9.322e-18
7110.713 9.321e-18
7111.590 9.318e-18
7112.467 9.315e-18
7113.343 9.300e-18
7114.220 9.315e-18
7115.097 9.310e-18
7115.973 9.296e-18
7116.850 9.307e-18
7117.727 9.289e-18
7118.603 9.301e-18
7119.480 9.298e-18
7120.357 9.233e-18
7121.233 9.280e-18
7122.110 9.289e-18
7122.987 9.287e-18
7123.863 9.284e-18
7124.740 9.250e-18
7125.617 9.278e-18
7126.493 9.276e-18
7127.370 9.267e-18
7128.247 9.270e-18
7129.123 9.266e-18
7130.000 9.244e-18
7130.877 9.257e-18
7131.753 9.256e-18
7132.630 9.255e-18
7133.507 9.251e-18
7134.383 9.252e-18
7135.260 1.173e-17
7136.137 9.196e-18
7137.013 9.240e-18
7137.890 9.245e-18
7138.767 9.242e-18
7139.643 9.232e-18
7140.520 9.240e-18
7141.397 9.234e-18
7142.273 9.144e-18
7143.150 1.371e-17
7144.027 9.213e-18
7144.903 9.134e-18
7145.780 9.228e-18
7146.657 1.913e-17
7147.533 9.600e-18
7148.410 9.211e-18
7149.287 9.216e-18
7150.163 9.216e-18
7151.040 9.218e-18
7151.917 1.004e-17
7152.793 9.165e-18
7153.670 9.200e-18
7154.547 9.196e-18
7155.423 9.196e-18
7156.300 9.202e-18
7157.177 9.190e-18
7158.053 9.192e-18
7158.930 9.187e-18
7159.807 9.182e-18
7160.683 9.051e-18
7161.560 9.176e-18
7162.437 9.174e-18
7163.313 9.177e-18
7164.190 9.152e-18
7165.067 9.160e-18
7165.943 9.139e-18
7166.820 9.111e-18
7167.697 9.051e-18
7168.573 9.116e-18
7169.450 9.025e-18
7170.327 9.135e-18
7171.203 1.077e-17
7172.080 8.587e-18
7172.957 9.029e-18
7173.833 9.066e-18
7174.710 7.479e-18
7175.587 2.179e-17
7176.463 9.104e-18
7177.340 9.043e-18
7178.217 8.805e-18
7179.093 7.741e-18
7179.970 9.065e-18
7180.847 9.064e-18
7181.723 9.073e-18
7182.600 9.077e-18
7183.477 6.722e-18
7184.353 9.005e-18
7185.230 9.057e-18
7186.107 1.167e-17
7186.983 8.921e-18
7187.860 8.968e-18
7188.737 8.939e-18
7189.613 8.837e-18
7190.490 9.017e-18
7191.367 9.850e-18
7192.243 9.015e-18
7193.120 8.922e-18
7193.997 8.855e-18
7194.873 8.997e-18
7195.750 6.727e-18
7196.627 8.999e-18
7197.503 9.003e-18
7198.380 8.993e-18
7199.257 8.296e-18
7200.133 8.960e-18
7201.010 9.000e-18
7201.887 1.178e-17
7202.763 1.252e-17
7203.640 8.911e-18
7204.517 8.977e-18
7205.393 9.011e-18
7206.270 5.207e-18
7207.147 9.009e-18
7208.023 8.939e-18
7208.900 8.988e-18
7209.777 8.991e-18
7210.653 9.033e-18
7211.530 7.585e-18
7212.407 8.981e-18
7213.283 8.886e-18
7214.160 9.009e-18
7215.037 9.051e-18
7215.913 9.035e-18
7216.790 9.050e-18
7217.667 9.047e-18
7218.543 7.777e-18
7219.420 9.059e-18
7220.297 9.045e-18
7221.173 9.057e-18
7222.050 9.060e-18
7222.927 9.079e-18
7223.803 9.087e-18
7224.680 9.084e-18
7225.557 1.100e-17
7226.433 9.087e-18
7227.310 9.124e-18
7228.187 9.102e-18
7229.063 9.087e-18
7229.940 9.054e-18
7230.817 9.997e-18
7231.693 9.114e-18
7232.570 9.082e-18
7233.447 9.114e-18
7234.323 8.741e-18
7235.200 2.377e-17
7236.077 9.065e-18
7236.953 8.836e-18
7237.830 9.070e-18
7238.707 9.108e-18
7239.583 9.123e-18
7240.460 9.122e-18
7241.337 9.114e-18
7242.213 6.451e-16
7243.090 9.011e-18
7243.967 7.392e-17
7244.843 9.146e-18
7245.720 5.189e-18
7246.597 1.448e-17
7247.473 8.980e-18
7248.350 9.121e-18
7249.227 8.378e-18
7250.103 9.129e-18
7250.980 8.675e-18
7251.857 9.118e-18
7252.733 1.525e-17
7253.610 9.111e-18
7254.487 8.162e-18
7255.363 8.816e-18
7256.240 9.107e-18
7257.117 9.130e-18
7257.993 9.072e-18
7258.870 9.102e-18
7259.747 9.023e-18
7260.623 8.936e-18
7261.500 9.071e-18
7262.377 9.095e-18
7263.253 1.098e-17
7264.130 8.916e-18
7265.007 8.585e-18
7265.883 9.102e-18
7266.760 8.909e-18
7267.637 6.014e-18
7268.513 9.934e-18
7269.390 9.224e-18
7270.267 9.079e-18
7271.143 4.333e-17
7272.020 8.993e-18
7272.897 9.080e-18
7273.773 9.103e-18
7274.650 9.006e-18
7275.527 9.066e-18
7276.403 9.082e-18
7277.280 8.762e-18
7278.157 9.023e-18
7279.033 1.468e-17
7279.910 8.973e-18
7280.787 8.774e-18
7281.663 8.716e-18
7282.540 9.008e-18
7283.417 9.035e-18
7284.293 8.234e-18
7285.170 8.884e-18
7286.047 9.036e-18
7286.923 1.309e-17
7287.800 1.057e-17
7288.677 9.018e-18
7289.553 8.839e-18
7290.430 8.976e-18
7291.307 9.003e-18
7292.183 8.911e-18
7293.060 2.469e-17
7293.937 8.963e-18
7294.813 8.916e-18
7295.690 8.997e-18
7296.567 8.986e-18
7297.443 8.984e-18
7298.320 8.803e-18
7299.197 9.007e-18
7300.073 8.962e-18
7300.950 9.018e-18
7301.827 8.645e-18
7302.703 8.939e-18
7303.580 9.021e-18
7304.457 8.976e-18
7305.333 8.676e-18
7306.210 6.880e-18
7307.087 8.999e-18
7307.963 8.967e-18
7308.840 9.033e-18
7309.717 9.027e-18
7310.593 8.962e-18
7311.470 8.180e-18
7312.347 8.914e-18
7313.223 8.941e-18
7314.100 9.028e-18
7314.977 8.853e-18
7315.853 9.031e-18
7316.730 9.012e-18
7317.607 8.704e-18
7318.483 9.017e-18
7319.360 8.288e-18
7320.237 8.873e-18
7321.113 9.011e-18
7321.990 9.024e-18
7322.867 8.635e-18
7323.743 9.020e-18
7324.620 9.020e-18
7325.497 9.016e-18
7326.373 9.008e-18
7327.250 9.016e-18
7328.127 9.014e-18
7329.003 8.942e-18
7329.880 9.005e-18
7330.757 9.008e-18
7331.633 9.004e-18
7332.510 8.999e-18
7333.387 9.003e-18
7334.263 1.680e-17
7335.140 8.751e-18
7336.017 8.989e-18
7336.893 8.993e-18
7337.770 8.918e-18
7338.647 8.995e-18
7339.523 8.993e-18
7340.400 8.994e-18
7341.277 8.975e-18
7342.153 8.945e-18
7343.030 6.103e-17
7343.907 8.974e-18
7344.783 8.985e-18
7345.660 8.972e-18
7346.537 1.363e-17
7347.413 8.979e-18
7348.290 8.975e-18
7349.167 8.974e-18
7350.043 8.819e-18
7350.920 8.968e-18
7351.797 8.959e-18
7352.673 3.615e-17
7353.550 8.971e-18
7354.427 8.970e-18
7355.303 9.246e-18
7356.180 8.966e-18
7357.057 8.968e-18
7357.933 8.967e-18
7358.810 8.961e-18
7359.687 8.966e-18
7360.563 8.965e-18
7361.440 8.965e-18
7362.317 1.131e-17
7363.193 8.944e-18
7364.070 8.899e-18
7364.947 8.958e-18
7365.823 8.658e-18
7366.700 1.371e-17
7367.577 1.208e-17
7368.453 8.964e-18
7369.330 8.965e-18
7370.207 8.957e-18
7371.083 8.912e-18
7371.960 8.943e-18
7372.837 8.894e-18
7373.713 8.940e-18
7374.590 8.946e-18
7375.467 9.772e-18
7376.343 8.931e-18
7377.220 8.931e-18
7378.097 8.923e-18
7378.973 8.918e-18
7379.850 9.661e-18
7380.727 8.907e-18
7381.603 8.902e-18
7382.480 8.864e-18
7383.357 8.881e-18
7384.233 8.865e-18
7385.110 8.842e-18
7385.987 8.860e-18
7386.863 8.866e-18
7387.740 8.865e-18
7388.617 8.859e-18
7389.493 8.851e-18
7390.370 1.160e-17
7391.247 8.838e-18
7392.123 1.563e-17
7393.000 8.828e-18
7393.877 8.815e-18
7394.753 1.026e-17
7395.630 8.817e-18
7396.507 8.819e-18
7397.383 9.629e-18
7398.260 8.785e-18
7399.137 8.665e-18
7400.013 8.800e-18
7400.890 8.800e-18
7401.767 8.796e-18
7402.643 8.790e-18
7403.520 8.776e-18
7404.397 8.783e-18
7405.273 8.780e-18
7406.150 8.773e-18
7407.027 8.773e-18
7407.903 8.769e-18
7408.780 8.764e-18
7409.657 8.759e-18
7410.533 8.757e-18
7411.410 8.753e-18
7412.287 8.730e-18
7413.163 8.752e-18
7414.040 1.444e-17
7414.917 8.769e-18
7415.793 2.490e-17
7416.670 8.722e-18
7417.547 8.756e-18
7418.423 8.755e-18
7419.300 8.795e-18
7420.177 8.801e-18
7421.053 8.806e-18
7421.930 8.812e-18
7422.807 8.815e-18
7423.683 8.818e-18
7424.560 8.827e-18
7425.437 8.832e-18
7426.313 8.837e-18
7427.190 8.836e-18
7428.067 8.842e-18
7428.943 8.853e-18
7429.820 8.854e-18
7430.697 8.863e-18
7431.573 8.868e-18
7432.450 8.872e-18
7433.327 8.862e-18
7434.203 8.869e-18
7435.080 8.867e-18
7435.957 8.866e-18
7436.833 8.862e-18
7437.710 8.863e-18
7438.587 8.862e-18
7439.463 8.859e-18
7440.340 2.424e-16
7441.217 1.089e-17
7442.093 8.856e-18
7442.970 8.852e-18
7443.847 8.853e-18
7444.723 8.852e-18
7445.600 8.851e-18
7446.477 8.849e-18
7447.353 8.848e-18
7448.230 8.847e-18
7449.107 1.356e-17
7449.983 8.844e-18
7450.860 8.842e-18
7451.737 8.841e-18
7452.613 8.841e-18
7453.490 8.832e-18
7454.367 8.843e-18
7455.243 8.844e-18
7456.120 8.843e-18
7456.997 8.845e-18
7457.873 8.845e-18
7458.750 8.847e-18
7459.627 8.848e-18
7460.503 8.837e-18
7461.380 8.850e-18
7462.257 8.847e-18
7463.133 8.851e-18
7464.010 8.852e-18
7464.887 8.853e-18
7465.763 9.020e-18
7466.640 8.855e-18
7467.517 8.856e-18
7468.393 8.857e-18
7469.270 8.857e-18
7470.147 8.857e-18
7471.023 8.858e-18
7471.900 1.443e-17
7472.777 6.347e-17
7473.653 1.276e-16
7474.530 8.853e-18
7475.407 8.851e-18
7476.283 8.849e-18
7477.160 8.847e-18
7478.037 8.845e-18
7478.913 8.841e-18
7479.790 8.839e-18
7480.667 8.838e-18
7481.543 8.835e-18
7482.420 8.833e-18
7483.297 8.831e-18
7484.173 8.829e-18
7485.050 8.826e-18
7485.927 8.824e-18
7486.803 8.822e-18
7487.680 8.819e-18
7488.557 8.817e-18
7489.433 8.815e-18
7490.310 2.801e-17
7491.187 8.810e-18
7492.063 8.807e-18
7492.940 8.807e-18
7493.817 8.806e-18
7494.693 8.804e-18
7495.570 8.803e-18
7496.447 8.801e-18
7497.323 8.800e-18
7498.200 8.799e-18
7499.077 8.798e-18
7499.953 8.796e-18
7500.830 8.795e-18
7501.707 9.762e-18
7502.583 8.794e-18
7503.460 8.793e-18
7504.337 1.593e-17
7505.213 8.790e-18
7506.090 8.790e-18
7506.967 8.789e-18
7507.843 8.787e-18
7508.720 8.787e-18
7509.597 8.786e-18
7510.473 8.785e-18
7511.350 8.784e-18
7512.227 8.783e-18
7513.103 8.783e-18
7513.980 8.783e-18
7514.857 8.783e-18
7515.733 8.783e-18
7516.610 8.783e-18
7517.487 8.781e-18
7518.363 8.783e-18
7519.240 3.334e-17
7520.117 8.783e-18
7520.993 8.783e-18
7521.870 8.783e-18
7522.747 8.783e-18
7523.623 8.783e-18
7524.500 8.783e-18
7525.377 8.783e-18
7526.253 8.783e-18
7527.130 8.783e-18
7528.007 8.783e-18
7528.883 8.783e-18
7529.760 8.783e-18
7530.637 8.783e-18
7531.513 8.783e-18
7532.390 8.783e-18
7533.267 8.782e-18
7534.143 8.782e-18
7535.020 8.782e-18
7535.897 8.782e-18
7536.773 8.782e-18
7537.650 8.781e-18
7538.527 8.781e-18
7539.403 8.781e-18
7540.280 8.781e-18
7541.157 8.780e-18
7542.033 8.780e-18
7542.910 8.780e-18
7543.787 8.780e-18
7544.663 8.779e-18
7545.540 8.779e-18
7546.417 8.779e-18
7547.293 8.779e-18
7548.170 8.778e-18
7549.047 9.469e-18
7549.923 8.778e-18
7550.800 8.778e-18
7551.677 8.777e-18
7552.553 8.777e-18
7553.430 8.776e-18
7554.307 8.775e-18
7555.183 8.774e-18
7556.060 8.774e-18
7556.937 8.773e-18
7557.813 8.772e-18
7558.690 8.771e-18
7559.567 3.202e-16
7560.443 8.769e-18
7561.320 8.768e-18
7562.197 8.768e-18
7563.073 8.767e-18
7563.950 8.766e-18
7564.827 8.765e-18
7565.703 1.566e-17
7566.580 8.763e-18
7567.457 8.763e-18
7568.333 8.762e-18
7569.210 8.761e-18
7570.087 8.760e-18
7570.963 8.759e-18
7571.840 8.758e-18
7572.717 8.757e-18
7573.593 8.756e-18
7574.470 8.755e-18
7575.347 8.754e-18
7576.223 8.753e-18
7577.100 8.752e-18
7577.977 8.751e-18
7578.853 8.750e-18
7579.730 8.749e-18
7580.607 8.748e-18
7581.483 8.747e-18
7582.360 8.746e-18
7583.237 8.744e-18
7584.113 8.743e-18
7584.990 8.742e-18
7585.867 8.741e-18
7586.743 8.739e-18
7587.620 8.737e-18
7588.497 8.734e-18
7589.373 8.731e-18
7590.250 8.727e-18
7591.127 8.722e-18
7592.003 8.715e-18
7592.880 8.705e-18
7593.757 8.691e-18
7594.633 8.663e-18
7595.510 8.469e-18
7596.387 6.533e-18
7597.263 1.794e-18
7598.140 5.028e-18
7599.017 6.772e-18
7599.893 6.301e-18
7600.770 1.502e-20
7601.647 6.235e-18
7602.523 7.085e-20
7603.400 5.333e-18
7604.277 9.815e-19
7605.153 4.907e-18
7606.030 4.119e-18
7606.907 4.218e-18
7607.783 5.389e-21
7608.660 1.126e-18
7609.537 4.951e-18
7610.413 4.869e-18
7611.290 5.391e-20
7612.167 4.593e-18
7613.043 5.900e-18
7613.920 2.547e-18
7614.797 5.889e-18
7615.673 6.131e-18
7616.550 8.072e-18
7617.427 4.917e-18
7618.303 6.478e-19
7619.180 8.403e-18
7620.057 3.554e-17
7620.933 8.567e-18
7621.810 1.610e-17
7622.687 6.874e-18
7623.563 7.233e-18
7624.440 8.026e-18
7625.317 7.804e-20
7626.193 5.512e-18
7627.070 6.411e-18
7627.947 7.928e-18
7628.823 4.671e-18
7629.700 5.807e-18
7630.577 6.275e-17
7631.453 7.828e-18
7632.330 1.696e-17
7633.207 1.379e-19
7634.083 7.828e-19
7634.960 7.105e-18
7635.837 8.021e-18
7636.713 6.877e-18
7637.590 3.895e-18
7638.467 8.617e-21
7639.343 2.007e-17
7640.220 8.120e-18
7641.097 1.974e-17
7641.973 4.073e-18
7642.850 2.914e-21
7643.727 1.594e-17
7644.603 8.259e-18
7645.480 7.958e-18
7646.357 7.651e-20
7647.233 1.886e-18
7648.110 7.605e-18
7648.987 8.387e-18
7649.863 8.380e-18
7650.740 6.912e-18
7651.617 9.631e-18
7652.493 5.182e-18
7653.370 8.367e-18
7654.247 8.491e-18
7655.123 8.426e-18
7656.000 4.768e-18
7656.877 7.258e-18
7657.753 7.763e-18
7658.630 8.491e-18
7659.507 8.536e-18
7660.383 8.486e-18
7661.260 6.383e-18
7662.137 7.784e-18
7663.013 8.044e-18
7663.890 8.520e-18
7664.767 8.554e-18
7665.643 8.537e-18
7666.520 8.292e-18
7667.397 8.110e-18
7668.273 7.287e-18
7669.150 8.509e-18
7670.027 8.542e-18
7670.903 8.544e-18
7671.780 8.517e-18
7672.657 3.101e-18
7673.533 7.974e-18
7674.410 8.469e-18
7675.287 8.493e-18
7676.163 8.580e-18
7677.040 8.555e-18
7677.917 8.578e-18
7678.793 7.395e-18
7679.670 4.474e-18
7680.547 8.601e-18
7681.423 8.623e-18
7682.300 8.626e-18
7683.177 8.638e-18
7684.053 8.623e-18
7684.930 6.074e-18
7685.807 7.527e-18
7686.683 8.661e-18
7687.560 8.670e-18
7688.437 8.676e-18
7689.313 8.683e-18
7690.190 8.615e-18
7691.067 8.646e-18
7691.943 8.681e-18
7692.820 8.698e-18
7693.697 9.629e-18
7694.573 8.712e-18
7695.450 8.713e-18
7696.327 8.719e-18
7697.203 8.721e-18
7698.080 8.526e-18
7698.957 7.360e-18
7699.833 8.730e-18
7700.710 8.733e-18
7701.587 6.221e-17
7702.463 8.740e-18
7703.340 8.738e-18
7704.217 8.742e-18
7705.093 8.742e-18
7705.970 1.119e-17
7706.847 8.755e-18
7707.723 8.758e-18
7708.600 8.761e-18
7709.477 8.764e-18
7710.353 8.767e-18
7711.230 8.770e-18
7712.107 8.727e-18
7712.983 1.031e-17
7713.860 8.780e-18
7714.737 1.472e-15
7715.613 8.784e-18
7716.490 8.791e-18
7717.367 8.795e-18
7718.243 8.791e-18
7719.120 3.672e-16
7719.997 8.804e-18
7720.873 8.809e-18
7721.750 8.812e-18
7722.627 8.813e-18
7723.503 8.801e-18
7724.380 8.823e-18
7725.257 8.827e-18
7726.133 8.830e-18
7727.010 8.776e-18
7727.887 8.692e-18
7728.763 8.840e-18
7729.640 8.844e-18
7730.517 8.847e-18
7731.393 8.846e-18
7732.270 8.844e-18
7733.147 8.853e-18
7734.023 9.204e-18
7734.900 1.027e-17
7735.777 8.846e-18
7736.653 8.848e-18
7737.530 8.847e-18
7738.407 8.847e-18
7739.283 8.846e-18
7740.160 8.845e-18
7741.037 1.541e-17
7741.913 8.841e-18
7742.790 8.842e-18
7743.667 8.841e-18
7744.543 8.840e-18
7745.420 8.838e-18
7746.297 8.835e-18
7747.173 8.835e-18
7748.050 8.836e-18
7748.927 8.834e-18
7749.803 8.832e-18
7750.680 8.830e-18
7751.557 4.002e-16
7752.433 8.828e-18
7753.310 8.832e-18
7754.187 8.835e-18
7755.063 8.838e-18
7755.940 8.842e-18
7756.817 8.845e-18
7757.693 8.848e-18
7758.570 1.150e-17
7759.447 8.855e-18
7760.323 8.859e-18
7761.200 8.862e-18
7762.077 3.848e-17
7762.953 8.869e-18
7763.830 8.872e-18
7764.707 8.875e-18
7765.583 8.879e-18
7766.460 1.096e-17
7767.337 8.886e-18
7768.213 8.889e-18
7769.090 8.892e-18
7769.967 8.896e-18
7770.843 8.899e-18
7771.720 8.902e-18
7772.597 8.904e-18
7773.473 8.904e-18
7774.350 8.904e-18
7775.227 8.906e-18
7776.103 8.904e-18
7776.980 8.905e-18
7777.857 8.904e-18
7778.733 8.905e-18
7779.610 8.906e-18
7780.487 8.906e-18
7781.363 1.962e-17
7782.240 8.906e-18
7783.117 8.907e-18
7783.993 8.907e-18
7784.870 8.907e-18
7785.747 1.291e-17
7786.623 8.908e-18
7787.500 8.908e-18
7788.377 9.089e-18
7789.253 8.908e-18
7790.130 8.908e-18
7791.007 8.909e-18
7791.883 1.579e-17
7792.760 3.082e-17
7793.637 8.912e-18
7794.513 8.912e-18
7795.390 8.916e-18
7796.267 2.389e-15
7797.143 8.993e-18
7798.020 8.922e-18
7798.897 8.924e-18
7799.773 8.926e-18
7800.650 8.928e-18
7801.527 1.334e-17
7802.403 8.932e-18
7803.280 8.934e-18
7804.157 8.936e-18
7805.033 8.936e-18
7805.910 8.939e-18
7806.787 8.941e-18
7807.663 8.943e-18
7808.540 1.598e-17
7809.417 8.947e-18
7810.293 8.949e-18
7811.170 8.951e-18
7812.047 8.953e-18
7812.923 8.953e-18
7813.800 1.004e-17
7814.677 8.953e-18
7815.553 9.191e-18
7816.430 8.953e-18
7817.307 8.953e-18
7818.183 8.953e-18
7819.060 8.953e-18
7819.937 8.952e-18
7820.813 8.953e-18
7821.690 8.952e-18
7822.567 8.952e-18
7823.443 8.952e-18
7824.320 1.652e-17
7825.197 8.952e-18
7826.073 8.952e-18
7826.950 8.952e-18
7827.827 1.328e-17
7828.703 8.952e-18
7829.580 8.952e-18
7830.457 9.232e-18
7831.333 8.951e-18
7832.210 8.952e-18
7833.087 8.955e-18
7833.963 8.957e-18
7834.840 8.960e-18
7835.717 5.502e-17
7836.593 8.966e-18
7837.470 8.968e-18
7838.347 8.970e-18
7839.223 8.974e-18
7840.100 8.976e-18
7840.977 8.978e-18
7841.853 8.960e-18
7842.730 8.981e-18
7843.607 8.987e-18
7844.483 8.990e-18
7845.360 8.993e-18
7846.237 8.995e-18
7847.113 8.998e-18
7847.990 1.139e-17
7848.867 9.002e-18
7849.743 9.006e-18
7850.620 9.008e-18
7851.497 9.011e-18
7852.373 9.013e-18
7853.250 9.015e-18
7854.127 4.205e-17
7855.003 9.018e-18
7855.880 9.018e-18
7856.757 9.001e-18
7857.633 9.021e-18
7858.510 9.023e-18
7859.387 9.025e-18
7860.263 3.653e-17
7861.140 9.017e-18
7862.017 9.029e-18
7862.893 3.942e-17
7863.770 9.031e-18
7864.647 9.033e-18
7865.523 9.032e-18
7866.400 9.031e-18
7867.277 9.036e-18
7868.153 8.969e-18
7869.030 9.037e-18
7869.907 3.483e-16
7870.783 9.042e-18
7871.660 9.042e-18
7872.537 9.041e-18
7873.413 9.046e-18
7874.290 9.047e-18
7875.167 9.044e-18
7876.043 9.049e-18
7876.920 9.052e-18
7877.797 9.051e-18
7878.673 8.890e-18
7879.550 9.055e-18
7880.427 7.780e-17
7881.303 9.058e-18
7882.180 9.046e-18
7883.057 9.050e-18
7883.933 7.529e-17
7884.810 9.064e-18
7885.687 9.065e-18
7886.563 2.012e-17
7887.440 9.064e-18
7888.317 9.036e-18
7889.193 8.994e-18
7890.070 2.163e-17
7890.947 2.368e-17
7891.823 4.497e-16
7892.700 1.975e-17
7893.577 9.070e-18
7894.453 9.068e-18
7895.330 9.110e-18
7896.207 4.127e-17
7897.083 9.003e-18
7897.960 9.037e-18
7898.837 9.064e-18
7899.713 9.066e-18
7900.590 9.065e-18
7901.467 9.064e-18
7902.343 9.062e-18
7903.220 9.053e-18
7904.097 8.919e-18
7904.973 1.000e-17
7905.850 9.046e-18
7906.727 9.058e-18
7907.603 9.057e-18
7908.480 9.051e-18
7909.357 9.037e-18
7910.233 9.050e-18
7911.110 8.996e-18
7911.987 9.048e-18
7912.863 8.836e-18
7913.740 9.049e-18
7914.617 9.048e-18
7915.493 9.048e-18
7916.370 9.048e-18
7917.247 1.548e-17
7918.123 9.039e-18
7919.000 9.023e-18
7919.877 8.988e-18
7920.753 9.044e-18
7921.630 9.041e-18
7922.507 9.028e-18
7923.383 1.971e-16
7924.260 9.040e-18
7925.137 9.039e-18
7926.013 9.035e-18
7926.890 9.030e-18
7927.767 9.037e-18
7928.643 9.036e-18
7929.520 9.035e-18
7930.397 1.443e-17
7931.273 9.019e-18
7932.150 8.989e-18
7933.027 1.343e-16
7933.903 8.938e-18
7934.780 9.031e-18
7935.657 9.110e-18
7936.533 9.034e-18
7937.410 1.416e-17
7938.287 9.034e-18
7939.163 9.015e-18
7940.040 9.035e-18
7940.917 1.018e-17
7941.793 9.035e-18
7942.670 1.223e-17
7943.547 9.034e-18
7944.423 1.706e-17
7945.300 9.036e-18
7946.177 2.181e-17
7947.053 9.036e-18
7947.930 9.035e-18
7948.807 9.032e-18
7949.683 9.030e-18
7950.560 9.037e-18
7951.437 8.308e-16
7952.313 9.035e-18
7953.190 9.011e-18
7954.067 9.043e-18
7954.943 9.054e-18
7955.820 9.047e-18
7956.697 9.063e-18
7957.573 9.069e-18
7958.450 9.046e-18
7959.327 9.078e-18
7960.203 9.078e-18
7961.080 9.081e-18
7961.957 9.091e-18
7962.833 8.938e-18
7963.710 9.030e-18
7964.587 9.101e-18
7965.463 9.057e-18
7966.340 9.100e-18
7967.217 9.083e-18
7968.093 9.129e-18
7968.970 9.134e-18
7969.847 9.129e-18
7970.723 9.102e-18
7971.600 1.235e-17
7972.477 9.149e-18
7973.353 9.145e-18
7974.230 9.138e-18
7975.107 9.148e-18
7975.983 9.143e-18
7976.860 9.142e-18
7977.737 1.415e-17
7978.613 9.120e-18
7979.490 9.142e-18
7980.367 9.139e-18
7981.243 9.137e-18
7982.120 9.103e-18
7982.997 9.135e-18
7983.873 9.132e-18
7984.750 9.135e-18
7985.627 9.131e-18
7986.503 8.835e-18
7987.380 9.130e-18
7988.257 1.679e-17
7989.133 9.219e-18
7990.010 9.126e-18
7990.887 9.126e-18
7991.763 9.125e-18
7992.640 9.122e-18
7993.517 9.127e-18
7994.393 9.132e-18
7995.270 9.118e-18
7996.147 9.255e-18
7997.023 9.139e-18
7997.900 9.139e-18
7998.777 9.117e-18
7999.653 1.895e-17
8000.530 9.038e-18
8001.407 9.131e-18
8002.283 1.547e-17
8003.160 9.110e-18
8004.037 1.720e-17
8004.913 9.169e-18
8005.790 9.162e-18
8006.667 9.162e-18
8007.543 9.176e-18
8008.420 9.181e-18
8009.297 9.167e-18
8010.173 9.174e-18
8011.050 9.192e-18
8011.927 9.196e-18
8012.803 1.953e-17
8013.680 9.195e-18
8014.557 9.151e-18
8015.433 9.168e-18
8016.310 4.299e-16
8017.187 9.192e-18
8018.063 9.192e-18
8018.940 9.190e-18
8019.817 9.182e-18
8020.693 9.187e-18
8021.570 9.193e-18
8022.447 9.161e-18
8023.323 9.189e-18
8024.200 9.136e-18
8025.077 9.152e-18
8025.953 3.100e-17
8026.830 9.188e-18
8027.707 9.188e-18
8028.583 9.187e-18
8029.460 9.187e-18
8030.337 6.195e-17
8031.213 5.770e-17
8032.090 1.370e-17
8032.967 9.188e-18
8033.843 9.213e-18
8034.720 9.188e-18
8035.597 9.178e-18
8036.473 8.959e-18
8037.350 9.177e-18
8038.227 9.182e-18
8039.103 9.181e-18
8039.980 9.172e-18
8040.857 9.184e-18
8041.733 1.661e-17
8042.610 9.183e-18
8043.487 9.181e-18
8044.363 9.172e-18
8045.240 9.152e-18
8046.117 9.099e-18
8046.993 9.177e-18
8047.870 9.100e-18
8048.747 1.155e-17
8049.623 9.179e-18
8050.500 9.179e-18
8051.377 9.172e-18
8052.253 9.279e-18
8053.130 9.181e-18
8054.007 9.183e-18
8054.883 9.180e-18
8055.760 9.188e-18
8056.637 9.131e-18
8057.513 9.195e-18
8058.390 9.195e-18
8059.267 9.528e-18
8060.143 9.203e-18
8061.020 9.151e-18
8061.897 9.195e-18
8062.773 9.211e-18
8063.650 9.214e-18
8064.527 1.838e-16
8065.403 9.174e-18
8066.280 9.223e-18
8067.157 9.224e-18
8068.033 9.199e-18
8068.910 9.231e-18
8069.787 1.494e-17
8070.663 9.232e-18
8071.540 9.229e-18
8072.417 9.217e-18
8073.293 9.199e-18
8074.170 9.236e-18
8075.047 9.234e-18
8075.923 9.231e-18
8076.800 9.229e-18
8077.677 9.197e-18
8078.553 9.151e-18
8079.430 1.351e-17
8080.307 9.217e-18
8081.183 9.212e-18
8082.060 9.211e-18
8082.937 9.209e-18
8083.813 9.178e-18
8084.690 9.205e-18
8085.567 9.203e-18
8086.443 9.200e-18
8087.320 9.084e-18
8088.197 9.192e-18
8089.073 9.193e-18
8089.950 9.190e-18
8090.827 9.168e-18
8091.703 9.186e-18
8092.580 9.132e-18
8093.457 9.177e-18
8094.333 9.188e-18
8095.210 9.201e-18
8096.087 9.197e-18
8096.963 9.196e-18
8097.840 9.215e-18
8098.717 9.115e-18
8099.593 9.211e-18
8100.470 9.223e-18
8101.347 9.229e-18
8102.223 9.244e-18
8103.100 9.248e-18
8103.977 9.241e-18
8104.853 9.260e-18
8105.730 9.260e-18
8106.607 1.149e-17
8107.483 9.274e-18
8108.360 9.272e-18
8109.237 9.276e-18
8110.113 8.967e-18
8110.990 1.072e-17
8111.867 9.297e-18
8112.743 9.165e-18
8113.620 1.491e-17
8114.497 9.261e-18
8115.373 1.293e-17
8116.250 9.006e-18
8117.127 9.264e-18
8118.003 9.315e-18
8118.880 9.310e-18
8119.757 9.320e-18
8120.633 9.254e-18
8121.510 9.318e-18
8122.387 9.319e-18
8123.263 9.316e-18
8124.140 9.325e-18
8125.017 9.182e-18
8125.893 9.245e-18
8126.770 9.334e-18
8127.647 8.911e-18
8128.523 1.257e-17
8129.400 9.270e-18
8130.277 9.340e-18
8131.153 9.342e-18
8132.030 9.321e-18
8132.907 1.594e-17
8133.783 1.651e-17
8134.660 9.264e-18
8135.537 9.241e-18
8136.413 9.296e-18
8137.290 7.790e-18
8138.167 9.336e-18
8139.043 2.183e-17
8139.920 9.351e-18
8140.797 9.343e-18
8141.673 9.345e-18
8142.550 9.321e-18
8143.427 9.328e-18
8144.303 8.829e-18
8145.180 9.350e-18
8146.057 8.224e-18
8146.933 9.337e-18
8147.810 9.350e-18
8148.687 8.431e-17
8149.563 9.145e-18
8150.440 9.104e-18
8151.317 9.314e-18
8152.193 8.875e-18
8153.070 9.357e-18
8153.947 9.355e-18
8154.823 8.394e-18
8155.700 9.293e-18
8156.577 8.926e-18
8157.453 9.340e-18
8158.330 9.351e-18
8159.207 9.331e-18
8160.083 9.022e-18
8160.960 9.351e-18
8161.837 9.368e-18
8162.713 9.365e-18
8163.590 7.644e-18
8164.467 8.444e-18
8165.343 9.347e-18
8166.220 9.259e-18
8167.097 9.104e-18
8167.973 9.355e-18
8168.850 9.351e-18
8169.727 9.380e-18
8170.603 9.351e-18
8171.480 9.116e-18
8172.357 7.729e-18
8173.233 9.368e-18
8174.110 9.365e-18
8174.987 9.363e-18
8175.863 9.347e-18
8176.740 9.334e-18
8177.617 9.349e-18
8178.493 9.303e-18
8179.370 7.965e-18
8180.247 7.920e-18
8181.123 9.027e-18
8182.000 9.284e-18
8182.877 9.313e-18
8183.753 9.227e-18
8184.630 9.243e-18
8185.507 9.248e-18
8186.383 9.279e-18
8187.260 9.297e-18
8188.137 9.256e-18
8189.013 9.228e-18
8189.890 9.255e-18
8190.767 9.240e-18
8191.643 7.489e-18
8192.520 9.252e-18
8193.397 9.242e-18
8194.273 9.233e-18
8195.150 8.926e-18
8196.027 9.212e-18
8196.903 9.287e-18
8197.780 1.067e-17
8198.657 9.298e-18
8199.533 9.188e-18
8200.410 9.206e-18
8201.287 8.539e-18
8202.163 8.801e-18
8203.040 8.506e-18
8203.917 9.328e-18
8204.793 9.347e-18
8205.670 9.353e-18
8206.547 9.360e-18
8207.423 9.359e-18
8208.300 1.395e-17
8209.177 9.379e-18
8210.053 9.384e-18
8210.930 9.386e-18
8211.807 8.859e-18
8212.683 9.266e-18
8213.560 9.382e-18
8214.437 8.264e-18
8215.313 9.406e-18
8216.190 1.905e-17
8217.067 9.409e-18
8217.943 9.417e-18
8218.820 9.415e-18
8219.697 9.405e-18
8220.573 9.164e-18
8221.450 9.418e-18
8222.327 9.426e-18
8223.203 9.411e-18
8224.080 9.361e-18
8224.957 9.425e-18
8225.833 9.397e-18
8226.710 9.152e-18
8227.587 9.407e-18
8228.463 9.394e-18
8229.340 7.521e-18
8230.217 6.740e-18
8231.093 8.026e-18
8231.970 7.824e-18
8232.847 9.299e-18
8233.723 8.375e-18
8234.600 9.431e-18
8235.477 9.443e-18
8236.353 9.105e-18
8237.230 9.459e-18
8238.107 9.414e-18
8238.983 9.472e-18
8239.860 9.440e-18
8240.737 9.443e-18
8241.613 9.483e-18
8242.490 9.442e-18
8243.367 9.494e-18
8244.243 2.068e-17
8245.120 9.454e-18
8245.997 9.242e-18
8246.873 9.505e-18
8247.750 9.518e-18
8248.627 9.517e-18
8249.503 1.014e-17
8250.380 9.529e-18
8251.257 9.529e-18
8252.133 9.536e-18
8253.010 9.539e-18
8253.887 9.526e-18
8254.763 9.474e-18
8255.640 9.540e-18
8256.517 9.553e-18
8257.393 2.545e-17
8258.270 9.496e-18
8259.147 9.419e-18
8260.023 9.489e-18
8260.900 9.566e-18
8261.777 9.354e-18
8262.653 9.456e-18
8263.530 9.580e-18
8264.407 9.581e-18
8265.283 9.564e-18
8266.160 9.495e-18
8267.037 9.576e-18
8267.913 9.592e-18
8268.790 9.598e-18
8269.667 9.607e-18
8270.543 9.610e-18
8271.420 9.438e-18
8272.297 9.617e-18
8273.173 9.614e-18
8274.050 9.522e-18
8274.927 9.604e-18
8275.803 9.593e-18
8276.680 6.148e-18
8277.557 9.602e-18
8278.433 9.588e-18
8279.310 9.584e-18
8280.187 9.636e-18
8281.063 9.572e-18
8281.940 7.840e-18
8282.817 9.635e-18
8283.693 9.609e-18
8284.570 1.618e-17
8285.447 8.062e-17
8286.323 9.659e-18
8287.200 2.684e-17
8288.077 9.663e-18
8288.953 9.649e-18
8289.830 9.532e-18
8290.707 9.550e-18
8291.583 9.538e-18
8292.460 9.662e-18
8293.337 9.666e-18
8294.213 9.682e-18
8295.090 9.683e-18
8295.967 9.637e-18
8296.843 8.328e-18
8297.720 9.595e-18
8298.597 5.185e-16
8299.473 9.698e-18
8300.350 9.664e-18
8301.227 2.579e-15
8302.103 9.668e-18
8302.980 9.599e-18
8303.857 9.705e-18
8304.733 3.917e-17
8305.610 9.704e-18
8306.487 9.020e-18
8307.363 5.380e-18
8308.240 9.707e-18
8309.117 9.717e-18
8309.993 9.685e-18
8310.870 9.703e-18
8311.747 9.730e-18
8312.623 9.715e-18
8313.500 9.720e-18
8314.377 9.443e-18
8315.253 9.704e-18
8316.130 9.356e-18
8317.007 9.711e-18
8317.883 9.696e-18
8318.760 9.656e-18
8319.637 9.695e-18
8320.513 8.451e-18
8321.390 9.699e-18
8322.267 9.699e-18
8323.143 9.637e-18
8324.020 9.263e-18
8324.897 9.687e-18
8325.773 9.692e-18
8326.650 9.683e-18
8327.527 9.683e-18
8328.403 9.672e-18
8329.280 9.579e-18
8330.157 9.676e-18
8331.033 9.662e-18
8331.910 8.684e-18
8332.787 9.603e-18
8333.663 9.678e-18
8334.540 9.530e-18
8335.417 9.682e-18
8336.293 9.671e-18
8337.170 9.704e-18
8338.047 9.685e-18
8338.923 9.720e-18
8339.800 4.730e-17
8340.677 2.105e-17
8341.553 9.617e-18
8342.430 9.745e-18
8343.307 9.753e-18
8344.183 9.682e-18
8345.060 9.762e-18
8345.937 9.772e-18
8346.813 2.483e-17
8347.690 9.785e-18
8348.567 9.789e-18
8349.443 9.790e-18
8350.320 9.803e-18
8351.197 9.787e-18
8352.073 9.808e-18
8352.950 9.819e-18
8353.827 9.824e-18
8354.703 9.822e-18
8355.580 9.813e-18
8356.457 9.827e-18
8357.333 9.829e-18
8358.210 9.837e-18
8359.087 9.797e-18
8359.963 9.825e-18
8360.840 9.849e-18
8361.717 9.814e-18
8362.593 9.855e-18
8363.470 1.122e-17
8364.347 9.523e-18
8365.223 1.137e-17
8366.100 9.865e-18
8366.977 9.865e-18
8367.853 2.028e-17
8368.730 5.775e-17
8369.607 9.285e-18
8370.483 9.882e-18
8371.360 9.867e-18
8372.237 9.885e-18
8373.113 9.849e-18
8373.990 9.892e-18
8374.867 9.879e-18
8375.743 9.873e-18
8376.620 9.888e-18
8377.497 9.895e-18
8378.373 1.470e-17
8379.250 9.886e-18
8380.127 9.899e-18
8381.003 9.903e-18
8381.880 9.906e-18
8382.757 9.906e-18
8383.633 9.889e-18
8384.510 9.901e-18
8385.387 9.905e-18
8386.263 9.884e-18
8387.140 9.855e-18
8388.017 9.835e-18
8388.893 9.914e-18
8389.770 9.914e-18
8390.647 9.905e-18
8391.523 9.918e-18
8392.400 1.992e-17
8393.277 9.927e-18
8394.153 9.931e-18
8395.030 9.934e-18
8395.907 9.921e-18
8396.783 9.893e-18
8397.660 9.944e-18
8398.537 9.944e-18
8399.413 9.788e-18
8400.290 9.955e-18
8401.167 9.958e-18
8402.043 9.958e-18
8402.920 9.901e-18
8403.797 9.970e-18
8404.673 9.974e-18
8405.550 9.975e-18
8406.427 9.926e-18
8407.303 9.975e-18
8408.180 9.984e-18
8409.057 9.991e-18
8409.933 9.995e-18
8410.810 9.894e-18
8411.687 9.994e-18
8412.563 1.000e-17
8413.440 9.959e-18
8414.317 1.001e-17
8415.193 1.001e-17
8416.070 1.000e-17
8416.947 1.000e-17
8417.823 9.866e-18
8418.700 1.000e-17
8419.577 9.940e-18
8420.453 1.000e-17
8421.330 1.001e-17
8422.207 1.001e-17
8423.083 1.001e-17
8423.960 1.001e-17
8424.837 1.001e-17
8425.713 1.060e-17
8426.590 1.001e-17
8427.467 1.001e-17
8428.343 1.001e-17
8429.220 1.000e-17
8430.097 9.963e-18
8430.973 1.001e-17
8431.850 9.976e-18
8432.727 1.001e-17
8433.603 1.002e-17
8434.480 3.719e-17
8435.357 1.003e-17
8436.233 1.003e-17
8437.110 1.003e-17
8437.987 1.004e-17
8438.863 9.997e-18
8439.740 1.004e-17
8440.617 1.004e-17
8441.493 1.005e-17
8442.370 1.005e-17
8443.247 1.004e-17
8444.123 1.006e-17
8445.000 1.006e-17
8445.877 1.007e-17
8446.753 1.008e-17
8447.630 1.008e-17
8448.507 1.005e-17
8449.383 1.009e-17
8450.260 1.009e-17
8451.137 1.010e-17
8452.013 1.010e-17
8452.890 1.010e-17
8453.767 1.010e-17
8454.643 1.322e-15
8455.520 1.011e-17
8456.397 1.175e-17
8457.273 1.011e-17
8458.150 1.011e-17
8459.027 1.150e-17
8459.903 1.012e-17
8460.780 1.012e-17
8461.657 1.012e-17
8462.533 9.979e-18
8463.410 1.012e-17
8464.287 1.012e-17
8465.163 1.012e-17
8466.040 1.012e-17
8466.917 1.013e-17
8467.793 1.918e-15
8468.670 1.013e-17
8469.547 1.013e-17
8470.423 1.014e-17
8471.300 1.014e-17
8472.177 1.014e-17
8473.053 1.013e-17
8473.930 1.013e-17
8474.807 1.012e-17
8475.683 1.012e-17
8476.560 1.010e-17
8477.437 1.010e-17
8478.313 1.010e-17
8479.190 1.009e-17
8480.067 1.008e-17
8480.943 1.008e-17
8481.820 1.007e-17
8482.697 1.007e-17
8483.573 1.006e-17
8484.450 1.006e-17
8485.327 1.005e-17
8486.203 1.005e-17
8487.080 1.004e-17
8487.957 1.003e-17
8488.833 1.003e-17
8489.710 1.002e-17
8490.587 9.995e-18
8491.463 1.001e-17
8492.340 1.001e-17
8493.217 1.001e-17
8494.093 9.928e-18
8494.970 1.003e-17
8495.847 1.020e-17
8496.723 1.725e-17
8497.600 1.005e-17
8498.477 1.006e-17
8499.353 1.296e-17
8500.230 1.011e-17
8501.107 1.008e-17
8501.983 1.009e-17
8502.860 1.010e-17
8503.737 1.011e-17
8504.613 1.012e-17
8505.490 1.740e-17
8506.367 1.014e-17
8507.243 1.015e-17
8508.120 1.009e-17
8508.997 1.016e-17
8509.873 1.017e-17
8510.750 1.018e-17
8511.627 1.019e-17
8512.503 1.019e-17
8513.380 1.019e-17
8514.257 9.992e-18
8515.133 1.019e-17
8516.010 1.019e-17
8516.887 1.019e-17
8517.763 1.018e-17
8518.640 1.018e-17
8519.517 1.018e-17
8520.393 1.018e-17
8521.270 1.017e-17
8522.147 1.015e-17
8523.023 1.029e-17
8523.900 1.017e-17
8524.777 1.017e-17
8525.653 1.017e-17
8526.530 1.017e-17
8527.407 1.016e-17
8528.283 1.016e-17
8529.160 1.016e-17
8530.037 1.016e-17
8530.913 1.016e-17
8531.790 1.015e-17
8532.667 1.015e-17
8533.543 1.014e-17
8534.420 1.012e-17
8535.297 1.011e-17
8536.173 1.010e-17
8537.050 1.005e-17
8537.927 1.007e-17
8538.803 1.001e-17
8539.680 1.005e-17
8540.557 1.004e-17
8541.433 1.002e-17
8542.310 9.988e-18
8543.187 9.852e-18
8544.063 9.986e-18
8544.940 9.974e-18
8545.817 9.961e-18
8546.693 9.949e-18
8547.570 9.936e-18
8548.447 9.911e-18
8549.323 9.910e-18
8550.200 9.899e-18
8551.077 9.885e-18
8551.953 9.865e-18
8552.830 9.877e-18
8553.707 9.910e-18
8554.583 9.935e-18
8555.460 9.960e-18
8556.337 9.982e-18
8557.213 1.000e-17
8558.090 1.004e-17
8558.967 1.006e-17
8559.843 1.009e-17
8560.720 1.011e-17
8561.597 1.014e-17
8562.473 1.016e-17
8563.350 1.019e-17
8564.227 1.021e-17
8565.103 1.024e-17
8565.980 1.026e-17
8566.857 1.029e-17
8567.733 1.031e-17
8568.610 1.034e-17
8569.487 1.036e-17
8570.363 1.039e-17
8571.240 1.041e-17
8572.117 1.044e-17
8572.993 1.044e-17
8573.870 1.044e-17
8574.747 1.045e-17
8575.623 1.044e-17
8576.500 1.045e-17
8577.377 1.045e-17
8578.253 1.045e-17
8579.130 1.045e-17
8580.007 3.266e-17
8580.883 1.045e-17
8581.760 1.045e-17
8582.637 1.045e-17
8583.513 1.044e-17
8584.390 1.045e-17
8585.267 1.045e-17
8586.143 1.045e-17
8587.020 1.044e-17
8587.897 1.044e-17
8588.773 1.044e-17
8589.650 1.044e-17
8590.527 1.044e-17
8591.403 1.044e-17
8592.280 1.044e-17
8593.157 1.044e-17
8594.033 1.044e-17
8594.910 1.044e-17
8595.787 1.044e-17
8596.663 1.045e-17
8597.540 1.044e-17
8598.417 1.045e-17
8599.293 1.045e-17
8600.170 1.045e-17
8601.047 1.045e-17
8601.923 1.045e-17
8602.800 1.045e-17
8603.677 1.046e-17
8604.553 1.046e-17
8605.430 1.046e-17
8606.307 1.046e-17
8607.183 1.046e-17
8608.060 1.045e-17
8608.937 1.046e-17
8609.813 1.046e-17
8610.690 2.181e-17
8611.567 1.047e-17
8612.443 1.047e-17
8613.320 1.047e-17
8614.197 1.047e-17
8615.073 1.047e-17
8615.950 1.047e-17
8616.827 1.091e-17
8617.703 1.048e-17
8618.580 1.048e-17
8619.457 2.083e-17
8620.333 1.048e-17
8621.210 1.048e-17
8622.087 1.048e-17
8622.963 1.049e-17
8623.840 5.256e-17
8624.717 1.049e-17
8625.593 1.049e-17
8626.470 1.049e-17
8627.347 1.049e-17
8628.223 1.050e-17
8629.100 1.050e-17
8629.977 1.050e-17
8630.853 1.050e-17
8631.730 1.373e-16
8632.607 1.050e-17
8633.483 1.050e-17
8634.360 1.050e-17
8635.237 1.049e-17
8636.113 1.049e-17
8636.990 1.049e-17
8637.867 1.048e-17
8638.743 1.048e-17
8639.620 1.047e-17
8640.497 1.047e-17
8641.373 1.047e-17
8642.250 1.046e-17
8643.127 1.046e-17
8644.003 1.046e-17
8644.880 1.045e-17
8645.757 1.045e-17
8646.633 1.045e-17
8647.510 1.044e-17
8648.387 1.044e-17
8649.263 4.073e-16
8650.140 1.043e-17
8651.017 1.043e-17
8651.893 1.043e-17
8652.770 8.218e-17
8653.647 5.967e-16
8654.523 1.039e-17
8655.400 1.038e-17
8656.277 1.036e-17
8657.153 1.035e-17
8658.030 1.034e-17
8658.907 1.032e-17
8659.783 1.031e-17
8660.660 1.029e-17
8661.537 7.321e-16
8662.413 1.027e-17
8663.290 1.025e-17
8664.167 1.024e-17
8665.043 1.023e-17
8665.920 1.021e-17
8666.797 1.020e-17
8667.673 1.018e-17
8668.550 1.017e-17
8669.427 1.016e-17
8670.303 1.661e-17
8671.180 1.013e-17
8672.057 1.012e-17
8672.933 1.012e-17
8673.810 1.013e-17
8674.687 1.015e-17
8675.563 1.016e-17
8676.440 1.018e-17
8677.317 1.019e-17
8678.193 1.021e-17
8679.070 1.022e-17
8679.947 1.024e-17
8680.823 1.025e-17
8681.700 1.027e-17
8682.577 1.393e-16
8683.453 1.030e-17
8684.330 1.031e-17
8685.207 1.032e-17
8686.083 1.034e-17
8686.960 1.035e-17
8687.837 1.037e-17
8688.713 1.038e-17
8689.590 4.909e-17
8690.467 1.041e-17
8691.343 1.042e-17
8692.220 1.044e-17
8693.097 1.044e-17
8693.973 1.044e-17
8694.850 1.044e-17
8695.727 1.370e-17
8696.603 1.043e-17
8697.480 1.043e-17
8698.357 1.043e-17
8699.233 1.043e-17
8700.110 1.043e-17
8700.987 1.042e-17
8701.863 1.042e-17
8702.740 1.042e-17
8703.617 1.042e-17
8704.493 1.395e-17
8705.370 1.042e-17
8706.247 1.042e-17
8707.123 1.042e-17
8708.000 3.610e-17
8708.877 1.042e-17
8709.753 1.042e-17
8710.630 1.041e-17
8711.507 1.042e-17
8712.383 1.042e-17
8713.260 1.042e-17
8714.137 1.041e-17
8715.013 1.041e-17
8715.890 1.041e-17
8716.767 1.041e-17
8717.643 1.041e-17
8718.520 1.041e-17
8719.397 1.041e-17
8720.273 1.041e-17
8721.150 1.625e-17
8722.027 1.041e-17
8722.903 1.041e-17
8723.780 1.041e-17
8724.657 1.041e-17
8725.533 1.041e-17
8726.410 1.041e-17
8727.287 1.041e-17
8728.163 1.041e-17
8729.040 1.487e-17
8729.917 1.042e-17
8730.793 1.042e-17
8731.670 1.042e-17
8732.547 1.042e-17
8733.423 1.042e-17
8734.300 1.042e-17
8735.177 1.042e-17
8736.053 1.042e-17
8736.930 1.043e-17
8737.807 1.043e-17
8738.683 1.043e-17
8739.560 1.043e-17
8740.437 1.043e-17
8741.313 1.043e-17
8742.190 1.043e-17
8743.067 1.667e-17
8743.943 1.044e-17
8744.820 1.044e-17
8745.697 1.044e-17
8746.573 1.044e-17
8747.450 1.044e-17
8748.327 1.044e-17
8749.203 1.044e-17
8750.080 1.044e-17
8750.957 1.044e-17
8751.833 1.045e-17
8752.710 2.174e-17
8753.587 1.045e-17
8754.463 1.045e-17
8755.340 1.045e-17
8756.217 1.045e-17
8757.093 1.045e-17
8757.970 1.045e-17
8758.847 1.046e-17
8759.723 1.046e-17
8760.600 1.046e-17
8761.477 1.046e-17
8762.353 1.046e-17
8763.230 1.046e-17
8764.107 8.009e-17
8764.983 1.045e-17
8765.860 1.045e-17
8766.737 1.045e-17
8767.613 1.044e-17
8768.490 1.044e-17
8769.367 1.044e-17
8770.243 1.030e-15
8771.120 1.043e-17
8771.997 1.043e-17
8772.873 1.124e-17
8773.750 1.042e-17
8774.627 1.042e-17
8775.503 1.042e-17
8776.380 1.041e-17
8777.257 1.041e-17
8778.133 1.041e-17
8779.010 1.040e-17
8779.887 1.040e-17
8780.763 4.215e-15
8781.640 1.040e-17
8782.517 1.037e-17
8783.393 1.039e-17
8784.270 1.040e-17
8785.147 1.040e-17
8786.023 1.040e-17
8786.900 1.040e-17
8787.777 1.040e-17
8788.653 1.040e-17
8789.530 1.040e-17
8790.407 1.040e-17
8791.283 1.040e-17
8792.160 1.040e-17
8793.037 1.041e-17
8793.913 1.041e-17
8794.790 1.039e-17
8795.667 1.041e-17
8796.543 1.041e-17
8797.420 1.041e-17
8798.297 1.041e-17
8799.173 1.041e-17
8800.050 1.041e-17
8800.927 1.041e-17
8801.803 1.041e-17
8802.680 1.041e-17
8803.557 1.041e-17
8804.433 1.873e-17
8805.310 1.041e-17
8806.187 1.041e-17
8807.063 1.041e-17
8807.940 1.041e-17
8808.817 1.041e-17
8809.693 1.041e-17
8810.570 1.041e-17
8811.447 1.040e-17
8812.323 1.040e-17
8813.200 1.040e-17
8814.077 1.034e-17
8814.953 1.040e-17
8815.830 1.040e-17
8816.707 1.040e-17
8817.583 1.040e-17
8818.460 1.040e-17
8819.337 1.039e-17
8820.213 1.039e-17
8821.090 1.039e-17
8821.967 1.039e-17
8822.843 1.038e-17
8823.720 1.039e-17
8824.597 1.039e-17
8825.473 1.040e-17
8826.350 1.040e-17
8827.227 1.040e-17
8828.103 1.041e-17
8828.980 1.041e-17
8829.857 1.041e-17
8830.733 1.041e-17
8831.610 1.042e-17
8832.487 1.042e-17
8833.363 1.042e-17
8834.240 1.042e-17
8835.117 1.043e-17
8835.993 3.880e-17
8836.870 1.349e-17
8837.747 1.043e-17
8838.623 1.044e-17
8839.500 1.044e-17
8840.377 1.044e-17
8841.253 1.044e-17
8842.130 1.045e-17
8843.007 1.045e-17
8843.883 1.044e-17
8844.760 1.044e-17
8845.637 1.044e-17
8846.513 1.044e-17
8847.390 1.044e-17
8848.267 1.043e-17
8849.143 1.043e-17
8850.020 1.043e-17
8850.897 1.043e-17
8851.773 1.043e-17
8852.650 1.042e-17
8853.527 1.042e-17
8854.403 1.042e-17
8855.280 1.042e-17
8856.157 1.042e-17
8857.033 1.041e-17
8857.910 1.041e-17
8858.787 1.041e-17
8859.663 1.033e-17
8860.540 1.040e-17
8861.417 1.038e-17
8862.293 1.208e-17
8863.170 1.171e-17
8864.047 2.341e-17
8864.923 3.321e-17
8865.800 5.514e-17
8866.677 1.040e-17
8867.553 1.040e-17
8868.430 1.040e-17
8869.307 1.050e-17
8870.183 1.041e-17
8871.060 1.041e-17
8871.937 1.041e-17
8872.813 1.041e-17
8873.690 1.041e-17
8874.567 1.041e-17
8875.443 1.041e-17
8876.320 1.041e-17
8877.197 1.041e-17
8878.073 1.041e-17
8878.950 1.041e-17
8879.827 1.041e-17
8880.703 1.041e-17
8881.580 1.037e-17
8882.457 1.041e-17
8883.333 1.042e-17
8884.210 1.041e-17
8885.087 1.042e-17
8885.963 1.042e-17
8886.840 1.042e-17
8887.717 1.042e-17
8888.593 1.042e-17
8889.470 1.041e-17
8890.347 1.041e-17
8891.223 1.158e-17
8892.100 1.041e-17
8892.977 1.041e-17
8893.853 1.041e-17
8894.730 1.041e-17
8895.607 1.041e-17
8896.483 1.041e-17
8897.360 1.041e-17
8898.237 1.041e-17
8899.113 1.321e-17
8899.990 1.041e-17
8900.867 1.041e-17
8901.743 1.041e-17
8902.620 1.041e-17
8903.497 1.041e-17
8904.373 1.041e-17
8905.250 1.041e-17
8906.127 1.041e-17
8907.003 1.041e-17
8907.880 1.040e-17
8908.757 1.040e-17
8909.633 1.036e-17
8910.510 1.040e-17
8911.387 1.040e-17
8912.263 1.040e-17
8913.140 1.040e-17
8914.017 1.040e-17
8914.893 1.040e-17
8915.770 1.040e-17
8916.647 1.039e-17
8917.523 1.039e-17
8918.400 1.032e-17
8919.277 1.615e-17
8920.153 1.035e-17
8921.030 1.039e-17
8921.907 1.036e-17
8922.783 1.038e-17
8923.660 1.039e-17
8924.537 1.039e-17
8925.413 1.039e-17
8926.290 1.039e-17
8927.167 1.037e-17
8928.043 1.039e-17
8928.920 1.039e-17
8929.797 1.095e-17
8930.673 1.299e-17
8931.550 1.485e-17
8932.427 1.035e-17
8933.303 1.037e-17
8934.180 1.155e-17
8935.057 1.039e-17
8935.933 1.039e-17
8936.810 1.531e-17
8937.687 1.041e-17
8938.563 1.040e-17
8939.440 1.040e-17
8940.317 1.040e-17
8941.193 1.040e-17
8942.070 1.040e-17
8942.947 1.025e-17
8943.823 1.093e-17
8944.700 1.012e-17
8945.577 1.041e-17
8946.453 1.040e-17
8947.330 1.041e-17
8948.207 1.040e-17
8949.083 1.030e-17
8949.960 1.491e-17
8950.837 1.038e-17
8951.713 1.040e-17
8952.590 1.041e-17
8953.467 1.040e-17
8954.343 1.020e-17
8955.220 1.041e-17
8956.097 1.041e-17
8956.973 1.025e-17
8957.850 1.034e-17
8958.727 1.042e-17
8959.603 1.042e-17
8960.480 3.902e-16
8961.357 1.041e-17
8962.233 1.043e-17
8963.110 1.035e-17
8963.987 1.038e-17
8964.863 8.487e-18
8965.740 1.054e-17
8966.617 1.038e-17
8967.493 2.056e-17
8968.370 1.029e-17
8969.247 1.033e-17
8970.123 1.039e-17
8971.000 1.792e-17
8971.877 1.704e-17
8972.753 1.037e-17
8973.630 9.722e-17
8974.507 1.027e-17
8975.383 9.478e-18
8976.260 1.150e-17
8977.137 9.274e-18
8978.013 1.060e-17
8978.890 9.502e-18
8979.767 1.035e-17
8980.643 1.035e-17
8981.520 1.034e-17
8982.397 1.026e-17
8983.273 9.632e-18
8984.150 1.030e-17
8985.027 1.034e-17
8985.903 1.034e-17
8986.780 1.027e-17
8987.657 1.033e-17
8988.533 1.025e-17
8989.410 1.473e-17
8990.287 9.195e-18
8991.163 1.020e-17
8992.040 9.618e-18
8992.917 1.003e-17
8993.793 9.923e-18
8994.670 9.803e-18
8995.547 1.953e-17
8996.423 1.031e-17
8997.300 1.033e-17
8998.177 1.033e-17
8999.053 1.033e-17
8999.930 1.033e-17
9000.807 1.032e-17
9001.683 1.029e-17
9002.560 8.790e-18
9003.437 9.979e-18
9004.313 1.031e-17
9005.190 1.030e-17
9006.067 6.597e-18
9006.943 1.026e-17
9007.820 1.032e-17
9008.697 1.032e-17
9009.573 9.019e-18
9010.450 1.005e-17
9011.327 1.024e-17
9012.203 1.033e-17
9013.080 1.033e-17
9013.957 1.013e-17
9014.833 1.022e-17
9015.710 1.032e-17
9016.587 1.034e-17
9017.463 1.031e-17
9018.340 1.024e-17
9019.217 3.816e-18
9020.093 1.024e-17
9020.970 1.031e-17
9021.847 1.034e-17
9022.723 1.026e-17
9023.600 1.033e-17
9024.477 1.024e-17
9025.353 9.585e-18
9026.230 1.031e-17
9027.107 1.024e-17
9027.983 9.973e-18
9028.860 1.009e-17
9029.737 1.032e-17
9030.613 1.033e-17
9031.490 1.903e-17
9032.367 1.032e-17
9033.243 1.031e-17
9034.120 1.007e-17
9034.997 1.032e-17
9035.873 1.033e-17
9036.750 1.033e-17
9037.627 1.030e-17
9038.503 1.033e-17
9039.380 1.033e-17
9040.257 1.033e-17
9041.133 1.033e-17
9042.010 1.032e-17
9042.887 1.030e-17
9043.763 1.026e-17
9044.640 1.008e-17
9045.517 1.005e-17
9046.393 1.032e-17
9047.270 1.033e-17
9048.147 1.033e-17
9049.023 1.033e-17
9049.900 9.371e-18
9050.777 1.031e-17
9051.653 5.319e-16
9052.530 1.033e-17
9053.407 1.025e-17
9054.283 1.032e-17
9055.160 1.012e-17
9056.037 1.028e-17
9056.913 1.031e-17
9057.790 1.034e-17
9058.667 1.034e-17
9059.543 1.878e-17
9060.420 1.033e-17
9061.297 1.034e-17
9062.173 1.032e-17
9063.050 9.335e-18
9063.927 1.030e-17
9064.803 1.026e-17
9065.680 1.027e-17
9066.557 8.191e-18
9067.433 1.031e-17
9068.310 1.028e-17
9069.187 1.031e-17
9070.063 1.016e-17
9070.940 2.069e-17
9071.817 9.128e-18
9072.693 1.025e-17
9073.570 1.023e-17
9074.447 2.387e-18
9075.323 1.020e-17
9076.200 1.022e-17
9077.077 1.179e-17
9077.953 1.026e-17
9078.830 1.135e-17
9079.707 1.027e-17
9080.583 1.024e-17
9081.460 9.137e-18
9082.337 5.511e-18
9083.213 1.005e-17
9084.090 9.896e-18
9084.967 1.024e-17
9085.843 1.021e-17
9086.720 1.026e-17
9087.597 1.020e-17
9088.473 1.020e-17
9089.350 8.512e-18
9090.227 1.019e-17
9091.103 1.026e-17
9091.980 1.023e-17
9092.857 1.767e-17
9093.733 1.383e-17
9094.610 1.065e-17
9095.487 1.023e-17
9096.363 8.672e-18
9097.240 1.024e-17
9098.117 1.021e-17
9098.993 1.029e-17
9099.870 1.210e-17
9100.747 9.932e-18
9101.623 1.019e-17
9102.500 9.500e-18
