4500.000 5.943e-18
4500.877 5.956e-18
4501.753 5.969e-18
4502.630 5.982e-18
4503.507 5.995e-18
4504.383 6.008e-18
4505.260 6.021e-18
4506.137 6.034e-18
4507.013 6.033e-18
4507.890 6.027e-18
4508.767 6.022e-18
4509.643 6.017e-18
4510.520 6.012e-18
4511.397 6.006e-18
4512.273 6.001e-18
4513.150 5.996e-18
4514.027 5.991e-18
4514.903 5.986e-18
4515.780 5.980e-18
4516.657 5.969e-18
4517.533 5.948e-18
4518.410 5.927e-18
4519.287 5.906e-18
4520.163 5.884e-18
4521.040 5.863e-18
4521.917 5.842e-18
4522.793 5.821e-18
4523.670 5.800e-18
4524.547 5.779e-18
4525.423 5.758e-18
4526.300 5.738e-18
4527.177 5.740e-18
4528.053 5.742e-18
4528.930 5.745e-18
4529.807 5.819e-18
4530.683 5.750e-18
4531.560 5.753e-18
4532.437 5.755e-18
4533.313 5.758e-18
4534.190 5.760e-18
4535.067 5.763e-18
4535.943 5.765e-18
4536.820 5.767e-18
4537.697 5.767e-18
4538.573 5.767e-18
4539.450 5.767e-18
4540.327 5.767e-18
4541.203 5.767e-18
4542.080 5.767e-18
4542.957 1.605e-17
4543.833 5.768e-18
4544.710 5.768e-18
4545.587 9.363e-18
4546.463 5.769e-18
4547.340 5.775e-18
4548.217 5.780e-18
4549.093 5.786e-18
4549.970 5.791e-18
4550.847 5.797e-18
4551.723 5.803e-18
4552.600 5.809e-18
4553.477 5.815e-18
4554.353 9.244e-18
4555.230 5.826e-18
4556.107 5.832e-18
4556.983 5.837e-18
4557.860 5.841e-18
4558.737 5.845e-18
4559.613 5.850e-18
4560.490 5.854e-18
4561.367 5.858e-18
4562.243 5.863e-18
4563.120 5.867e-18
4563.997 5.871e-18
4564.873 5.875e-18
4565.750 5.880e-18
4566.627 5.883e-18
4567.503 5.885e-18
4568.380 5.887e-18
4569.257 7.503e-18
4570.133 5.891e-18
4571.010 5.893e-18
4571.887 5.895e-18
4572.763 5.897e-18
4573.640 5.899e-18
4574.517 5.901e-18
4575.393 5.902e-18
4576.270 5.904e-18
4577.147 5.889e-18
4578.023 5.873e-18
4578.900 5.857e-18
4579.777 5.841e-18
4580.653 5.825e-18
4581.530 5.809e-18
4582.407 5.794e-18
4583.283 5.778e-18
4584.160 6.521e-18
4585.037 5.746e-18
4585.913 5.730e-18
4586.790 5.726e-18
4587.667 5.729e-18
4588.543 5.733e-18
4589.420 5.737e-18
4590.297 5.740e-18
4591.173 5.744e-18
4592.050 5.748e-18
4592.927 5.751e-18
4593.803 5.755e-18
4594.680 5.759e-18
4595.557 5.762e-18
4596.433 5.766e-18
4597.310 5.769e-18
4598.187 5.772e-18
4599.063 5.774e-18
4599.940 5.777e-18
4600.817 5.780e-18
4601.693 5.783e-18
4602.570 5.785e-18
4603.447 5.788e-18
4604.323 5.791e-18
4605.200 5.793e-18
4606.077 5.796e-18
4606.953 5.797e-18
4607.830 5.798e-18
4608.707 5.799e-18
4609.583 5.799e-18
4610.460 5.800e-18
4611.337 5.801e-18
4612.213 5.802e-18
4613.090 5.803e-18
4613.967 5.803e-18
4614.843 5.804e-18
4615.720 5.805e-18
4616.597 5.807e-18
4617.473 5.812e-18
4618.350 5.817e-18
4619.227 5.822e-18
4620.103 5.826e-18
4620.980 5.831e-18
4621.857 5.836e-18
4622.733 5.840e-18
4623.610 5.845e-18
4624.487 5.850e-18
4625.363 5.855e-18
4626.240 5.859e-18
4627.117 5.852e-18
4627.993 5.844e-18
4628.870 5.836e-18
4629.747 5.827e-18
4630.623 5.819e-18
4631.500 5.811e-18
4632.377 5.803e-18
4633.253 5.795e-18
4634.130 5.787e-18
4635.007 5.779e-18
4635.883 5.771e-18
4636.760 5.763e-18
4637.637 5.754e-18
4638.513 5.746e-18
4639.390 5.738e-18
4640.267 5.730e-18
4641.143 5.722e-18
4642.020 5.714e-18
4642.897 5.706e-18
4643.773 5.698e-18
4644.650 5.690e-18
4645.527 5.682e-18
4646.403 5.676e-18
4647.280 5.682e-18
4648.157 5.689e-18
4649.033 5.696e-18
4649.910 5.703e-18
4650.787 5.709e-18
4651.663 5.716e-18
4652.540 5.723e-18
4653.417 5.729e-18
4654.293 5.736e-18
4655.170 5.743e-18
4656.047 5.749e-18
4656.923 5.741e-18
4657.800 5.727e-18
4658.677 5.714e-18
4659.553 5.701e-18
4660.430 5.688e-18
4661.307 5.675e-18
4662.183 5.662e-18
4663.060 5.650e-18
4663.937 5.637e-18
4664.813 5.624e-18
4665.690 5.611e-18
4666.567 5.606e-18
4667.443 5.617e-18
4668.320 5.629e-18
4669.197 5.640e-18
4670.073 5.652e-18
4670.950 5.664e-18
4671.827 5.675e-18
4672.703 5.687e-18
4673.580 8.250e-18
4674.457 5.710e-18
4675.333 5.722e-18
4676.210 5.733e-18
4677.087 1.743e-17
4677.963 5.731e-18
4678.840 5.730e-18
4679.717 5.728e-18
4680.593 5.727e-18
4681.470 5.725e-18
4682.347 5.723e-18
4683.223 5.722e-18
4684.100 5.721e-18
4684.977 5.719e-18
4685.853 5.717e-18
4686.730 5.717e-18
4687.607 5.717e-18
4688.483 5.718e-18
4689.360 5.718e-18
4690.237 5.718e-18
4691.113 5.718e-18
4691.990 5.718e-18
4692.867 5.719e-18
4693.743 5.719e-18
4694.620 5.720e-18
4695.497 5.720e-18
4696.373 5.719e-18
4697.250 5.707e-18
4698.127 5.693e-18
4699.003 5.683e-18
4699.880 5.670e-18
4700.757 5.658e-18
4701.633 5.646e-18
4702.510 5.634e-18
4703.387 5.622e-18
4704.263 5.610e-18
4705.140 5.598e-18
4706.017 5.586e-18
4706.893 5.593e-18
4707.770 5.611e-18
4708.647 5.628e-18
4709.523 5.645e-18
4710.400 5.662e-18
4711.277 5.679e-18
4712.153 5.696e-18
4713.030 5.714e-18
4713.907 5.731e-18
4714.783 5.748e-18
4715.660 5.766e-18
4716.537 5.779e-18
4717.413 5.782e-18
4718.290 5.786e-18
4719.167 5.790e-18
4720.043 5.793e-18
4720.920 5.797e-18
4721.797 5.800e-18
4722.673 5.804e-18
4723.550 5.808e-18
4724.427 5.811e-18
4725.303 5.815e-18
4726.180 5.819e-18
4727.057 5.815e-18
4727.933 5.810e-18
4728.810 5.805e-18
4729.687 5.800e-18
4730.563 5.793e-18
4731.440 5.790e-18
4732.317 5.785e-18
4733.193 5.780e-18
4734.070 5.775e-18
4734.947 5.770e-18
4735.823 5.765e-18
4736.700 5.766e-18
4737.577 5.774e-18
4738.453 5.782e-18
4739.330 5.789e-18
4740.207 5.797e-18
4741.083 5.805e-18
4741.960 5.813e-18
4742.837 5.820e-18
4743.713 5.828e-18
4744.590 5.836e-18
4745.467 5.843e-18
4746.343 5.850e-18
4747.220 5.847e-18
4748.097 5.843e-18
4748.973 5.839e-18
4749.850 5.836e-18
4750.727 5.832e-18
4751.603 5.828e-18
4752.480 5.823e-18
4753.357 5.819e-18
4754.233 5.815e-18
4755.110 5.810e-18
4755.987 5.806e-18
4756.863 5.800e-18
4757.740 5.793e-18
4758.617 5.786e-18
4759.493 5.778e-18
4760.370 5.771e-18
4761.247 5.764e-18
4762.123 5.756e-18
4763.000 5.749e-18
4763.877 5.742e-18
4764.753 5.735e-18
4765.630 5.728e-18
4766.507 5.726e-18
4767.383 5.740e-18
4768.260 5.754e-18
4769.137 5.768e-18
4770.013 5.782e-18
4770.890 5.796e-18
4771.767 5.811e-18
4772.643 5.825e-18
4773.520 5.839e-18
4774.397 5.854e-18
4775.273 5.868e-18
4776.150 5.883e-18
4777.027 5.880e-18
4777.903 5.873e-18
4778.780 5.865e-18
4779.657 5.858e-18
4780.533 5.851e-18
4781.410 5.844e-18
4782.287 5.837e-18
4783.163 5.830e-18
4784.040 5.823e-18
4784.917 5.816e-18
4785.793 5.809e-18
4786.670 5.809e-18
4787.547 5.818e-18
4788.423 5.826e-18
4789.300 5.835e-18
4790.177 5.844e-18
4791.053 5.853e-18
4791.930 5.861e-18
4792.807 5.870e-18
4793.683 5.879e-18
4794.560 5.888e-18
4795.437 5.896e-18
4796.313 5.905e-18
4797.190 5.901e-18
4798.067 5.897e-18
4798.943 5.893e-18
4799.820 5.889e-18
4800.697 5.884e-18
4801.573 5.878e-18
4802.450 5.872e-18
4803.327 5.866e-18
4804.203 5.861e-18
4805.080 5.855e-18
4805.957 5.849e-18
4806.833 5.850e-18
4807.710 5.856e-18
4808.587 5.861e-18
4809.463 5.867e-18
4810.340 5.872e-18
4811.217 5.878e-18
4812.093 5.883e-18
4812.970 9.387e-18
4813.847 7.472e-18
4814.723 5.900e-18
4815.600 5.905e-18
4816.477 5.909e-18
4817.353 5.900e-18
4818.230 5.892e-18
4819.107 5.883e-18
4819.983 5.874e-18
4820.860 5.865e-18
4821.737 5.856e-18
4822.613 5.847e-18
4823.490 5.838e-18
4824.367 5.829e-18
4825.243 1.048e-17
4826.120 6.224e-18
4826.997 5.808e-18
4827.873 5.806e-18
4828.750 5.805e-18
4829.627 5.803e-18
4830.503 5.802e-18
4831.380 5.800e-18
4832.257 5.799e-18
4833.133 5.797e-18
4834.010 5.796e-18
4834.887 5.795e-18
4835.763 5.793e-18
4836.640 5.790e-18
4837.517 5.783e-18
4838.393 5.776e-18
4839.270 5.769e-18
4840.147 5.762e-18
4841.023 5.755e-18
4841.900 5.748e-18
4842.777 5.741e-18
4843.653 5.734e-18
4844.530 5.727e-18
4845.407 5.720e-18
4846.283 5.713e-18
4847.160 5.696e-18
4848.037 5.679e-18
4848.913 5.661e-18
4849.790 5.643e-18
4850.667 5.627e-18
4851.543 5.611e-18
4852.420 5.595e-18
4853.297 5.578e-18
4854.173 5.562e-18
4855.050 5.546e-18
4855.927 5.530e-18
4856.803 5.510e-18
4857.680 5.486e-18
4858.557 5.461e-18
4859.433 5.437e-18
4860.310 5.413e-18
4861.187 5.388e-18
4862.063 5.364e-18
4862.940 5.340e-18
4863.817 5.315e-18
4864.693 5.291e-18
4865.570 5.266e-18
4866.447 5.244e-18
4867.323 5.269e-18
4868.200 5.294e-18
4869.077 5.318e-18
4869.953 5.343e-18
4870.830 5.367e-18
4871.707 5.391e-18
4872.583 5.416e-18
4873.460 5.440e-18
4874.337 5.465e-18
4875.213 5.490e-18
4876.090 5.514e-18
4876.967 5.529e-18
4877.843 5.539e-18
4878.720 5.549e-18
4879.597 5.559e-18
4880.473 5.569e-18
4881.350 5.578e-18
4882.227 5.588e-18
4883.103 5.598e-18
4883.980 1.189e-17
4884.857 5.617e-18
4885.733 5.627e-18
4886.610 5.636e-18
4887.487 5.641e-18
4888.363 5.646e-18
4889.240 5.652e-18
4890.117 5.656e-18
4890.993 5.662e-18
4891.870 5.667e-18
4892.747 5.673e-18
4893.623 5.678e-18
4894.500 5.683e-18
4895.377 5.688e-18
4896.253 5.693e-18
4897.130 5.699e-18
4898.007 5.704e-18
4898.883 5.709e-18
4899.760 5.715e-18
4900.637 5.720e-18
4901.513 5.725e-18
4902.390 5.730e-18
4903.267 5.735e-18
4904.143 5.740e-18
4905.020 5.745e-18
4905.897 5.750e-18
4906.773 5.747e-18
4907.650 5.733e-18
4908.527 5.720e-18
4909.403 5.706e-18
4910.280 5.692e-18
4911.157 5.678e-18
4912.033 5.664e-18
4912.910 5.651e-18
4913.787 5.637e-18
4914.663 5.623e-18
4915.540 5.609e-18
4916.417 5.596e-18
4917.293 5.595e-18
4918.170 5.595e-18
4919.047 5.594e-18
4919.923 5.594e-18
4920.800 5.593e-18
4921.677 5.593e-18
4922.553 5.592e-18
4923.430 5.591e-18
4924.307 5.591e-18
4925.183 5.590e-18
4926.060 5.590e-18
4926.937 5.589e-18
4927.813 5.587e-18
4928.690 5.586e-18
4929.567 5.584e-18
4930.443 5.583e-18
4931.320 5.581e-18
4932.197 5.580e-18
4933.073 5.578e-18
4933.950 5.577e-18
4934.827 5.575e-18
4935.703 5.574e-18
4936.580 5.577e-18
4937.457 5.596e-18
4938.333 5.616e-18
4939.210 3.161e-17
4940.087 5.656e-18
4940.963 5.675e-18
4941.840 5.695e-18
4942.717 5.715e-18
4943.593 5.735e-18
4944.470 5.754e-18
4945.347 5.774e-18
4946.223 5.794e-18
4947.100 5.785e-18
4947.977 5.769e-18
4948.853 5.752e-18
4949.730 5.736e-18
4950.607 5.719e-18
4951.483 5.702e-18
4952.360 5.685e-18
4953.237 5.668e-18
4954.113 5.652e-18
4954.990 5.635e-18
4955.867 5.618e-18
4956.743 5.611e-18
4957.620 5.621e-18
4958.497 5.631e-18
4959.373 5.641e-18
4960.250 5.650e-18
4961.127 5.660e-18
4962.003 5.670e-18
4962.880 5.679e-18
4963.757 5.689e-18
4964.633 7.933e-18
4965.510 5.708e-18
4966.387 5.718e-18
4967.263 5.717e-18
4968.140 5.716e-18
4969.017 5.715e-18
4969.893 5.714e-18
4970.770 5.713e-18
4971.647 5.712e-18
4972.523 5.711e-18
4973.400 5.710e-18
4974.277 5.709e-18
4975.153 5.708e-18
4976.030 5.706e-18
4976.907 5.695e-18
4977.783 5.675e-18
4978.660 5.656e-18
4979.537 5.637e-18
4980.413 5.617e-18
4981.290 5.598e-18
4982.167 5.578e-18
4983.043 5.559e-18
4983.920 5.540e-18
4984.797 5.520e-18
4985.673 5.501e-18
4986.550 5.487e-18
4987.427 5.498e-18
4988.303 5.509e-18
4989.180 5.520e-18
4990.057 5.531e-18
4990.933 5.542e-18
4991.810 5.553e-18
4992.687 5.564e-18
4993.563 5.575e-18
4994.440 5.586e-18
4995.317 5.597e-18
4996.193 5.609e-18
4997.070 5.600e-18
4997.947 5.585e-18
4998.823 5.570e-18
4999.700 5.555e-18
5000.577 5.541e-18
5001.453 5.527e-18
5002.330 5.512e-18
5003.207 5.498e-18
5004.083 5.484e-18
5004.960 5.469e-18
5005.837 9.180e-18
5006.713 5.444e-18
5007.590 5.438e-18
5008.467 5.431e-18
5009.343 5.425e-18
5010.220 5.419e-18
5011.097 5.413e-18
5011.973 5.407e-18
5012.850 5.400e-18
5013.727 5.394e-18
5014.603 5.388e-18
5015.480 5.382e-18
5016.357 5.375e-18
5017.233 5.384e-18
5018.110 5.391e-18
5018.987 5.402e-18
5019.863 5.411e-18
5020.740 5.419e-18
5021.617 5.428e-18
5022.493 5.438e-18
5023.370 5.447e-18
5024.247 5.456e-18
5025.123 5.465e-18
5026.000 5.468e-18
5026.877 5.480e-18
5027.753 5.484e-18
5028.630 5.488e-18
5029.507 5.491e-18
5030.383 5.495e-18
5031.260 5.500e-18
5032.137 5.504e-18
5033.013 5.508e-18
5033.890 5.512e-18
5034.767 5.516e-18
5035.643 5.517e-18
5036.520 5.522e-18
5037.397 5.514e-18
5038.273 5.505e-18
5039.150 5.460e-18
5040.027 5.488e-18
5040.903 5.475e-18
5041.780 5.471e-18
5042.657 5.463e-18
5043.533 5.437e-18
5044.410 5.439e-18
5045.287 5.434e-18
5046.163 5.430e-18
5047.040 5.437e-18
5047.917 5.452e-18
5048.793 5.465e-18
5049.670 5.480e-18
5050.547 5.495e-18
5051.423 5.508e-18
5052.300 5.523e-18
5053.177 5.537e-18
5054.053 5.550e-18
5054.930 5.565e-18
5055.807 5.579e-18
5056.683 5.586e-18
5057.560 5.582e-18
5058.437 5.578e-18
5059.313 5.574e-18
5060.190 5.570e-18
5061.067 5.565e-18
5061.943 5.561e-18
5062.820 5.556e-18
5063.697 5.550e-18
5064.573 5.548e-18
5065.450 5.543e-18
5066.327 5.539e-18
5067.203 5.530e-18
5068.080 5.524e-18
5068.957 5.517e-18
5069.833 5.510e-18
5070.710 5.503e-18
5071.587 5.486e-18
5072.463 5.487e-18
5073.340 5.482e-18
5074.217 5.470e-18
5075.093 5.467e-18
5075.970 5.461e-18
5076.847 5.458e-18
5077.723 5.455e-18
5078.600 5.460e-18
5079.477 5.461e-18
5080.353 5.460e-18
5081.230 5.462e-18
5082.107 5.464e-18
5082.983 5.464e-18
5083.860 5.466e-18
5084.737 5.467e-18
5085.613 5.462e-18
5086.490 5.469e-18
5087.367 5.468e-18
5088.243 5.467e-18
5089.120 5.466e-18
5089.997 5.465e-18
5090.873 5.464e-18
5091.750 5.463e-18
5092.627 5.463e-18
5093.503 5.461e-18
5094.380 5.461e-18
5095.257 5.457e-18
5096.133 5.459e-18
5097.010 5.461e-18
5097.887 5.464e-18
5098.763 5.467e-18
5099.640 5.470e-18
5100.517 5.474e-18
5101.393 5.479e-18
5102.270 5.483e-18
5103.147 5.485e-18
5104.023 5.493e-18
5104.900 5.497e-18
5105.777 5.502e-18
5106.653 5.508e-18
5107.530 5.515e-18
5108.407 5.522e-18
5109.283 5.529e-18
5110.160 5.535e-18
5111.037 5.542e-18
5111.913 5.549e-18
5112.790 5.556e-18
5113.667 5.563e-18
5114.543 5.570e-18
5115.420 5.577e-18
5116.297 5.584e-18
5117.173 5.571e-18
5118.050 5.556e-18
5118.927 5.542e-18
5119.803 5.527e-18
5120.680 5.513e-18
5121.557 5.498e-18
5122.433 5.483e-18
5123.310 5.469e-18
5124.187 5.453e-18
5125.063 5.439e-18
5125.940 5.425e-18
5126.817 5.417e-18
5127.693 5.417e-18
5128.570 5.417e-18
5129.447 5.417e-18
5130.323 5.417e-18
5131.200 5.418e-18
5132.077 5.418e-18
5132.953 5.418e-18
5133.830 5.418e-18
5134.707 5.418e-18
5135.583 5.418e-18
5136.460 5.418e-18
5137.337 5.421e-18
5138.213 5.423e-18
5139.090 5.425e-18
5139.967 5.428e-18
5140.843 5.430e-18
5141.720 5.432e-18
5142.597 5.435e-18
5143.473 5.437e-18
5144.350 5.440e-18
5145.227 5.442e-18
5146.103 5.444e-18
5146.980 5.448e-18
5147.857 5.451e-18
5148.733 5.455e-18
5149.610 5.459e-18
5150.487 5.463e-18
5151.363 5.467e-18
5152.240 5.471e-18
5153.117 5.476e-18
5153.993 5.480e-18
5154.870 5.484e-18
5155.747 5.488e-18
5156.623 5.484e-18
5157.500 5.458e-18
5158.377 5.431e-18
5159.253 5.404e-18
5160.130 5.377e-18
5161.007 5.351e-18
5161.883 5.324e-18
5162.760 5.297e-18
5163.637 5.271e-18
5164.513 5.244e-18
5165.390 5.217e-18
5166.267 5.191e-18
5167.143 5.193e-18
5168.020 5.201e-18
5168.897 5.209e-18
5169.773 5.217e-18
5170.650 5.224e-18
5171.527 5.232e-18
5172.403 5.240e-18
5173.280 5.248e-18
5174.157 5.256e-18
5175.033 5.264e-18
5175.910 5.271e-18
5176.787 5.272e-18
5177.663 5.265e-18
5178.540 5.257e-18
5179.417 5.250e-18
5180.293 5.242e-18
5181.170 5.234e-18
5182.047 5.227e-18
5182.923 5.219e-18
5183.800 5.211e-18
5184.677 5.204e-18
5185.553 5.196e-18
5186.430 5.190e-18
5187.307 5.211e-18
5188.183 5.233e-18
5189.060 5.255e-18
5189.937 5.276e-18
5190.813 5.298e-18
5191.690 5.320e-18
5192.567 5.341e-18
5193.443 5.363e-18
5194.320 5.385e-18
5195.197 5.406e-18
5196.073 5.428e-18
5196.950 5.439e-18
5197.827 5.441e-18
5198.703 5.442e-18
5199.580 5.443e-18
5200.457 5.445e-18
5201.333 5.446e-18
5202.210 5.448e-18
5203.087 5.449e-18
5203.963 5.451e-18
5204.840 5.452e-18
5205.717 5.453e-18
5206.593 5.456e-18
5207.470 5.466e-18
5208.347 5.476e-18
5209.223 5.486e-18
5210.100 5.496e-18
5210.977 5.506e-18
5211.853 5.516e-18
5212.730 5.526e-18
5213.607 5.536e-18
5214.483 5.546e-18
5215.360 5.556e-18
5216.237 5.566e-18
5217.113 5.563e-18
5217.990 5.554e-18
5218.867 9.738e-18
5219.743 5.536e-18
5220.620 5.527e-18
5221.497 5.518e-18
5222.373 5.509e-18
5223.250 5.500e-18
5224.127 5.490e-18
5225.003 5.481e-18
5225.880 5.472e-18
5226.757 5.471e-18
5227.633 5.480e-18
5228.510 5.490e-18
5229.387 5.499e-18
5230.263 5.508e-18
5231.140 5.518e-18
5232.017 5.527e-18
5232.893 5.536e-18
5233.770 5.545e-18
5234.647 5.555e-18
5235.523 5.564e-18
5236.400 5.573e-18
5237.277 5.582e-18
5238.153 5.590e-18
5239.030 5.599e-18
5239.907 5.608e-18
5240.783 5.616e-18
5241.660 5.623e-18
5242.537 5.633e-18
5243.413 5.642e-18
5244.290 5.650e-18
5245.167 5.658e-18
5246.043 5.667e-18
5246.920 5.670e-18
5247.797 5.668e-18
5248.673 5.665e-18
5249.550 5.663e-18
5250.427 5.660e-18
5251.303 1.734e-17
5252.180 5.655e-18
5253.057 5.653e-18
5253.933 5.650e-18
5254.810 5.648e-18
5255.687 5.977e-18
5256.563 5.641e-18
5257.440 9.966e-18
5258.317 5.840e-18
5259.193 5.552e-18
5260.070 5.522e-18
5260.947 5.493e-18
5261.823 5.463e-18
5262.700 9.056e-18
5263.577 5.403e-18
5264.453 5.374e-18
5265.330 5.344e-18
5266.207 5.314e-18
5267.083 5.317e-18
5267.960 5.336e-18
5268.837 5.356e-18
5269.713 5.375e-18
5270.590 5.394e-18
5271.467 5.413e-18
5272.343 5.433e-18
5273.220 5.452e-18
5274.097 5.471e-18
5274.973 5.491e-18
5275.850 5.510e-18
5276.727 5.527e-18
5277.603 2.747e-17
5278.480 5.544e-18
5279.357 5.554e-18
5280.233 5.563e-18
5281.110 5.572e-18
5281.987 5.581e-18
5282.863 5.590e-18
5283.740 5.599e-18
5284.617 5.608e-18
5285.493 5.617e-18
5286.370 5.626e-18
5287.247 5.630e-18
5288.123 5.634e-18
5289.000 5.637e-18
5289.877 5.641e-18
5290.753 5.644e-18
5291.630 5.647e-18
5292.507 5.651e-18
5293.383 5.654e-18
5294.260 5.657e-18
5295.137 5.661e-18
5296.013 5.664e-18
5296.890 5.668e-18
5297.767 5.673e-18
5298.643 5.678e-18
5299.520 5.683e-18
5300.397 5.688e-18
5301.273 5.693e-18
5302.150 5.698e-18
5303.027 5.703e-18
5303.903 5.707e-18
5304.780 5.712e-18
5305.657 5.717e-18
5306.533 5.722e-18
5307.410 5.724e-18
5308.287 5.726e-18
5309.163 5.729e-18
5310.040 5.731e-18
5310.917 5.733e-18
5311.793 5.735e-18
5312.670 5.737e-18
5313.547 5.740e-18
5314.423 5.742e-18
5315.300 5.744e-18
5316.177 5.746e-18
5317.053 5.733e-18
5317.930 5.711e-18
5318.807 5.689e-18
5319.683 5.667e-18
5320.560 5.646e-18
5321.437 5.624e-18
5322.313 5.602e-18
5323.190 5.580e-18
5324.067 5.558e-18
5324.943 5.536e-18
5325.820 5.514e-18
5326.697 5.996e-18
5327.573 5.521e-18
5328.450 5.540e-18
5329.327 5.559e-18
5330.203 5.578e-18
5331.080 5.790e-18
5331.957 2.158e-17
5332.833 5.636e-18
5333.710 5.655e-18
5334.587 5.674e-18
5335.463 5.694e-18
5336.340 5.713e-18
5337.217 5.711e-18
5338.093 5.705e-18
5338.970 5.698e-18
5339.847 5.691e-18
5340.723 5.685e-18
5341.600 5.678e-18
5342.477 5.672e-18
5343.353 5.665e-18
5344.230 5.659e-18
5345.107 5.652e-18
5345.983 5.646e-18
5346.860 5.649e-18
5347.737 5.666e-18
5348.613 5.683e-18
5349.490 5.699e-18
5350.367 5.716e-18
5351.243 5.733e-18
5352.120 5.750e-18
5352.997 5.766e-18
5353.873 5.783e-18
5354.750 5.800e-18
5355.627 8.575e-18
5356.503 5.833e-18
5357.380 5.820e-18
5358.257 5.807e-18
5359.133 5.794e-18
5360.010 5.781e-18
5360.887 5.768e-18
5361.763 5.755e-18
5362.640 5.741e-18
5363.517 5.728e-18
5364.393 5.715e-18
5365.270 5.702e-18
5366.147 5.689e-18
5367.023 5.685e-18
5367.900 5.687e-18
5368.777 5.690e-18
5369.653 5.692e-18
5370.530 5.694e-18
5371.407 5.696e-18
5372.283 5.699e-18
5373.160 5.701e-18
5374.037 5.703e-18
5374.913 5.705e-18
5375.790 5.707e-18
5376.667 5.710e-18
5377.543 5.713e-18
5378.420 5.717e-18
5379.297 5.721e-18
5380.173 5.724e-18
5381.050 5.727e-18
5381.927 5.731e-18
5382.803 5.734e-18
5383.680 5.738e-18
5384.557 5.741e-18
5385.433 5.745e-18
5386.310 5.748e-18
5387.187 5.743e-18
5388.063 5.735e-18
5388.940 5.728e-18
5389.817 5.720e-18
5390.693 5.712e-18
5391.570 5.704e-18
5392.447 5.697e-18
5393.323 5.689e-18
5394.200 5.681e-18
5395.077 5.673e-18
5395.953 5.665e-18
5396.830 5.658e-18
5397.707 5.652e-18
5398.583 5.645e-18
5399.460 5.636e-18
5400.337 5.632e-18
5401.213 5.625e-18
5402.090 5.618e-18
5402.967 5.611e-18
5403.843 5.601e-18
5404.720 5.598e-18
5405.597 5.592e-18
5406.473 5.585e-18
5407.350 5.598e-18
5408.227 5.611e-18
5409.103 5.626e-18
5409.980 5.640e-18
5410.857 5.653e-18
5411.733 5.668e-18
5412.610 5.682e-18
5413.487 5.696e-18
5414.363 5.708e-18
5415.240 5.724e-18
5416.117 5.738e-18
5416.993 5.741e-18
5417.870 5.735e-18
5418.747 5.726e-18
5419.623 5.723e-18
5420.500 5.718e-18
5421.377 5.712e-18
5422.253 5.704e-18
5423.130 5.700e-18
5424.007 5.694e-18
5424.883 5.688e-18
5425.760 5.682e-18
5426.637 5.678e-18
5427.513 5.686e-18
5428.390 5.692e-18
5429.267 5.700e-18
5430.143 5.702e-18
5431.020 5.715e-18
5431.897 5.725e-18
5432.773 5.733e-18
5433.650 5.742e-18
5434.527 5.751e-18
5435.403 5.756e-18
5436.280 5.764e-18
5437.157 5.763e-18
5438.033 5.775e-18
5438.910 5.777e-18
5439.787 5.780e-18
5440.663 5.780e-18
5441.540 5.779e-18
5442.417 5.778e-18
5443.293 5.778e-18
5444.170 5.777e-18
5445.047 5.775e-18
5445.923 5.776e-18
5446.800 5.776e-18
5447.677 5.778e-18
5448.553 5.780e-18
5449.430 5.781e-18
5450.307 5.784e-18
5451.183 5.786e-18
5452.060 5.788e-18
5452.937 5.790e-18
5453.813 5.792e-18
5454.690 5.792e-18
5455.567 5.796e-18
5456.443 5.798e-18
5457.320 5.794e-18
5458.197 5.792e-18
5459.073 5.787e-18
5459.950 5.785e-18
5460.827 5.781e-18
5461.703 5.780e-18
5462.580 5.777e-18
5463.457 5.771e-18
5464.333 5.768e-18
5465.210 5.765e-18
5466.087 5.764e-18
5466.963 5.760e-18
5467.840 5.754e-18
5468.717 5.748e-18
5469.593 5.742e-18
5470.470 5.736e-18
5471.347 5.731e-18
5472.223 5.726e-18
5473.100 5.720e-18
5473.977 5.714e-18
5474.853 5.708e-18
5475.730 5.703e-18
5476.607 5.699e-18
5477.483 5.701e-18
5478.360 5.703e-18
5479.237 5.703e-18
5480.113 5.710e-18
5480.990 5.713e-18
5481.867 5.714e-18
5482.743 5.718e-18
5483.620 5.722e-18
5484.497 5.725e-18
5485.373 5.728e-18
5486.250 5.731e-18
5487.127 5.734e-18
5488.003 5.737e-18
5488.880 5.740e-18
5489.757 5.743e-18
5490.633 5.746e-18
5491.510 5.749e-18
5492.387 5.757e-18
5493.263 5.764e-18
5494.140 5.770e-18
5495.017 5.776e-18
5495.893 5.782e-18
5496.770 5.786e-18
5497.647 5.785e-18
5498.523 5.784e-18
5499.400 5.783e-18
5500.277 5.782e-18
5501.153 5.781e-18
5502.030 5.780e-18
5502.907 5.779e-18
5503.783 5.779e-18
5504.660 5.778e-18
5505.537 5.777e-18
5506.413 5.776e-18
5507.290 5.780e-18
5508.167 5.783e-18
5509.043 5.787e-18
5509.920 5.791e-18
5510.797 5.795e-18
5511.673 5.798e-18
5512.550 5.802e-18
5513.427 5.806e-18
5514.303 5.810e-18
5515.180 5.813e-18
5516.057 5.817e-18
5516.933 5.819e-18
5517.810 5.819e-18
5518.687 5.819e-18
5519.563 5.819e-18
5520.440 5.819e-18
5521.317 5.819e-18
5522.193 5.819e-18
5523.070 5.819e-18
5523.947 5.819e-18
5524.823 5.819e-18
5525.700 5.819e-18
5526.577 5.820e-18
5527.453 5.827e-18
5528.330 5.833e-18
5529.207 5.840e-18
5530.083 5.847e-18
5530.960 5.853e-18
5531.837 5.860e-18
5532.713 5.867e-18
5533.590 5.873e-18
5534.467 5.880e-18
5535.343 5.887e-18
5536.220 5.894e-18
5537.097 5.899e-18
5537.973 5.903e-18
5538.850 5.908e-18
5539.727 5.912e-18
5540.603 5.916e-18
5541.480 5.920e-18
5542.357 5.925e-18
5543.233 5.929e-18
5544.110 5.933e-18
5544.987 1.211e-17
5545.863 5.942e-18
5546.740 5.945e-18
5547.617 5.948e-18
5548.493 5.950e-18
5549.370 5.952e-18
5550.247 5.955e-18
5551.123 5.957e-18
5552.000 5.959e-18
5552.877 5.961e-18
5553.753 5.963e-18
5554.630 5.966e-18
5555.507 5.968e-18
5556.383 5.970e-18
5557.260 5.965e-18
5558.137 5.959e-18
5559.013 5.953e-18
5559.890 5.946e-18
5560.767 5.940e-18
5561.643 5.934e-18
5562.520 5.928e-18
5563.397 5.922e-18
5564.273 5.915e-18
5565.150 5.909e-18
5566.027 5.903e-18
5566.903 5.902e-18
5567.780 5.907e-18
5568.657 5.912e-18
5569.533 5.917e-18
5570.410 5.922e-18
5571.287 5.927e-18
5572.163 5.932e-18
5573.040 5.937e-18
5573.917 5.942e-18
5574.793 5.947e-18
5575.670 5.951e-18
5576.547 5.956e-18
5577.423 5.952e-18
5578.300 5.947e-18
5579.177 5.943e-18
5580.053 5.938e-18
5580.930 5.934e-18
5581.807 5.930e-18
5582.683 5.925e-18
5583.560 5.921e-18
5584.437 5.916e-18
5585.313 5.912e-18
5586.190 5.907e-18
5587.067 5.909e-18
5587.943 5.913e-18
5588.820 5.917e-18
5589.697 5.922e-18
5590.573 5.926e-18
5591.450 5.931e-18
5592.327 5.935e-18
5593.203 5.939e-18
5594.080 5.944e-18
5594.957 5.948e-18
5595.833 5.952e-18
5596.710 5.957e-18
5597.587 5.963e-18
5598.463 5.969e-18
5599.340 3.439e-17
5600.217 5.981e-18
5601.093 5.987e-18
5601.970 5.993e-18
5602.847 5.999e-18
5603.723 6.005e-18
5604.600 6.011e-18
5605.477 6.017e-18
5606.353 6.023e-18
5607.230 6.024e-18
5608.107 6.024e-18
5608.983 6.024e-18
5609.860 6.024e-18
5610.737 6.024e-18
5611.613 6.024e-18
5612.490 6.024e-18
5613.367 6.024e-18
5614.243 6.024e-18
5615.120 6.024e-18
5615.997 6.024e-18
5616.873 6.026e-18
5617.750 6.031e-18
5618.627 6.036e-18
5619.503 6.041e-18
5620.380 6.046e-18
5621.257 6.051e-18
5622.133 6.056e-18
5623.010 6.061e-18
5623.887 6.066e-18
5624.763 6.071e-18
5625.640 6.076e-18
5626.517 6.081e-18
5627.393 6.084e-18
5628.270 6.088e-18
5629.147 6.091e-18
5630.023 6.094e-18
5630.900 6.097e-18
5631.777 6.101e-18
5632.653 6.104e-18
5633.530 6.107e-18
5634.407 6.111e-18
5635.283 6.114e-18
5636.160 6.117e-18
5637.037 6.120e-18
5637.913 6.121e-18
5638.790 6.122e-18
5639.667 6.124e-18
5640.543 6.125e-18
5641.420 6.126e-18
5642.297 6.128e-18
5643.173 6.129e-18
5644.050 6.130e-18
5644.927 6.132e-18
5645.803 6.133e-18
5646.680 8.589e-18
5647.557 6.130e-18
5648.433 6.126e-18
5649.310 6.122e-18
5650.187 6.117e-18
5651.063 6.113e-18
5651.940 6.109e-18
5652.817 6.105e-18
5653.693 6.101e-18
5654.570 6.097e-18
5655.447 6.093e-18
5656.323 6.089e-18
5657.200 6.091e-18
5658.077 6.097e-18
5658.953 6.102e-18
5659.830 6.107e-18
5660.707 6.113e-18
5661.583 6.118e-18
5662.460 6.124e-18
5663.337 6.129e-18
5664.213 6.134e-18
5665.090 6.140e-18
5665.967 6.145e-18
5666.843 6.152e-18
5667.720 6.160e-18
5668.597 6.168e-18
5669.473 6.177e-18
5670.350 6.185e-18
5671.227 9.210e-18
5672.103 6.201e-18
5672.980 6.210e-18
5673.857 6.218e-18
5674.733 6.227e-18
5675.610 6.233e-18
5676.487 6.243e-18
5677.363 6.239e-18
5678.240 6.231e-18
5679.117 6.226e-18
5679.993 6.219e-18
5680.870 6.212e-18
5681.747 6.206e-18
5682.623 6.199e-18
5683.500 6.192e-18
5684.377 6.180e-18
5685.253 6.177e-18
5686.130 6.172e-18
5687.007 6.151e-18
5687.883 6.177e-18
5688.760 6.187e-18
5689.637 6.195e-18
5690.513 6.202e-18
5691.390 6.208e-18
5692.267 6.216e-18
5693.143 6.224e-18
5694.020 6.181e-18
5694.897 6.239e-18
5695.773 6.239e-18
5696.650 6.253e-18
5697.527 6.223e-18
5698.403 9.373e-18
5699.280 6.227e-18
5700.157 6.218e-18
5701.033 6.209e-18
5701.910 6.203e-18
5702.787 6.195e-18
5703.663 6.187e-18
5704.540 6.179e-18
5705.417 6.171e-18
5706.293 6.163e-18
5707.170 6.165e-18
5708.047 6.172e-18
5708.923 6.181e-18
5709.800 6.189e-18
5710.677 6.197e-18
5711.553 6.205e-18
5712.430 6.209e-18
5713.307 6.220e-18
5714.183 6.227e-18
5715.060 6.236e-18
5715.937 6.243e-18
5716.813 6.252e-18
5717.690 6.261e-18
5718.567 6.269e-18
5719.443 6.279e-18
5720.320 6.289e-18
5721.197 6.266e-18
5722.073 6.292e-18
5722.950 6.318e-18
5723.827 6.324e-18
5724.703 6.337e-18
5725.580 6.344e-18
5726.457 6.356e-18
5727.333 6.358e-18
5728.210 6.356e-18
5729.087 6.358e-18
5729.963 6.357e-18
5730.840 6.358e-18
5731.717 6.356e-18
5732.593 6.359e-18
5733.470 6.359e-18
5734.347 6.359e-18
5735.223 6.357e-18
5736.100 6.359e-18
5736.977 6.360e-18
5737.853 6.361e-18
5738.730 6.362e-18
5739.607 6.363e-18
5740.483 6.364e-18
5741.360 6.366e-18
5742.237 6.367e-18
5743.113 6.368e-18
5743.990 6.368e-18
5744.867 6.370e-18
5745.743 6.371e-18
5746.620 6.366e-18
5747.497 6.367e-18
5748.373 6.368e-18
5749.250 6.365e-18
5750.127 6.365e-18
5751.003 6.359e-18
5751.880 6.355e-18
5752.757 6.350e-18
5753.633 6.345e-18
5754.510 6.328e-18
5755.387 6.335e-18
5756.263 6.329e-18
5757.140 6.328e-18
5758.017 6.330e-18
5758.893 6.330e-18
5759.770 6.331e-18
5760.647 6.331e-18
5761.523 6.333e-18
5762.400 6.334e-18
5763.277 6.333e-18
5764.153 6.336e-18
5765.030 6.328e-18
5765.907 6.339e-18
5766.783 6.340e-18
5767.660 6.340e-18
5768.537 6.340e-18
5769.413 6.341e-18
5770.290 6.342e-18
5771.167 6.342e-18
5772.043 6.343e-18
5772.920 6.340e-18
5773.797 6.343e-18
5774.673 6.343e-18
5775.550 6.345e-18
5776.427 6.346e-18
5777.303 6.339e-18
5778.180 6.331e-18
5779.057 6.322e-18
5779.933 6.314e-18
5780.810 6.305e-18
5781.687 6.296e-18
5782.563 6.288e-18
5783.440 6.279e-18
5784.317 6.272e-18
5785.193 6.263e-18
5786.070 6.255e-18
5786.947 6.252e-18
5787.823 6.257e-18
5788.700 6.260e-18
5789.577 6.266e-18
5790.453 6.271e-18
5791.330 6.275e-18
5792.207 6.281e-18
5793.083 6.286e-18
5793.960 6.291e-18
5794.837 6.297e-18
5795.713 6.302e-18
5796.590 6.307e-18
5797.467 6.308e-18
5798.343 6.310e-18
5799.220 6.311e-18
5800.097 6.311e-18
5800.973 6.314e-18
5801.850 6.315e-18
5802.727 6.317e-18
5803.603 6.319e-18
5804.480 6.319e-18
5805.357 6.321e-18
5806.233 6.322e-18
5807.110 6.324e-18
5807.987 6.326e-18
5808.863 6.328e-18
5809.740 6.330e-18
5810.617 6.332e-18
5811.493 6.333e-18
5812.370 6.335e-18
5813.247 6.337e-18
5814.123 6.339e-18
5815.000 6.341e-18
5815.877 6.342e-18
5816.753 6.344e-18
5817.630 6.346e-18
5818.507 6.349e-18
5819.383 6.351e-18
5820.260 6.353e-18
5821.137 6.356e-18
5822.013 6.358e-18
5822.890 6.360e-18
5823.767 6.362e-18
5824.643 6.363e-18
5825.520 6.366e-18
5826.397 6.368e-18
5827.273 6.368e-18
5828.150 6.366e-18
5829.027 6.364e-18
5829.903 6.360e-18
5830.780 6.360e-18
5831.657 6.357e-18
5832.533 6.355e-18
5833.410 6.354e-18
5834.287 6.352e-18
5835.163 6.350e-18
5836.040 6.348e-18
5836.917 6.347e-18
5837.793 6.347e-18
5838.670 6.347e-18
5839.547 6.347e-18
5840.423 6.347e-18
5841.300 6.347e-18
5842.177 6.347e-18
5843.053 6.347e-18
5843.930 6.347e-18
5844.807 6.347e-18
5845.683 6.347e-18
5846.560 6.347e-18
5847.437 6.338e-18
5848.313 6.330e-18
5849.190 6.321e-18
5850.067 6.312e-18
5850.943 6.303e-18
5851.820 6.293e-18
5852.697 6.283e-18
5853.573 6.275e-18
5854.450 6.266e-18
5855.327 6.257e-18
5856.203 6.244e-18
5857.080 6.246e-18
5857.957 6.251e-18
5858.833 6.255e-18
5859.710 6.260e-18
5860.587 6.263e-18
5861.463 6.268e-18
5862.340 6.273e-18
5863.217 6.266e-18
5864.093 6.282e-18
5864.970 6.287e-18
5865.847 6.291e-18
5866.723 6.295e-18
5867.600 3.347e-17
5868.477 6.298e-18
5869.353 6.298e-18
5870.230 6.299e-18
5871.107 2.771e-17
5871.983 6.301e-18
5872.860 6.296e-18
5873.737 6.304e-18
5874.613 6.306e-18
5875.490 6.306e-18
5876.367 6.308e-18
5877.243 6.276e-18
5878.120 6.269e-18
5878.997 6.266e-18
5879.873 6.265e-18
5880.750 6.248e-18
5881.627 6.231e-18
5882.503 6.204e-18
5883.380 6.206e-18
5884.257 6.203e-18
5885.133 6.193e-18
5886.010 6.180e-18
5886.887 6.169e-18
5887.763 6.145e-18
5888.640 6.132e-18
5889.517 6.100e-18
5890.393 6.076e-18
5891.270 5.918e-18
5892.147 6.069e-18
5893.023 6.048e-18
5893.900 6.027e-18
5894.777 6.012e-18
5895.653 6.006e-18
5896.530 5.969e-18
5897.407 6.009e-18
5898.283 6.021e-18
5899.160 6.026e-18
5900.037 6.055e-18
5900.913 6.092e-18
5901.790 6.093e-18
5902.667 6.134e-18
5903.543 6.157e-18
5904.420 6.175e-18
5905.297 7.201e-18
5906.173 6.224e-18
5907.050 6.215e-18
5907.927 6.221e-18
5908.803 6.221e-18
5909.680 6.216e-18
5910.557 6.190e-18
5911.433 6.214e-18
5912.310 6.174e-18
5913.187 6.207e-18
5914.063 6.203e-18
5914.940 6.200e-18
5915.817 6.123e-18
5916.693 6.188e-18
5917.570 6.191e-18
5918.447 6.192e-18
5919.323 6.198e-18
5920.200 6.181e-18
5921.077 6.193e-18
5921.953 6.201e-18
5922.830 6.191e-18
5923.707 6.201e-18
5924.583 6.206e-18
5925.460 6.079e-18
5926.337 6.527e-17
5927.213 6.208e-18
5928.090 6.207e-18
5928.967 6.205e-18
5929.843 6.179e-18
5930.720 6.183e-18
5931.597 6.198e-18
5932.473 6.195e-18
5933.350 6.192e-18
5934.227 6.187e-18
5935.103 6.187e-18
5935.980 6.186e-18
5936.857 6.168e-18
5937.733 6.180e-18
5938.610 6.177e-18
5939.487 6.171e-18
5940.363 6.169e-18
5941.240 6.167e-18
5942.117 6.112e-18
5942.993 6.151e-18
5943.870 6.140e-18
5944.747 6.152e-18
5945.623 6.149e-18
5946.500 6.139e-18
5947.377 6.121e-18
5948.253 6.135e-18
5949.130 6.138e-18
5950.007 6.144e-18
5950.883 6.073e-18
5951.760 6.132e-18
5952.637 6.122e-18
5953.513 6.145e-18
5954.390 6.144e-18
5955.267 6.145e-18
5956.143 6.145e-18
5957.020 6.145e-18
5957.897 6.141e-18
5958.773 6.144e-18
5959.650 6.136e-18
5960.527 6.144e-18
5961.403 6.150e-18
5962.280 6.154e-18
5963.157 6.147e-18
5964.033 6.148e-18
5964.910 6.159e-18
5965.787 6.161e-18
5966.663 6.154e-18
5967.540 6.152e-18
5968.417 6.143e-18
5969.293 6.125e-18
5970.170 6.141e-18
5971.047 6.142e-18
5971.923 6.957e-17
5972.800 6.132e-18
5973.677 6.131e-18
5974.553 6.127e-18
5975.430 6.124e-18
5976.307 6.120e-18
5977.183 6.116e-18
5978.060 6.109e-18
5978.937 6.104e-18
5979.813 6.099e-18
5980.690 6.098e-18
5981.567 6.098e-18
5982.443 6.092e-18
5983.320 6.085e-18
5984.197 6.088e-18
5985.073 6.084e-18
5985.950 6.072e-18
5986.827 6.055e-18
5987.703 6.079e-18
5988.580 6.076e-18
5989.457 6.081e-18
5990.333 6.077e-18
5991.210 6.081e-18
5992.087 6.079e-18
5992.963 6.085e-18
5993.840 6.084e-18
5994.717 6.073e-18
5995.593 6.078e-18
5996.470 6.088e-18
5997.347 6.086e-18
5998.223 6.080e-18
5999.100 6.071e-18
5999.977 6.071e-18
6000.853 6.069e-18
6001.730 6.063e-18
6002.607 6.062e-18
6003.483 6.058e-18
6004.360 6.047e-18
6005.237 6.050e-18
6006.113 6.046e-18
6006.990 6.044e-18
6007.867 6.044e-18
6008.743 6.042e-18
6009.620 6.043e-18
6010.497 6.043e-18
6011.373 6.043e-18
6012.250 6.043e-18
6013.127 6.040e-18
6014.003 6.043e-18
6014.880 6.043e-18
6015.757 6.042e-18
6016.633 6.041e-18
6017.510 6.018e-18
6018.387 6.034e-18
6019.263 6.030e-18
6020.140 6.026e-18
6021.017 6.022e-18
6021.893 6.018e-18
6022.770 6.014e-18
6023.647 6.010e-18
6024.523 6.006e-18
6025.400 6.001e-18
6026.277 5.998e-18
6027.153 5.999e-18
6028.030 6.003e-18
6028.907 6.013e-18
6029.783 6.020e-18
6030.660 6.027e-18
6031.537 6.035e-18
6032.413 6.042e-18
6033.290 6.049e-18
6034.167 6.056e-18
6035.043 6.063e-18
6035.920 1.483e-17
6036.797 6.077e-18
6037.673 6.074e-18
6038.550 6.073e-18
6039.427 6.072e-18
6040.303 6.070e-18
6041.180 6.069e-18
6042.057 6.067e-18
6042.933 6.065e-18
6043.810 6.064e-18
6044.687 6.062e-18
6045.563 6.060e-18
6046.440 6.059e-18
6047.317 6.057e-18
6048.193 6.055e-18
6049.070 6.053e-18
6049.947 6.051e-18
6050.823 6.049e-18
6051.700 6.047e-18
6052.577 6.046e-18
6053.453 6.044e-18
6054.330 6.042e-18
6055.207 6.040e-18
6056.083 6.038e-18
6056.960 6.036e-18
6057.837 6.035e-18
6058.713 6.034e-18
6059.590 6.033e-18
6060.467 6.033e-18
6061.343 6.032e-18
6062.220 6.031e-18
6063.097 6.030e-18
6063.973 6.029e-18
6064.850 6.028e-18
6065.727 6.027e-18
6066.603 6.026e-18
6067.480 6.026e-18
6068.357 6.025e-18
6069.233 6.024e-18
6070.110 6.024e-18
6070.987 6.023e-18
6071.863 6.022e-18
6072.740 6.022e-18
6073.617 6.021e-18
6074.493 6.021e-18
6075.370 6.020e-18
6076.247 6.019e-18
6077.123 6.018e-18
6078.000 6.016e-18
6078.877 6.014e-18
6079.753 6.012e-18
6080.630 6.009e-18
6081.507 6.005e-18
6082.383 6.002e-18
6083.260 5.998e-18
6084.137 5.995e-18
6085.013 5.992e-18
6085.890 5.988e-18
6086.767 5.985e-18
6087.643 5.983e-18
6088.520 5.981e-18
6089.397 5.980e-18
6090.273 5.978e-18
6091.150 5.976e-18
6092.027 5.975e-18
6092.903 5.973e-18
6093.780 5.972e-18
6094.657 5.970e-18
6095.533 5.968e-18
6096.410 5.967e-18
6097.287 5.962e-18
6098.163 5.956e-18
6099.040 5.949e-18
6099.917 5.943e-18
6100.793 5.937e-18
6101.670 5.930e-18
6102.547 5.924e-18
6103.423 5.917e-18
6104.300 5.911e-18
6105.177 5.905e-18
6106.053 5.898e-18
6106.930 5.894e-18
6107.807 5.897e-18
6108.683 5.900e-18
6109.560 5.903e-18
6110.437 5.906e-18
6111.313 5.909e-18
6112.190 5.912e-18
6113.067 5.915e-18
6113.943 5.918e-18
6114.820 5.920e-18
6115.697 5.923e-18
6116.573 5.926e-18
6117.450 5.921e-18
6118.327 5.915e-18
6119.203 5.908e-18
6120.080 5.902e-18
6120.957 5.895e-18
6121.833 5.889e-18
6122.710 5.883e-18
6123.587 5.876e-18
6124.463 5.870e-18
6125.340 5.863e-18
6126.217 5.857e-18
6127.093 5.851e-18
6127.970 5.847e-18
6128.847 5.843e-18
6129.723 5.838e-18
6130.600 5.834e-18
6131.477 5.829e-18
6132.353 5.825e-18
6133.230 5.821e-18
6134.107 5.816e-18
6134.983 5.812e-18
6135.860 5.808e-18
6136.737 5.803e-18
6137.613 5.805e-18
6138.490 1.857e-17
6139.367 5.808e-18
6140.243 5.809e-18
6141.120 3.318e-17
6141.997 5.812e-18
6142.873 5.813e-18
6143.750 5.815e-18
6144.627 5.816e-18
6145.503 5.818e-18
6146.380 5.819e-18
6147.257 5.818e-18
6148.133 5.816e-18
6149.010 5.814e-18
6149.887 5.812e-18
6150.763 5.811e-18
6151.640 5.809e-18
6152.517 5.807e-18
6153.393 5.805e-18
6154.270 5.803e-18
6155.147 5.801e-18
6156.023 5.800e-18
6156.900 5.795e-18
6157.777 5.822e-18
6158.653 5.768e-18
6159.530 5.755e-18
6160.407 5.742e-18
6161.283 5.728e-18
6162.160 5.715e-18
6163.037 5.701e-18
6163.913 5.688e-18
6164.790 5.674e-18
6165.667 5.661e-18
6166.543 5.647e-18
6167.420 5.652e-18
6168.297 5.662e-18
6169.173 5.671e-18
6170.050 5.680e-18
6170.927 5.689e-18
6171.803 5.697e-18
6172.680 5.706e-18
6173.557 5.716e-18
6174.433 5.725e-18
6175.310 5.734e-18
6176.187 5.743e-18
6177.063 5.748e-18
6177.940 2.392e-17
6178.817 5.748e-18
6179.693 5.748e-18
6180.570 5.748e-18
6181.447 5.748e-18
6182.323 5.748e-18
6183.200 5.748e-18
6184.077 5.748e-18
6184.953 5.748e-18
6185.830 5.748e-18
6186.707 5.748e-18
6187.583 5.744e-18
6188.460 5.740e-18
6189.337 5.736e-18
6190.213 5.732e-18
6191.090 5.729e-18
6191.967 5.725e-18
6192.843 5.721e-18
6193.720 5.717e-18
6194.597 3.083e-17
6195.473 5.709e-18
6196.350 5.705e-18
6197.227 5.704e-18
6198.103 5.705e-18
6198.980 5.706e-18
6199.857 5.707e-18
6200.733 5.708e-18
6201.610 5.710e-18
6202.487 5.711e-18
6203.363 5.711e-18
6204.240 5.712e-18
6205.117 5.713e-18
6205.993 5.714e-18
6206.870 5.714e-18
6207.747 5.707e-18
6208.623 5.700e-18
6209.500 5.693e-18
6210.377 5.686e-18
6211.253 5.679e-18
6212.130 5.672e-18
6213.007 5.665e-18
6213.883 5.658e-18
6214.760 3.751e-17
6215.637 5.644e-18
6216.513 5.637e-18
6217.390 5.636e-18
6218.267 5.637e-18
6219.143 5.637e-18
6220.020 5.638e-18
6220.897 5.638e-18
6221.773 5.639e-18
6222.650 5.639e-18
6223.527 1.197e-16
6224.403 5.640e-18
6225.280 5.641e-18
6226.157 5.641e-18
6227.033 5.639e-18
6227.910 5.631e-18
6228.787 5.624e-18
6229.663 5.617e-18
6230.540 5.609e-18
6231.417 5.602e-18
6232.293 5.595e-18
6233.170 5.587e-18
6234.047 5.580e-18
6234.923 5.573e-18
6235.800 5.565e-18
6236.677 5.558e-18
6237.553 5.555e-18
6238.430 5.552e-18
6239.307 5.549e-18
6240.183 5.545e-18
6241.060 5.542e-18
6241.937 8.084e-17
6242.813 5.536e-18
6243.690 5.532e-18
6244.567 5.529e-18
6245.443 1.157e-16
6246.320 5.523e-18
6247.197 5.519e-18
6248.073 5.513e-18
6248.950 5.509e-18
6249.827 5.504e-18
6250.703 5.500e-18
6251.580 5.495e-18
6252.457 5.491e-18
6253.333 5.486e-18
6254.210 5.482e-18
6255.087 5.477e-18
6255.963 5.472e-18
6256.840 5.469e-18
6257.717 5.475e-18
6258.593 6.080e-18
6259.470 5.485e-18
6260.347 5.490e-18
6261.223 5.496e-18
6262.100 5.501e-18
6262.977 5.506e-18
6263.853 5.512e-18
6264.730 5.517e-18
6265.607 5.523e-18
6266.483 5.528e-18
6267.360 5.528e-18
6268.237 5.526e-18
6269.113 5.524e-18
6269.990 1.727e-17
6270.867 5.520e-18
6271.743 5.518e-18
6272.620 5.517e-18
6273.497 5.514e-18
6274.373 5.508e-18
6275.250 5.511e-18
6276.127 5.509e-18
6277.003 5.487e-18
6277.880 5.505e-18
6278.757 5.475e-18
6279.633 5.469e-18
6280.510 5.466e-18
6281.387 5.493e-18
6282.263 5.468e-18
6283.140 5.489e-18
6284.017 5.490e-18
6284.893 5.490e-18
6285.770 5.486e-18
6286.647 5.484e-18
6287.523 5.435e-18
6288.400 5.480e-18
6289.277 5.472e-18
6290.153 5.472e-18
6291.030 5.435e-18
6291.907 5.184e-18
6292.783 5.460e-18
6293.660 5.452e-18
6294.537 5.437e-18
6295.413 5.448e-18
6296.290 5.441e-18
6297.167 5.435e-18
6298.043 9.614e-18
6298.920 5.421e-18
6299.797 5.426e-18
6300.673 5.418e-18
6301.550 5.417e-18
6302.427 5.413e-18
6303.303 5.408e-18
6304.180 5.402e-18
6305.057 5.400e-18
6305.933 5.395e-18
6306.810 5.391e-18
6307.687 5.372e-18
6308.563 5.379e-18
6309.440 5.378e-18
6310.317 1.386e-17
6311.193 5.359e-18
6312.070 5.364e-18
6312.947 5.365e-18
6313.823 5.364e-18
6314.700 5.360e-18
6315.577 5.362e-18
6316.453 5.360e-18
6317.330 5.360e-18
6318.207 5.357e-18
6319.083 5.353e-18
6319.960 5.358e-18
6320.837 5.356e-18
6321.713 5.330e-18
6322.590 5.355e-18
6323.467 5.354e-18
6324.343 5.351e-18
6325.220 5.352e-18
6326.097 5.349e-18
6326.973 5.351e-18
6327.850 5.349e-18
6328.727 5.350e-18
6329.603 5.349e-18
6330.480 5.344e-18
6331.357 5.307e-18
6332.233 5.346e-18
6333.110 5.345e-18
6333.987 5.343e-18
6334.863 5.342e-18
6335.740 5.342e-18
6336.617 5.340e-18
6337.493 5.339e-18
6338.370 5.338e-18
6339.247 5.336e-18
6340.123 5.336e-18
6341.000 5.335e-18
6341.877 5.325e-18
6342.753 5.332e-18
6343.630 5.332e-18
6344.507 5.330e-18
6345.383 5.330e-18
6346.260 5.329e-18
6347.137 5.327e-18
6348.013 5.326e-18
6348.890 5.322e-18
6349.767 5.324e-18
6350.643 5.323e-18
6351.520 5.322e-18
6352.397 5.314e-18
6353.273 5.315e-18
6354.150 5.316e-18
6355.027 5.316e-18
6355.903 5.314e-18
6356.780 5.313e-18
6357.657 5.311e-18
6358.533 5.310e-18
6359.410 5.308e-18
6360.287 5.306e-18
6361.163 5.300e-18
6362.040 5.304e-18
6362.917 5.296e-18
6363.793 5.300e-18
6364.670 5.299e-18
6365.547 2.770e-15
6366.423 5.296e-18
6367.300 5.294e-18
6368.177 5.293e-18
6369.053 5.291e-18
6369.930 5.290e-18
6370.807 5.287e-18
6371.683 5.287e-18
6372.560 5.285e-18
6373.437 5.282e-18
6374.313 5.282e-18
6375.190 5.278e-18
6376.067 5.279e-18
6376.943 5.276e-18
6377.820 5.275e-18
6378.697 5.274e-18
6379.573 5.272e-18
6380.450 5.271e-18
6381.327 5.269e-18
6382.203 5.267e-18
6383.080 5.265e-18
6383.957 5.264e-18
6384.833 5.262e-18
6385.710 5.261e-18
6386.587 5.259e-18
6387.463 5.257e-18
6388.340 2.467e-17
6389.217 5.253e-18
6390.093 5.252e-18
6390.970 5.251e-18
6391.847 5.249e-18
6392.723 5.245e-18
6393.600 5.242e-18
6394.477 5.238e-18
6395.353 5.235e-18
6396.230 5.229e-18
6397.107 5.228e-18
6397.983 5.224e-18
6398.860 5.220e-18
6399.737 5.217e-18
6400.613 5.212e-18
6401.490 5.210e-18
6402.367 5.205e-18
6403.243 5.203e-18
6404.120 5.199e-18
6404.997 5.195e-18
6405.873 5.190e-18
6406.750 5.188e-18
6407.627 5.184e-18
6408.503 5.180e-18
6409.380 5.176e-18
6410.257 5.173e-18
6411.133 5.169e-18
6412.010 5.167e-18
6412.887 5.165e-18
6413.763 5.164e-18
6414.640 5.162e-18
6415.517 3.695e-17
6416.393 5.161e-18
6417.270 5.160e-18
6418.147 5.157e-18
6419.023 5.157e-18
6419.900 5.156e-18
6420.777 5.156e-18
6421.653 5.155e-18
6422.530 5.155e-18
6423.407 5.156e-18
6424.283 5.155e-18
6425.160 5.155e-18
6426.037 5.155e-18
6426.913 5.155e-18
6427.790 5.155e-18
6428.667 5.154e-18
6429.543 5.155e-18
6430.420 5.155e-18
6431.297 5.153e-18
6432.173 5.153e-18
6433.050 5.154e-18
6433.927 5.154e-18
6434.803 5.148e-18
6435.680 5.154e-18
6436.557 5.153e-18
6437.433 5.154e-18
6438.310 5.154e-18
6439.187 5.153e-18
6440.063 5.153e-18
6440.940 5.153e-18
6441.817 5.152e-18
6442.693 5.153e-18
6443.570 5.152e-18
6444.447 5.152e-18
6445.323 5.145e-18
6446.200 5.149e-18
6447.077 5.148e-18
6447.953 5.151e-18
6448.830 5.149e-18
6449.707 5.128e-18
6450.583 5.151e-18
6451.460 5.148e-18
6452.337 5.149e-18
6453.213 5.142e-18
6454.090 5.145e-18
6454.967 5.140e-18
6455.843 5.133e-18
6456.720 5.139e-18
6457.597 5.138e-18
6458.473 5.136e-18
6459.350 5.133e-18
6460.227 5.131e-18
6461.103 5.129e-18
6461.980 5.115e-18
6462.857 5.125e-18
6463.733 5.112e-18
6464.610 5.122e-18
6465.487 5.115e-18
6466.363 5.115e-18
6467.240 5.113e-18
6468.117 5.097e-18
6468.993 5.112e-18
6469.870 5.108e-18
6470.747 5.108e-18
6471.623 5.102e-18
6472.500 5.103e-18
6473.377 5.100e-18
6474.253 4.999e-18
6475.130 5.089e-18
6476.007 5.088e-18
6476.883 4.995e-18
6477.760 5.071e-18
6478.637 5.079e-18
6479.513 5.077e-18
6480.390 5.075e-18
6481.267 5.035e-18
6482.143 5.066e-18
6483.020 5.065e-18
6483.897 5.062e-18
6484.773 5.056e-18
6485.650 5.003e-18
6486.527 5.037e-18
6487.403 5.030e-18
6488.280 5.043e-18
6489.157 5.029e-18
6490.033 5.038e-18
6490.910 4.970e-18
6491.787 5.034e-18
6492.663 4.976e-18
6493.540 5.038e-18
6494.417 5.037e-18
6495.293 5.041e-18
6496.170 5.771e-18
6497.047 5.045e-18
6497.923 5.044e-18
6498.800 5.050e-18
6499.677 5.052e-18
6500.553 3.875e-16
6501.430 5.057e-18
6502.307 5.059e-18
6503.183 5.058e-18
6504.060 5.063e-18
6504.937 5.065e-18
6505.813 5.065e-18
6506.690 5.069e-18
6507.567 5.071e-18
6508.443 5.073e-18
6509.320 5.074e-18
6510.197 5.074e-18
6511.073 5.079e-18
6511.950 5.081e-18
6512.827 5.080e-18
6513.703 5.067e-18
6514.580 5.077e-18
6515.457 5.063e-18
6516.333 5.068e-18
6517.210 5.074e-18
6518.087 5.067e-18
6518.963 5.039e-18
6519.840 5.016e-18
6520.717 5.068e-18
6521.593 5.068e-18
6522.470 5.066e-18
6523.347 5.067e-18
6524.223 1.669e-16
6525.100 5.042e-18
6525.977 5.062e-18
6526.853 5.063e-18
6527.730 5.061e-18
6528.607 5.061e-18
6529.483 5.057e-18
6530.360 5.059e-18
6531.237 5.058e-18
6532.113 5.055e-18
6532.990 5.051e-18
6533.867 5.044e-18
6534.743 6.214e-18
6535.620 5.035e-18
6536.497 5.020e-18
6537.373 5.029e-18
6538.250 5.024e-18
6539.127 5.019e-18
6540.003 5.014e-18
6540.880 5.011e-18
6541.757 5.007e-18
6542.633 7.837e-18
6543.510 4.998e-18
6544.387 4.992e-18
6545.263 4.988e-18
6546.140 4.982e-18
6547.017 4.980e-18
6547.893 2.016e-17
6548.770 4.970e-18
6549.647 4.960e-18
6550.523 4.928e-18
6551.400 4.958e-18
6552.277 4.952e-18
6553.153 4.943e-18
6554.030 4.932e-18
6554.907 4.924e-18
6555.783 4.914e-18
6556.660 4.906e-18
6557.537 4.897e-18
6558.413 4.889e-18
6559.290 4.880e-18
6560.167 4.871e-18
6561.043 4.863e-18
6561.920 4.854e-18
6562.797 4.842e-18
6563.673 4.835e-18
6564.550 8.479e-17
6565.427 4.810e-18
6566.303 4.808e-18
6567.180 4.801e-18
6568.057 4.792e-18
6568.933 4.783e-18
6569.810 4.774e-18
6570.687 6.323e-18
6571.563 4.757e-18
6572.440 4.752e-18
6573.317 4.767e-18
6574.193 4.777e-18
6575.070 4.787e-18
6575.947 4.796e-18
6576.823 4.793e-18
6577.700 4.814e-18
6578.577 4.823e-18
6579.453 4.832e-18
6580.330 4.841e-18
6581.207 4.850e-18
6582.083 4.857e-18
6582.960 4.867e-18
6583.837 4.875e-18
6584.713 4.885e-18
6585.590 8.927e-18
6586.467 4.903e-18
6587.343 4.911e-18
6588.220 4.914e-18
6589.097 4.929e-18
6589.973 4.939e-18
6590.850 4.947e-18
6591.727 4.956e-18
6592.603 4.958e-18
6593.480 4.958e-18
6594.357 4.959e-18
6595.233 4.956e-18
6596.110 4.954e-18
6596.987 4.962e-18
6597.863 4.962e-18
6598.740 4.962e-18
6599.617 4.964e-18
6600.493 4.964e-18
6601.370 4.964e-18
6602.247 4.964e-18
6603.123 4.967e-18
6604.000 4.952e-18
6604.877 4.968e-18
6605.753 4.981e-18
6606.630 4.968e-18
6607.507 4.969e-18
6608.383 4.971e-18
6609.260 4.972e-18
6610.137 4.973e-18
6611.013 4.973e-18
6611.890 4.972e-18
6612.767 4.972e-18
6613.643 4.966e-18
6614.520 4.969e-18
6615.397 4.968e-18
6616.273 4.966e-18
6617.150 4.965e-18
6618.027 4.963e-18
6618.903 4.962e-18
6619.780 4.960e-18
6620.657 4.957e-18
6621.533 4.957e-18
6622.410 4.956e-18
6623.287 4.954e-18
6624.163 4.953e-18
6625.040 4.951e-18
6625.917 4.950e-18
6626.793 4.948e-18
6627.670 4.947e-18
6628.547 4.945e-18
6629.423 4.073e-17
6630.300 4.942e-18
6631.177 4.941e-18
6632.053 4.940e-18
6632.930 4.939e-18
6633.807 4.939e-18
6634.683 4.939e-18
6635.560 4.939e-18
6636.437 4.938e-18
6637.313 4.938e-18
6638.190 4.938e-18
6639.067 4.938e-18
6639.943 4.937e-18
6640.820 4.937e-18
6641.697 4.937e-18
6642.573 4.936e-18
6643.450 4.936e-18
6644.327 4.936e-18
6645.203 4.936e-18
6646.080 4.935e-18
6646.957 4.935e-18
6647.833 4.935e-18
6648.710 4.935e-18
6649.587 4.934e-18
6650.463 4.934e-18
6651.340 4.934e-18
6652.217 4.933e-18
6653.093 4.931e-18
6653.970 4.929e-18
6654.847 4.927e-18
6655.723 4.925e-18
6656.600 4.923e-18
6657.477 4.921e-18
6658.353 4.919e-18
6659.230 4.917e-18
6660.107 4.915e-18
6660.983 4.913e-18
6661.860 4.911e-18
6662.737 4.909e-18
6663.613 6.210e-18
6664.490 4.905e-18
6665.367 4.903e-18
6666.243 4.901e-18
6667.120 4.899e-18
6667.997 4.897e-18
6668.873 4.896e-18
6669.750 8.891e-18
6670.627 4.892e-18
6671.503 4.890e-18
6672.380 4.889e-18
6673.257 4.889e-18
6674.133 4.889e-18
6675.010 4.889e-18
6675.887 4.889e-18
6676.763 4.889e-18
6677.640 4.890e-18
6678.517 4.890e-18
6679.393 4.890e-18
6680.270 4.890e-18
6681.147 4.890e-18
6682.023 4.890e-18
6682.900 4.890e-18
6683.777 4.890e-18
6684.653 4.890e-18
6685.530 4.887e-18
6686.407 4.891e-18
6687.283 4.891e-18
6688.160 4.891e-18
6689.037 4.891e-18
6689.913 4.891e-18
6690.790 4.891e-18
6691.667 4.891e-18
6692.543 4.889e-18
6693.420 4.887e-18
6694.297 4.885e-18
6695.173 4.883e-18
6696.050 4.880e-18
6696.927 4.878e-18
6697.803 4.876e-18
6698.680 4.874e-18
6699.557 4.871e-18
6700.433 4.869e-18
6701.310 4.867e-18
6702.187 4.865e-18
6703.063 4.862e-18
6703.940 4.860e-18
6704.817 4.858e-18
6705.693 4.856e-18
6706.570 1.058e-17
6707.447 4.851e-18
6708.323 4.849e-18
6709.200 4.847e-18
6710.077 4.845e-18
6710.953 4.842e-18
6711.830 4.840e-18
6712.707 4.840e-18
6713.583 4.840e-18
6714.460 4.839e-18
6715.337 4.839e-18
6716.213 4.839e-18
6717.090 4.839e-18
6717.967 4.838e-18
6718.843 5.668e-18
6719.720 4.838e-18
6720.597 4.838e-18
6721.473 4.837e-18
6722.350 4.837e-18
6723.227 4.837e-18
6724.103 4.837e-18
6724.980 4.836e-18
6725.857 4.836e-18
6726.733 4.836e-18
6727.610 4.836e-18
6728.487 4.836e-18
6729.363 4.835e-18
6730.240 4.835e-18
6731.117 4.835e-18
6731.993 8.425e-18
6732.870 4.833e-18
6733.747 4.832e-18
6734.623 4.831e-18
6735.500 4.830e-18
6736.377 4.829e-18
6737.253 4.827e-18
6738.130 4.826e-18
6739.007 4.825e-18
6739.883 4.824e-18
6740.760 4.823e-18
6741.637 4.822e-18
6742.513 4.821e-18
6743.390 4.819e-18
6744.267 4.818e-18
6745.143 4.817e-18
6746.020 5.336e-18
6746.897 4.815e-18
6747.773 4.813e-18
6748.650 4.812e-18
6749.527 4.811e-18
6750.403 4.810e-18
6751.280 4.810e-18
6752.157 4.811e-18
6753.033 4.811e-18
6753.910 4.811e-18
6754.787 4.812e-18
6755.663 4.812e-18
6756.540 4.813e-18
6757.417 4.813e-18
6758.293 4.814e-18
6759.170 4.814e-18
6760.047 4.815e-18
6760.923 4.815e-18
6761.800 4.816e-18
6762.677 4.816e-18
6763.553 4.816e-18
6764.430 4.817e-18
6765.307 4.817e-18
6766.183 4.818e-18
6767.060 4.818e-18
6767.937 4.819e-18
6768.813 4.819e-18
6769.690 4.820e-18
6770.567 4.820e-18
6771.443 4.821e-18
6772.320 4.821e-18
6773.197 4.821e-18
6774.073 4.821e-18
6774.950 4.821e-18
6775.827 4.821e-18
6776.703 4.821e-18
6777.580 4.821e-18
6778.457 4.821e-18
6779.333 4.821e-18
6780.210 4.821e-18
6781.087 4.821e-18
6781.963 4.821e-18
6782.840 4.821e-18
6783.717 4.821e-18
6784.593 4.821e-18
6785.470 4.820e-18
6786.347 4.820e-18
6787.223 4.820e-18
6788.100 4.820e-18
6788.977 4.820e-18
6789.853 4.820e-18
6790.730 4.820e-18
6791.607 4.820e-18
6792.483 4.820e-18
6793.360 4.821e-18
6794.237 4.821e-18
6795.113 4.821e-18
6795.990 4.821e-18
6796.867 4.821e-18
6797.743 4.822e-18
6798.620 4.821e-18
6799.497 4.822e-18
6800.373 4.822e-18
6801.250 4.822e-18
6802.127 4.823e-18
6803.003 4.823e-18
6803.880 4.823e-18
6804.757 4.823e-18
6805.633 4.822e-18
6806.510 4.823e-18
6807.387 4.824e-18
6808.263 4.824e-18
6809.140 4.824e-18
6810.017 4.824e-18
6810.893 4.824e-18
6811.770 4.825e-18
6812.647 4.824e-18
6813.523 4.824e-18
6814.400 4.824e-18
6815.277 4.824e-18
6816.153 4.824e-18
6817.030 4.823e-18
6817.907 4.823e-18
6818.783 4.821e-18
6819.660 4.823e-18
6820.537 4.823e-18
6821.413 4.822e-18
6822.290 4.822e-18
6823.167 4.822e-18
6824.043 4.822e-18
6824.920 4.820e-18
6825.797 4.821e-18
6826.673 4.821e-18
6827.550 4.820e-18
6828.427 4.821e-18
6829.303 2.015e-17
6830.180 4.820e-18
6831.057 4.818e-18
6831.933 4.820e-18
6832.810 4.819e-18
6833.687 4.818e-18
6834.563 7.485e-17
6835.440 4.815e-18
6836.317 4.020e-16
6837.193 4.815e-18
6838.070 4.814e-18
6838.947 4.813e-18
6839.823 4.812e-18
6840.700 4.811e-18
6841.577 1.436e-17
6842.453 4.809e-18
6843.330 4.808e-18
6844.207 4.806e-18
6845.083 4.807e-18
6845.960 4.806e-18
6846.837 4.805e-18
6847.713 4.804e-18
6848.590 4.803e-18
6849.467 4.802e-18
6850.343 4.802e-18
6851.220 4.801e-18
6852.097 4.801e-18
6852.973 4.802e-18
6853.850 4.803e-18
6854.727 4.804e-18
6855.603 4.805e-18
6856.480 4.807e-18
6857.357 4.808e-18
6858.233 4.809e-18
6859.110 4.810e-18
6859.987 4.811e-18
6860.863 4.812e-18
6861.740 4.814e-18
6862.617 4.814e-18
6863.493 4.815e-18
6864.370 4.817e-18
6865.247 4.818e-18
6866.123 4.815e-18
6867.000 9.657e-18
6867.877 4.814e-18
6868.753 4.792e-18
6869.630 4.621e-18
6870.507 3.080e-18
6871.383 4.594e-18
6872.260 4.669e-18
6873.137 1.102e-18
6874.013 3.892e-18
6874.890 4.052e-18
6875.767 2.653e-18
6876.643 3.080e-18
6877.520 1.411e-18
6878.397 4.520e-18
6879.273 4.653e-18
6880.150 7.827e-18
6881.027 3.409e-18
6881.903 3.824e-18
6882.780 7.447e-18
6883.657 4.821e-18
6884.533 1.171e-17
6885.410 4.773e-18
6886.287 4.813e-18
6887.163 4.771e-18
6888.040 4.725e-18
6888.917 4.601e-18
6889.793 4.800e-18
6890.670 4.404e-18
6891.547 4.541e-18
6892.423 4.782e-18
6893.300 4.804e-18
6894.177 3.081e-18
6895.053 4.108e-18
6895.930 4.791e-18
6896.807 4.770e-18
6897.683 4.602e-18
6898.560 4.600e-18
6899.437 4.761e-18
6900.313 4.814e-18
6901.190 4.799e-18
6902.067 4.559e-18
6902.943 4.369e-18
6903.820 4.812e-18
6904.697 4.818e-18
6905.573 4.788e-18
6906.450 4.708e-18
6907.327 4.763e-18
6908.203 4.820e-18
6909.080 4.821e-18
6909.957 4.806e-18
6910.833 4.779e-18
6911.710 4.787e-18
6912.587 4.810e-18
6913.463 4.804e-18
6914.340 4.826e-18
6915.217 4.439e-18
6916.093 4.185e-18
6916.970 4.829e-18
6917.847 4.830e-18
6918.723 4.831e-18
6919.600 4.822e-18
6920.477 4.817e-18
6921.353 4.818e-18
6922.230 4.830e-18
6923.107 4.832e-18
6923.983 4.831e-18
6924.860 4.821e-18
6925.737 4.814e-18
6926.613 5.179e-18
6927.490 4.821e-18
6928.367 4.831e-18
6929.243 1.028e-17
6930.120 4.836e-18
6930.997 4.728e-18
6931.873 4.769e-18
6932.750 4.824e-18
6933.627 4.789e-18
6934.503 4.834e-18
6935.380 4.752e-18
6936.257 4.747e-18
6937.133 4.386e-18
6938.010 4.817e-18
6938.887 4.815e-18
6939.763 4.800e-18
6940.640 4.826e-18
6941.517 8.903e-17
6942.393 4.792e-18
6943.270 4.787e-18
6944.147 4.662e-18
6945.023 4.820e-18
6945.900 4.798e-18
6946.777 4.818e-18
6947.653 4.819e-18
6948.530 4.682e-18
6949.407 4.311e-18
6950.283 4.813e-18
6951.160 1.858e-16
6952.037 4.812e-18
6952.913 4.806e-18
6953.790 4.809e-18
6954.667 4.824e-18
6955.543 4.661e-18
6956.420 5.143e-18
6957.297 4.798e-18
6958.173 8.682e-18
6959.050 4.798e-18
6959.927 4.796e-18
6960.803 4.793e-18
6961.680 4.780e-18
6962.557 4.769e-18
6963.433 4.779e-18
6964.310 4.792e-18
6965.187 4.791e-18
6966.063 4.788e-18
6966.940 4.764e-18
6967.817 4.786e-18
6968.693 4.781e-18
6969.570 4.774e-18
6970.447 4.782e-18
6971.323 4.781e-18
6972.200 4.778e-18
6973.077 4.765e-18
6973.953 4.814e-18
6974.830 4.780e-18
6975.707 4.780e-18
6976.583 4.777e-18
6977.460 4.781e-18
6978.337 4.780e-18
6979.213 4.773e-18
6980.090 4.780e-18
6980.967 4.779e-18
6981.843 4.781e-18
6982.720 4.781e-18
6983.597 4.776e-18
6984.473 6.908e-18
6985.350 8.532e-18
6986.227 4.781e-18
6987.103 4.780e-18
6987.980 4.779e-18
6988.857 4.777e-18
6989.733 4.733e-18
6990.610 4.774e-18
6991.487 4.780e-18
6992.363 4.687e-18
6993.240 4.777e-18
6994.117 4.775e-18
6994.993 4.770e-18
6995.870 4.752e-18
6996.747 4.766e-18
6997.623 4.766e-18
6998.500 9.450e-18
6999.377 4.761e-18
7000.253 4.753e-18
7001.130 4.733e-18
7002.007 4.753e-18
7002.883 1.177e-17
7003.760 4.836e-18
7004.637 4.740e-18
7005.513 4.743e-18
7006.390 4.694e-18
7007.267 7.359e-18
7008.143 4.698e-18
7009.020 4.729e-18
7009.897 4.730e-18
7010.773 4.728e-18
7011.650 4.718e-18
7012.527 4.714e-18
7013.403 4.708e-18
7014.280 4.720e-18
7015.157 4.723e-18
7016.033 4.720e-18
7016.910 4.693e-18
7017.787 4.678e-18
7018.663 4.712e-18
7019.540 4.720e-18
7020.417 4.723e-18
7021.293 4.652e-18
7022.170 4.709e-18
7023.047 4.721e-18
7023.923 4.721e-18
7024.800 4.719e-18
7025.677 4.711e-18
7026.553 4.719e-18
7027.430 4.721e-18
7028.307 4.664e-18
7029.183 4.703e-18
7030.060 4.712e-18
7030.937 4.700e-18
7031.813 4.719e-18
7032.690 4.715e-18
7033.567 4.721e-18
7034.443 4.723e-18
7035.320 4.725e-18
7036.197 4.725e-18
7037.073 4.727e-18
7037.950 4.724e-18
7038.827 4.729e-18
7039.703 4.725e-18
7040.580 4.729e-18
7041.457 4.726e-18
7042.333 4.738e-18
7043.210 5.006e-17
7044.087 4.742e-18
7044.963 4.745e-18
7045.840 4.745e-18
7046.717 4.743e-18
7047.593 4.751e-18
7048.470 4.750e-18
7049.347 4.729e-18
7050.223 4.745e-18
7051.100 1.844e-17
7051.977 4.759e-18
7052.853 4.647e-18
7053.730 4.750e-18
7054.607 4.720e-18
7055.483 4.749e-18
7056.360 9.205e-18
7057.237 4.756e-18
7058.113 4.753e-18
7058.990 4.655e-18
7059.867 4.754e-18
7060.743 4.750e-18
7061.620 4.744e-18
7062.497 4.723e-18
7063.373 4.739e-18
7064.250 1.082e-17
7065.127 4.751e-18
7066.003 4.748e-18
7066.880 4.747e-18
7067.757 4.742e-18
7068.633 4.748e-18
7069.510 1.502e-17
7070.387 4.749e-18
7071.263 4.749e-18
7072.140 4.749e-18
7073.017 4.748e-18
7073.893 4.727e-18
7074.770 4.746e-18
7075.647 4.739e-18
7076.523 4.744e-18
7077.400 4.742e-18
7078.277 4.744e-18
7079.153 4.741e-18
7080.030 4.735e-18
7080.907 4.735e-18
7081.783 4.734e-18
7082.660 4.742e-18
7083.537 4.741e-18
7084.413 5.187e-18
7085.290 4.741e-18
7086.167 4.740e-18
7087.043 4.738e-18
7087.920 4.734e-18
7088.797 1.160e-17
7089.673 1.251e-17
7090.550 4.728e-18
7091.427 4.735e-18
7092.303 1.271e-17
7093.180 4.718e-18
7094.057 4.737e-18
7094.933 4.734e-18
7095.810 4.737e-18
7096.687 4.738e-18
7097.563 4.725e-18
7098.440 4.736e-18
7099.317 4.734e-18
7100.193 4.740e-18
7101.070 4.739e-18
7101.947 4.737e-18
7102.823 4.739e-18
7103.700 4.740e-18
7104.577 4.742e-18
7105.453 4.742e-18
7106.330 4.739e-18
7107.207 4.737e-18
7108.083 4.712e-18
7108.960 4.740e-18
7109.837 4.745e-18
7110.713 4.745e-18
7111.590 4.744e-18
7112.467 4.743e-18
7113.343 4.738e-18
7114.220 4.745e-18
7115.097 4.744e-18
7115.973 4.739e-18
7116.850 4.745e-18
7117.727 4.737e-18
7118.603 4.744e-18
7119.480 4.744e-18
7120.357 4.715e-18
7121.233 4.737e-18
7122.110 4.743e-18
7122.987 4.743e-18
7123.863 4.742e-18
7124.740 4.728e-18
7125.617 4.742e-18
7126.493 4.742e-18
7127.370 4.739e-18
7128.247 4.741e-18
7129.123 4.741e-18
7130.000 4.731e-18
7130.877 4.738e-18
7131.753 4.739e-18
7132.630 4.739e-18
7133.507 4.738e-18
7134.383 4.740e-18
7135.260 7.216e-18
7136.137 4.715e-18
7137.013 4.736e-18
7137.890 4.740e-18
7138.767 4.739e-18
7139.643 4.735e-18
7140.520 4.740e-18
7141.397 4.738e-18
7142.273 4.697e-18
7143.150 9.225e-18
7144.027 4.731e-18
7144.903 4.695e-18
7145.780 4.740e-18
7146.657 1.465e-17
7147.533 5.126e-18
7148.410 4.734e-18
7149.287 4.737e-18
7150.163 4.738e-18
7151.040 4.740e-18
7151.917 5.572e-18
7152.793 4.717e-18
7153.670 4.734e-18
7154.547 4.734e-18
7155.423 4.735e-18
7156.300 4.739e-18
7157.177 4.734e-18
7158.053 4.736e-18
7158.930 4.735e-18
7159.807 4.734e-18
7160.683 4.674e-18
7161.560 4.733e-18
7162.437 4.733e-18
7163.313 4.736e-18
7164.190 4.725e-18
7165.067 4.730e-18
7165.943 4.721e-18
7166.820 4.709e-18
7167.697 4.683e-18
7168.573 4.714e-18
7169.450 4.673e-18
7170.327 4.725e-18
7171.203 6.367e-18
7172.080 4.475e-18
7172.957 4.679e-18
7173.833 4.698e-18
7174.710 3.966e-18
7175.587 1.749e-17
7176.463 4.721e-18
7177.340 4.694e-18
7178.217 4.585e-18
7179.093 4.094e-18
7179.970 4.709e-18
7180.847 4.710e-18
7181.723 4.716e-18
7182.600 4.719e-18
7183.477 3.619e-18
7184.353 4.688e-18
7185.230 4.715e-18
7186.107 7.393e-18
7186.983 4.654e-18
7187.860 4.677e-18
7188.737 4.665e-18
7189.613 4.620e-18
7190.490 4.705e-18
7191.367 5.539e-18
7192.243 4.707e-18
7193.120 4.664e-18
7193.997 4.633e-18
7194.873 4.700e-18
7195.750 3.635e-18
7196.627 4.702e-18
7197.503 4.705e-18
7198.380 4.700e-18
7199.257 4.376e-18
7200.133 4.686e-18
7201.010 4.705e-18
7201.887 7.499e-18
7202.763 8.300e-18
7203.640 4.666e-18
7204.517 4.698e-18
7205.393 4.715e-18
7206.270 2.900e-18
7207.147 4.715e-18
7208.023 4.683e-18
7208.900 4.707e-18
7209.777 4.709e-18
7210.653 4.730e-18
7211.530 4.053e-18
7212.407 4.707e-18
7213.283 4.662e-18
7214.160 4.720e-18
7215.037 4.741e-18
7215.913 4.733e-18
7216.790 4.740e-18
7217.667 4.739e-18
7218.543 4.146e-18
7219.420 4.746e-18
7220.297 4.740e-18
7221.173 4.745e-18
7222.050 4.747e-18
7222.927 4.756e-18
7223.803 4.760e-18
7224.680 4.759e-18
7225.557 7.220e-18
7226.433 4.761e-18
7227.310 4.793e-18
7228.187 4.769e-18
7229.063 4.762e-18
7229.940 4.747e-18
7230.817 5.674e-18
7231.693 4.776e-18
7232.570 4.761e-18
7233.447 4.777e-18
7234.323 4.603e-18
7235.200 1.949e-17
7236.077 4.757e-18
7236.953 4.650e-18
7237.830 4.761e-18
7238.707 4.779e-18
7239.583 4.787e-18
7240.460 4.788e-18
7241.337 4.785e-18
7242.213 6.409e-16
7243.090 4.738e-18
7243.967 6.959e-17
7244.843 4.820e-18
7245.720 2.907e-18
7246.597 1.020e-17
7247.473 4.727e-18
7248.350 4.795e-18
7249.227 4.448e-18
7250.103 4.801e-18
7250.980 4.588e-18
7251.857 4.797e-18
7252.733 1.100e-17
7253.610 4.795e-18
7254.487 4.349e-18
7255.363 4.659e-18
7256.240 4.797e-18
7257.117 4.809e-18
7257.993 4.782e-18
7258.870 4.798e-18
7259.747 4.761e-18
7260.623 4.721e-18
7261.500 4.786e-18
7262.377 4.798e-18
7263.253 6.687e-18
7264.130 4.716e-18
7265.007 4.562e-18
7265.883 4.806e-18
7266.760 4.716e-18
7267.637 3.331e-18
7268.513 5.636e-18
7269.390 4.924e-18
7270.267 4.801e-18
7271.143 3.903e-17
7272.020 4.762e-18
7272.897 4.805e-18
7273.773 4.818e-18
7274.650 4.774e-18
7275.527 4.804e-18
7276.403 4.814e-18
7277.280 4.664e-18
7278.157 4.789e-18
7279.033 1.053e-17
7279.910 4.769e-18
7280.787 4.677e-18
7281.663 4.651e-18
7282.540 4.792e-18
7283.417 4.807e-18
7284.293 4.428e-18
7285.170 4.738e-18
7286.047 4.813e-18
7286.923 8.872e-18
7287.800 6.359e-18
7288.677 4.810e-18
7289.553 4.726e-18
7290.430 4.794e-18
7291.307 4.809e-18
7292.183 4.802e-18
7293.060 2.076e-17
7293.937 4.793e-18
7294.813 4.771e-18
7295.690 4.810e-18
7296.567 4.806e-18
7297.443 4.805e-18
7298.320 4.719e-18
7299.197 4.818e-18
7300.073 4.796e-18
7300.950 4.825e-18
7301.827 4.646e-18
7302.703 4.787e-18
7303.580 4.828e-18
7304.457 4.806e-18
7305.333 4.664e-18
7306.210 3.798e-18
7307.087 4.819e-18
7307.963 4.805e-18
7308.840 4.837e-18
7309.717 4.835e-18
7310.593 4.804e-18
7311.470 4.430e-18
7312.347 4.783e-18
7313.223 4.819e-18
7314.100 4.840e-18
7314.977 4.757e-18
7315.853 4.844e-18
7316.730 4.836e-18
7317.607 4.689e-18
7318.483 4.841e-18
7319.360 4.492e-18
7320.237 4.774e-18
7321.113 4.842e-18
7321.990 4.850e-18
7322.867 4.663e-18
7323.743 4.850e-18
7324.620 4.851e-18
7325.497 4.850e-18
7326.373 4.848e-18
7327.250 4.853e-18
7328.127 4.853e-18
7329.003 4.819e-18
7329.880 4.851e-18
7330.757 4.854e-18
7331.633 4.853e-18
7332.510 4.852e-18
7333.387 4.855e-18
7334.263 1.265e-17
7335.140 4.736e-18
7336.017 4.852e-18
7336.893 4.855e-18
7337.770 4.820e-18
7338.647 4.859e-18
7339.523 4.859e-18
7340.400 4.861e-18
7341.277 4.853e-18
7342.153 4.839e-18
7343.030 5.691e-17
7343.907 4.856e-18
7344.783 4.863e-18
7345.660 4.857e-18
7346.537 9.522e-18
7347.413 4.863e-18
7348.290 4.863e-18
7349.167 4.863e-18
7350.043 4.789e-18
7350.920 4.863e-18
7351.797 4.860e-18
7352.673 3.204e-17
7353.550 4.868e-18
7354.427 4.868e-18
7355.303 5.165e-18
7356.180 4.868e-18
7357.057 4.870e-18
7357.933 4.871e-18
7358.810 4.869e-18
7359.687 4.872e-18
7360.563 4.873e-18
7361.440 4.874e-18
7362.317 7.338e-18
7363.193 4.865e-18
7364.070 4.844e-18
7364.947 4.874e-18
7365.823 4.729e-18
7366.700 9.630e-18
7367.577 8.022e-18
7368.453 4.881e-18
7369.330 4.882e-18
7370.207 4.879e-18
7371.083 4.858e-18
7371.960 4.874e-18
7372.837 4.852e-18
7373.713 4.877e-18
7374.590 4.882e-18
7375.467 5.721e-18
7376.343 4.878e-18
7377.220 4.881e-18
7378.097 4.879e-18
7378.973 4.878e-18
7379.850 5.669e-18
7380.727 4.877e-18
7381.603 4.877e-18
7382.480 4.859e-18
7383.357 4.870e-18
7384.233 4.864e-18
7385.110 4.855e-18
7385.987 4.866e-18
7386.863 4.871e-18
7387.740 4.872e-18
7388.617 4.872e-18
7389.493 4.870e-18
7390.370 7.622e-18
7391.247 4.867e-18
7392.123 1.168e-17
7393.000 4.866e-18
7393.877 4.861e-18
7394.753 6.310e-18
7395.630 4.865e-18
7396.507 4.868e-18
7397.383 5.682e-18
7398.260 4.854e-18
7399.137 4.796e-18
7400.013 4.865e-18
7400.890 4.867e-18
7401.767 4.867e-18
7402.643 4.865e-18
7403.520 4.860e-18
7404.397 4.866e-18
7405.273 4.866e-18
7406.150 4.864e-18
7407.027 4.865e-18
7407.903 4.865e-18
7408.780 4.864e-18
7409.657 4.863e-18
7410.533 4.864e-18
7411.410 4.864e-18
7412.287 4.853e-18
7413.163 4.864e-18
7414.040 1.054e-17
7414.917 4.872e-18
7415.793 2.100e-17
7416.670 4.847e-18
7417.547 4.864e-18
7418.423 4.864e-18
7419.300 4.884e-18
7420.177 4.886e-18
7421.053 4.889e-18
7421.930 4.891e-18
7422.807 4.893e-18
7423.683 4.894e-18
7424.560 4.898e-18
7425.437 4.901e-18
7426.313 4.903e-18
7427.190 4.902e-18
7428.067 4.905e-18
7428.943 4.910e-18
7429.820 4.911e-18
7430.697 4.915e-18
7431.573 4.917e-18
7432.450 4.919e-18
7433.327 4.916e-18
7434.203 4.920e-18
7435.080 4.920e-18
7435.957 4.921e-18
7436.833 4.920e-18
7437.710 4.922e-18
7438.587 4.922e-18
7439.463 4.922e-18
7440.340 2.385e-16
7441.217 6.959e-18
7442.093 4.924e-18
7442.970 4.923e-18
7443.847 4.925e-18
7444.723 4.926e-18
7445.600 4.926e-18
7446.477 4.926e-18
7447.353 4.927e-18
7448.230 4.927e-18
7449.107 9.642e-18
7449.983 4.928e-18
7450.860 4.929e-18
7451.737 4.929e-18
7452.613 4.930e-18
7453.490 4.927e-18
7454.367 4.933e-18
7455.243 4.935e-18
7456.120 4.936e-18
7456.997 4.938e-18
7457.873 4.939e-18
7458.750 4.942e-18
7459.627 4.943e-18
7460.503 4.939e-18
7461.380 4.947e-18
7462.257 4.947e-18
7463.133 4.950e-18
7464.010 4.952e-18
7464.887 4.954e-18
7465.763 5.121e-18
7466.640 4.957e-18
7467.517 4.959e-18
7468.393 4.960e-18
7469.270 4.962e-18
7470.147 4.964e-18
7471.023 4.965e-18
7471.900 1.053e-17
7472.777 5.958e-17
7473.653 1.237e-16
7474.530 4.970e-18
7475.407 4.971e-18
7476.283 4.971e-18
7477.160 4.972e-18
7478.037 4.973e-18
7478.913 4.973e-18
7479.790 4.974e-18
7480.667 4.975e-18
7481.543 4.976e-18
7482.420 4.977e-18
7483.297 4.977e-18
7484.173 4.978e-18
7485.050 4.979e-18
7485.927 4.980e-18
7486.803 4.981e-18
7487.680 4.981e-18
7488.557 4.982e-18
7489.433 4.983e-18
7490.310 2.418e-17
7491.187 4.984e-18
7492.063 4.984e-18
7492.940 4.986e-18
7493.817 4.987e-18
7494.693 4.988e-18
7495.570 4.989e-18
7496.447 4.990e-18
7497.323 4.992e-18
7498.200 4.993e-18
7499.077 4.994e-18
7499.953 4.995e-18
7500.830 4.996e-18
7501.707 5.964e-18
7502.583 4.998e-18
7503.460 4.999e-18
7504.337 1.213e-17
7505.213 5.001e-18
7506.090 5.002e-18
7506.967 5.003e-18
7507.843 5.004e-18
7508.720 5.006e-18
7509.597 5.007e-18
7510.473 5.008e-18
7511.350 5.009e-18
7512.227 5.010e-18
7513.103 5.011e-18
7513.980 5.013e-18
7514.857 5.014e-18
7515.733 5.015e-18
7516.610 5.017e-18
7517.487 5.017e-18
7518.363 5.019e-18
7519.240 2.957e-17
7520.117 5.022e-18
7520.993 5.023e-18
7521.870 5.025e-18
7522.747 5.026e-18
7523.623 5.027e-18
7524.500 5.029e-18
7525.377 5.030e-18
7526.253 5.032e-18
7527.130 5.033e-18
7528.007 5.034e-18
7528.883 5.036e-18
7529.760 5.037e-18
7530.637 5.038e-18
7531.513 5.040e-18
7532.390 5.041e-18
7533.267 5.042e-18
7534.143 5.044e-18
7535.020 5.045e-18
7535.897 5.046e-18
7536.773 5.047e-18
7537.650 5.049e-18
7538.527 5.050e-18
7539.403 5.052e-18
7540.280 5.053e-18
7541.157 5.054e-18
7542.033 5.055e-18
7542.910 5.056e-18
7543.787 5.058e-18
7544.663 5.059e-18
7545.540 5.060e-18
7546.417 5.061e-18
7547.293 5.063e-18
7548.170 5.064e-18
7549.047 5.756e-18
7549.923 5.066e-18
7550.800 5.068e-18
7551.677 5.069e-18
7552.553 5.070e-18
7553.430 5.071e-18
7554.307 5.072e-18
7555.183 5.073e-18
7556.060 5.074e-18
7556.937 5.075e-18
7557.813 5.077e-18
7558.690 5.078e-18
7559.567 3.165e-16
7560.443 5.080e-18
7561.320 5.081e-18
7562.197 5.082e-18
7563.073 5.083e-18
7563.950 5.084e-18
7564.827 5.085e-18
7565.703 1.198e-17
7566.580 5.087e-18
7567.457 5.088e-18
7568.333 5.089e-18
7569.210 5.090e-18
7570.087 5.091e-18
7570.963 5.092e-18
7571.840 5.093e-18
7572.717 5.094e-18
7573.593 5.095e-18
7574.470 5.096e-18
7575.347 5.097e-18
7576.223 5.098e-18
7577.100 5.099e-18
7577.977 5.100e-18
7578.853 5.101e-18
7579.730 5.102e-18
7580.607 5.103e-18
7581.483 5.104e-18
7582.360 5.105e-18
7583.237 5.106e-18
7584.113 5.107e-18
7584.990 5.108e-18
7585.867 5.108e-18
7586.743 5.109e-18
7587.620 5.110e-18
7588.497 5.110e-18
7589.373 5.110e-18
7590.250 5.109e-18
7591.127 5.108e-18
7592.003 5.105e-18
7592.880 5.102e-18
7593.757 5.095e-18
7594.633 5.081e-18
7595.510 4.980e-18
7596.387 3.946e-18
7597.263 1.186e-18
7598.140 3.113e-18
7599.017 4.078e-18
7599.893 3.823e-18
7600.770 1.312e-20
7601.647 3.789e-18
7602.523 5.464e-20
7603.400 3.293e-18
7604.277 6.949e-19
7605.153 3.056e-18
7606.030 2.610e-18
7606.907 2.666e-18
7607.783 4.833e-21
7608.660 7.847e-19
7609.537 3.094e-18
7610.413 3.039e-18
7611.290 4.521e-20
7612.167 2.884e-18
7613.043 3.616e-18
7613.920 1.680e-18
7614.797 3.612e-18
7615.673 3.745e-18
7616.550 5.117e-18
7617.427 3.067e-18
7618.303 4.526e-19
7619.180 4.977e-18
7620.057 3.204e-17
7620.933 5.066e-18
7621.810 1.313e-17
7622.687 4.158e-18
7623.563 4.354e-18
7624.440 4.781e-18
7625.317 6.417e-20
7626.193 3.410e-18
7627.070 3.909e-18
7627.947 4.733e-18
7628.823 2.937e-18
7629.700 3.577e-18
7630.577 6.184e-17
7631.453 4.683e-18
7632.330 1.485e-17
7633.207 1.084e-19
7634.083 5.697e-19
7634.960 4.298e-18
7635.837 4.795e-18
7636.713 4.177e-18
7637.590 2.499e-18
7638.467 7.515e-21
7639.343 1.732e-17
7640.220 4.850e-18
7641.097 1.691e-17
7641.973 2.601e-18
7642.850 2.644e-21
7643.727 1.299e-17
7644.603 4.926e-18
7645.480 4.764e-18
7646.357 6.255e-20
7647.233 1.280e-18
7648.110 4.574e-18
7648.987 4.994e-18
7649.863 4.990e-18
7650.740 4.197e-18
7651.617 7.133e-18
7652.493 3.236e-18
7653.370 4.985e-18
7654.247 5.052e-18
7655.123 5.018e-18
7656.000 3.001e-18
7656.877 4.389e-18
7657.753 4.663e-18
7658.630 5.056e-18
7659.507 5.081e-18
7660.383 5.055e-18
7661.260 3.911e-18
7662.137 4.678e-18
7663.013 4.819e-18
7663.890 5.076e-18
7664.767 5.095e-18
7665.643 5.087e-18
7666.520 4.956e-18
7667.397 4.858e-18
7668.273 4.413e-18
7669.150 5.075e-18
7670.027 5.094e-18
7670.903 5.097e-18
7671.780 5.084e-18
7672.657 2.033e-18
7673.533 4.790e-18
7674.410 5.057e-18
7675.287 5.070e-18
7676.163 5.116e-18
7677.040 5.102e-18
7677.917 5.114e-18
7678.793 4.474e-18
7679.670 2.785e-18
7680.547 5.125e-18
7681.423 5.136e-18
7682.300 5.138e-18
7683.177 5.144e-18
7684.053 5.134e-18
7684.930 3.735e-18
7685.807 4.538e-18
7686.683 5.154e-18
7687.560 5.158e-18
7688.437 5.161e-18
7689.313 5.164e-18
7690.190 5.126e-18
7691.067 5.143e-18
7691.943 5.161e-18
7692.820 5.170e-18
7693.697 6.112e-18
7694.573 5.178e-18
7695.450 5.179e-18
7696.327 5.182e-18
7697.203 5.184e-18
7698.080 5.079e-18
7698.957 4.449e-18
7699.833 5.189e-18
7700.710 5.191e-18
7701.587 5.870e-17
7702.463 5.195e-18
7703.340 5.194e-18
7704.217 5.197e-18
7705.093 5.197e-18
7705.970 7.710e-18
7706.847 5.204e-18
7707.723 5.206e-18
7708.600 5.208e-18
7709.477 5.210e-18
7710.353 5.212e-18
7711.230 5.213e-18
7712.107 5.190e-18
7712.983 6.860e-18
7713.860 5.219e-18
7714.737 1.469e-15
7715.613 5.221e-18
7716.490 5.225e-18
7717.367 5.227e-18
7718.243 5.225e-18
7719.120 3.637e-16
7719.997 5.232e-18
7720.873 5.235e-18
7721.750 5.237e-18
7722.627 5.237e-18
7723.503 5.230e-18
7724.380 5.243e-18
7725.257 5.245e-18
7726.133 5.247e-18
7727.010 5.218e-18
7727.887 5.172e-18
7728.763 5.252e-18
7729.640 5.254e-18
7730.517 5.256e-18
7731.393 5.256e-18
7732.270 5.255e-18
7733.147 5.261e-18
7734.023 5.613e-18
7734.900 6.694e-18
7735.777 5.260e-18
7736.653 5.263e-18
7737.530 5.264e-18
7738.407 5.264e-18
7739.283 5.265e-18
7740.160 5.266e-18
7741.037 1.185e-17
7741.913 5.266e-18
7742.790 5.267e-18
7743.667 5.268e-18
7744.543 5.269e-18
7745.420 5.269e-18
7746.297 5.272e-18
7747.173 5.270e-18
7748.050 5.271e-18
7748.927 5.273e-18
7749.803 5.274e-18
7750.680 5.276e-18
7751.557 3.966e-16
7752.433 5.279e-18
7753.310 5.283e-18
7754.187 5.286e-18
7755.063 5.289e-18
7755.940 5.292e-18
7756.817 5.295e-18
7757.693 5.298e-18
7758.570 7.953e-18
7759.447 5.305e-18
7760.323 5.308e-18
7761.200 5.311e-18
7762.077 3.492e-17
7762.953 5.317e-18
7763.830 5.320e-18
7764.707 5.323e-18
7765.583 5.327e-18
7766.460 7.407e-18
7767.337 5.333e-18
7768.213 5.336e-18
7769.090 5.339e-18
7769.967 5.342e-18
7770.843 5.345e-18
7771.720 5.348e-18
7772.597 5.351e-18
7773.473 5.353e-18
7774.350 5.355e-18
7775.227 5.359e-18
7776.103 5.360e-18
7776.980 5.362e-18
7777.857 5.363e-18
7778.733 5.366e-18
7779.610 5.368e-18
7780.487 5.371e-18
7781.363 1.609e-17
7782.240 5.375e-18
7783.117 5.377e-18
7783.993 5.379e-18
7784.870 5.382e-18
7785.747 9.388e-18
7786.623 5.386e-18
7787.500 5.388e-18
7788.377 5.572e-18
7789.253 5.393e-18
7790.130 5.395e-18
7791.007 5.397e-18
7791.883 1.228e-17
7792.760 2.731e-17
7793.637 5.404e-18
7794.513 5.406e-18
7795.390 5.410e-18
7796.267 2.386e-15
7797.143 5.488e-18
7798.020 5.418e-18
7798.897 5.421e-18
7799.773 5.423e-18
7800.650 5.426e-18
7801.527 9.836e-18
7802.403 5.431e-18
7803.280 5.434e-18
7804.157 5.437e-18
7805.033 5.438e-18
7805.910 5.442e-18
7806.787 5.445e-18
7807.663 5.448e-18
7808.540 1.248e-17
7809.417 5.453e-18
7810.293 5.456e-18
7811.170 5.458e-18
7812.047 5.461e-18
7812.923 5.463e-18
7813.800 6.556e-18
7814.677 5.468e-18
7815.553 5.708e-18
7816.430 5.472e-18
7817.307 5.474e-18
7818.183 5.476e-18
7819.060 5.478e-18
7819.937 5.480e-18
7820.813 5.482e-18
7821.690 5.484e-18
7822.567 5.486e-18
7823.443 5.488e-18
7824.320 1.306e-17
7825.197 5.493e-18
7826.073 5.495e-18
7826.950 5.497e-18
7827.827 9.831e-18
7828.703 5.501e-18
7829.580 5.503e-18
7830.457 5.785e-18
7831.333 5.507e-18
7832.210 5.510e-18
7833.087 5.513e-18
7833.963 5.515e-18
7834.840 5.518e-18
7835.717 5.157e-17
7836.593 5.524e-18
7837.470 5.527e-18
7838.347 5.530e-18
7839.223 5.533e-18
7840.100 5.536e-18
7840.977 5.538e-18
7841.853 5.530e-18
7842.730 5.543e-18
7843.607 5.548e-18
7844.483 5.551e-18
7845.360 5.553e-18
7846.237 5.556e-18
7847.113 5.559e-18
7847.990 7.948e-18
7848.867 5.564e-18
7849.743 5.568e-18
7850.620 5.571e-18
7851.497 5.574e-18
7852.373 5.576e-18
7853.250 5.579e-18
7854.127 3.861e-17
7855.003 5.584e-18
7855.880 5.586e-18
7856.757 5.578e-18
7857.633 5.591e-18
7858.510 5.594e-18
7859.387 5.597e-18
7860.263 3.310e-17
7861.140 5.596e-18
7862.017 5.604e-18
7862.893 3.601e-17
7863.770 5.609e-18
7864.647 5.612e-18
7865.523 5.613e-18
7866.400 5.614e-18
7867.277 5.619e-18
7868.153 5.582e-18
7869.030 5.623e-18
7869.907 3.449e-16
7870.783 5.629e-18
7871.660 5.631e-18
7872.537 5.632e-18
7873.413 5.637e-18
7874.290 5.639e-18
7875.167 5.639e-18
7876.043 5.643e-18
7876.920 5.647e-18
7877.797 5.648e-18
7878.673 5.558e-18
7879.550 5.654e-18
7880.427 7.440e-17
7881.303 5.659e-18
7882.180 5.653e-18
7883.057 5.672e-18
7883.933 7.190e-17
7884.810 5.669e-18
7885.687 5.671e-18
7886.563 1.673e-17
7887.440 5.674e-18
7888.317 5.660e-18
7889.193 5.637e-18
7890.070 1.824e-17
7890.947 2.030e-17
7891.823 4.463e-16
7892.700 1.637e-17
7893.577 5.691e-18
7894.453 5.692e-18
7895.330 5.737e-18
7896.207 3.790e-17
7897.083 5.661e-18
7897.960 5.684e-18
7898.837 5.702e-18
7899.713 5.705e-18
7900.590 5.707e-18
7901.467 5.708e-18
7902.343 5.710e-18
7903.220 5.707e-18
7904.097 5.632e-18
7904.973 6.665e-18
7905.850 5.710e-18
7906.727 5.719e-18
7907.603 5.721e-18
7908.480 5.720e-18
7909.357 5.714e-18
7910.233 5.724e-18
7911.110 5.694e-18
7911.987 5.728e-18
7912.863 5.607e-18
7913.740 5.733e-18
7914.617 5.735e-18
7915.493 5.737e-18
7916.370 5.739e-18
7917.247 1.218e-17
7918.123 5.738e-18
7919.000 5.731e-18
7919.877 5.713e-18
7920.753 5.749e-18
7921.630 5.749e-18
7922.507 5.743e-18
7923.383 1.938e-16
7924.260 5.755e-18
7925.137 5.756e-18
7926.013 5.756e-18
7926.890 5.756e-18
7927.767 5.762e-18
7928.643 5.764e-18
7929.520 5.765e-18
7930.397 1.118e-17
7931.273 5.761e-18
7932.150 5.746e-18
7933.027 1.311e-16
7933.903 5.719e-18
7934.780 5.776e-18
7935.657 5.856e-18
7936.533 5.782e-18
7937.410 1.091e-17
7938.287 5.786e-18
7939.163 5.776e-18
7940.040 5.790e-18
7940.917 6.940e-18
7941.793 5.794e-18
7942.670 8.992e-18
7943.547 5.798e-18
7944.423 1.383e-17
7945.300 5.803e-18
7946.177 1.858e-17
7947.053 5.807e-18
7947.930 5.808e-18
7948.807 5.809e-18
7949.683 5.809e-18
7950.560 5.815e-18
7951.437 8.276e-16
7952.313 5.818e-18
7953.190 5.804e-18
7954.067 5.824e-18
7954.943 5.831e-18
7955.820 5.827e-18
7956.697 5.838e-18
7957.573 5.841e-18
7958.450 5.829e-18
7959.327 5.848e-18
7960.203 5.849e-18
7961.080 5.851e-18
7961.957 5.858e-18
7962.833 5.768e-18
7963.710 5.823e-18
7964.587 5.865e-18
7965.463 5.839e-18
7966.340 5.866e-18
7967.217 5.856e-18
7968.093 5.884e-18
7968.970 5.888e-18
7969.847 5.886e-18
7970.723 5.870e-18
7971.600 9.103e-18
7972.477 5.900e-18
7973.353 5.899e-18
7974.230 5.898e-18
7975.107 5.906e-18
7975.983 5.905e-18
7976.860 5.907e-18
7977.737 1.092e-17
7978.613 5.899e-18
7979.490 5.915e-18
7980.367 5.915e-18
7981.243 5.916e-18
7982.120 5.898e-18
7982.997 5.920e-18
7983.873 5.921e-18
7984.750 5.924e-18
7985.627 5.925e-18
7986.503 5.751e-18
7987.380 5.929e-18
7988.257 1.360e-17
7989.133 6.024e-18
7990.010 5.933e-18
7990.887 5.936e-18
7991.763 5.938e-18
7992.640 5.937e-18
7993.517 5.942e-18
7994.393 5.946e-18
7995.270 5.938e-18
7996.147 6.089e-18
7997.023 5.953e-18
7997.900 5.954e-18
7998.777 5.942e-18
7999.653 1.576e-17
8000.530 5.897e-18
8001.407 5.954e-18
8002.283 1.229e-17
8003.160 5.943e-18
8004.037 1.401e-17
8004.913 5.981e-18
8005.790 5.978e-18
8006.667 5.979e-18
8007.543 5.988e-18
8008.420 5.992e-18
8009.297 5.984e-18
8010.173 5.990e-18
8011.050 6.001e-18
8011.927 6.005e-18
8012.803 1.635e-17
8013.680 6.008e-18
8014.557 5.983e-18
8015.433 5.996e-18
8016.310 4.268e-16
8017.187 6.015e-18
8018.063 6.017e-18
8018.940 6.018e-18
8019.817 6.014e-18
8020.693 6.019e-18
8021.570 6.025e-18
8022.447 6.008e-18
8023.323 6.027e-18
8024.200 5.996e-18
8025.077 6.008e-18
8025.953 2.786e-17
8026.830 6.035e-18
8027.707 6.036e-18
8028.583 6.038e-18
8029.460 6.040e-18
8030.337 5.880e-17
8031.213 5.456e-17
8032.090 1.056e-17
8032.967 6.049e-18
8033.843 6.077e-18
8034.720 6.052e-18
8035.597 6.049e-18
8036.473 5.918e-18
8037.350 6.052e-18
8038.227 6.057e-18
8039.103 6.059e-18
8039.980 6.055e-18
8040.857 6.065e-18
8041.733 1.353e-17
8042.610 6.068e-18
8043.487 6.069e-18
8044.363 6.065e-18
8045.240 6.055e-18
8046.117 6.025e-18
8046.993 6.075e-18
8047.870 6.030e-18
8048.747 8.467e-18
8049.623 6.083e-18
8050.500 6.084e-18
8051.377 6.082e-18
8052.253 6.189e-18
8053.130 6.091e-18
8054.007 6.093e-18
8054.883 6.092e-18
8055.760 6.098e-18
8056.637 6.064e-18
8057.513 6.105e-18
8058.390 6.106e-18
8059.267 6.437e-18
8060.143 6.113e-18
8061.020 6.082e-18
8061.897 6.110e-18
8062.773 6.121e-18
8063.650 6.124e-18
8064.527 1.807e-16
8065.403 6.101e-18
8066.280 6.132e-18
8067.157 6.134e-18
8068.033 6.120e-18
8068.910 6.141e-18
8069.787 1.185e-17
8070.663 6.143e-18
8071.540 6.142e-18
8072.417 6.136e-18
8073.293 6.128e-18
8074.170 6.154e-18
8075.047 6.155e-18
8075.923 6.156e-18
8076.800 6.159e-18
8077.677 6.140e-18
8078.553 6.114e-18
8079.430 1.044e-17
8080.307 6.160e-18
8081.183 6.160e-18
8082.060 6.161e-18
8082.937 6.163e-18
8083.813 6.146e-18
8084.690 6.166e-18
8085.567 6.168e-18
8086.443 6.168e-18
8087.320 6.099e-18
8088.197 6.168e-18
8089.073 6.172e-18
8089.950 6.173e-18
8090.827 6.161e-18
8091.703 6.175e-18
8092.580 6.143e-18
8093.457 6.172e-18
8094.333 6.178e-18
8095.210 6.187e-18
8096.087 6.185e-18
8096.963 6.184e-18
8097.840 6.196e-18
8098.717 6.134e-18
8099.593 6.195e-18
8100.470 6.202e-18
8101.347 6.206e-18
8102.223 6.216e-18
8103.100 6.219e-18
8103.977 6.214e-18
8104.853 6.227e-18
8105.730 6.227e-18
8106.607 8.450e-18
8107.483 6.236e-18
8108.360 6.235e-18
8109.237 6.238e-18
8110.113 6.047e-18
8110.990 7.682e-18
8111.867 6.252e-18
8112.743 6.171e-18
8113.620 1.187e-17
8114.497 6.233e-18
8115.373 9.892e-18
8116.250 6.077e-18
8117.127 6.238e-18
8118.003 6.272e-18
8118.880 6.269e-18
8119.757 6.277e-18
8120.633 6.237e-18
8121.510 6.279e-18
8122.387 6.280e-18
8123.263 6.280e-18
8124.140 6.287e-18
8125.017 6.198e-18
8125.893 6.238e-18
8126.770 6.295e-18
8127.647 6.034e-18
8128.523 9.539e-18
8129.400 6.259e-18
8130.277 6.304e-18
8131.153 6.307e-18
8132.030 6.295e-18
8132.907 1.293e-17
8133.783 1.348e-17
8134.660 6.264e-18
8135.537 6.251e-18
8136.413 6.287e-18
8137.290 5.350e-18
8138.167 6.316e-18
8139.043 1.881e-17
8139.920 6.329e-18
8140.797 6.326e-18
8141.673 6.329e-18
8142.550 6.315e-18
8143.427 6.321e-18
8144.303 6.011e-18
8145.180 6.339e-18
8146.057 5.637e-18
8146.933 6.334e-18
8147.810 6.344e-18
8148.687 8.133e-17
8149.563 6.218e-18
8150.440 6.195e-18
8151.317 6.327e-18
8152.193 6.055e-18
8153.070 6.358e-18
8153.947 6.358e-18
8154.823 5.756e-18
8155.700 6.322e-18
8156.577 6.094e-18
8157.453 6.354e-18
8158.330 6.363e-18
8159.207 6.352e-18
8160.083 6.159e-18
8160.960 6.367e-18
8161.837 6.379e-18
8162.713 6.379e-18
8163.590 5.289e-18
8164.467 5.804e-18
8165.343 6.372e-18
8166.220 6.318e-18
8167.097 6.222e-18
8167.973 6.381e-18
8168.850 6.380e-18
8169.727 6.400e-18
8170.603 6.383e-18
8171.480 6.236e-18
8172.357 5.359e-18
8173.233 6.400e-18
8174.110 6.402e-18
8174.987 6.404e-18
8175.863 6.397e-18
8176.740 6.392e-18
8177.617 6.406e-18
8178.493 6.380e-18
8179.370 5.536e-18
8180.247 5.510e-18
8181.123 6.215e-18
8182.000 6.382e-18
8182.877 6.404e-18
8183.753 6.352e-18
8184.630 6.366e-18
8185.507 6.372e-18
8186.383 6.396e-18
8187.260 6.411e-18
8188.137 6.388e-18
8189.013 6.373e-18
8189.890 6.394e-18
8190.767 6.388e-18
8191.643 5.269e-18
8192.520 6.402e-18
8193.397 6.396e-18
8194.273 6.391e-18
8195.150 6.194e-18
8196.027 6.377e-18
8196.903 6.426e-18
8197.780 7.808e-18
8198.657 6.434e-18
8199.533 6.363e-18
8200.410 6.375e-18
8201.287 5.951e-18
8202.163 6.118e-18
8203.040 5.930e-18
8203.917 6.457e-18
8204.793 6.470e-18
8205.670 6.475e-18
8206.547 6.480e-18
8207.423 6.480e-18
8208.300 1.107e-17
8209.177 6.495e-18
8210.053 6.499e-18
8210.930 6.501e-18
8211.807 6.165e-18
8212.683 6.425e-18
8213.560 6.502e-18
8214.437 5.789e-18
8215.313 6.522e-18
8216.190 1.617e-17
8217.067 6.528e-18
8217.943 6.535e-18
8218.820 6.537e-18
8219.697 6.532e-18
8220.573 6.379e-18
8221.450 6.544e-18
8222.327 6.552e-18
8223.203 6.544e-18
8224.080 6.514e-18
8224.957 6.558e-18
8225.833 6.542e-18
8226.710 6.386e-18
8227.587 6.552e-18
8228.463 6.546e-18
8229.340 5.335e-18
8230.217 4.827e-18
8231.093 5.668e-18
8231.970 5.537e-18
8232.847 6.495e-18
8233.723 5.900e-18
8234.600 6.583e-18
8235.477 6.593e-18
8236.353 6.376e-18
8237.230 6.606e-18
8238.107 6.578e-18
8238.983 6.618e-18
8239.860 6.598e-18
8240.737 6.602e-18
8241.613 6.630e-18
8242.490 6.605e-18
8243.367 6.640e-18
8244.243 1.783e-17
8245.120 6.617e-18
8245.997 6.482e-18
8246.873 6.654e-18
8247.750 6.664e-18
8248.627 6.665e-18
8249.503 7.283e-18
8250.380 6.676e-18
8251.257 6.677e-18
8252.133 6.684e-18
8253.010 6.687e-18
8253.887 6.680e-18
8254.763 6.648e-18
8255.640 6.692e-18
8256.517 6.703e-18
8257.393 2.261e-17
8258.270 6.669e-18
8259.147 6.620e-18
8260.023 6.667e-18
8260.900 6.720e-18
8261.777 6.582e-18
8262.653 6.650e-18
8263.530 6.734e-18
8264.407 6.736e-18
8265.283 6.726e-18
8266.160 6.683e-18
8267.037 6.738e-18
8267.913 6.749e-18
8268.790 6.755e-18
8269.667 6.762e-18
8270.543 6.766e-18
8271.420 6.655e-18
8272.297 6.774e-18
8273.173 6.774e-18
8274.050 6.715e-18
8274.927 6.771e-18
8275.803 6.766e-18
8276.680 4.490e-18
8277.557 6.775e-18
8278.433 6.768e-18
8279.310 6.767e-18
8280.187 6.804e-18
8281.063 6.763e-18
8281.940 5.625e-18
8282.817 6.809e-18
8283.693 6.793e-18
8284.570 1.343e-17
8285.447 7.780e-17
8286.323 6.832e-18
8287.200 2.401e-17
8288.077 6.839e-18
8288.953 6.831e-18
8289.830 6.756e-18
8290.707 6.769e-18
8291.583 6.764e-18
8292.460 6.848e-18
8293.337 6.852e-18
8294.213 6.865e-18
8295.090 6.867e-18
8295.967 6.838e-18
8296.843 5.978e-18
8297.720 6.815e-18
8298.597 5.156e-16
8299.473 6.887e-18
8300.350 6.866e-18
8301.227 2.576e-15
8302.103 6.872e-18
8302.980 6.829e-18
8303.857 6.901e-18
8304.733 3.636e-17
8305.610 6.905e-18
8306.487 6.454e-18
8307.363 4.032e-18
8308.240 6.912e-18
8309.117 6.921e-18
8309.993 6.901e-18
8310.870 6.915e-18
8311.747 6.935e-18
8312.623 6.928e-18
8313.500 6.935e-18
8314.377 6.755e-18
8315.253 6.932e-18
8316.130 6.704e-18
8317.007 6.943e-18
8317.883 6.937e-18
8318.760 6.914e-18
8319.637 6.944e-18
8320.513 6.119e-18
8321.390 6.954e-18
8322.267 6.957e-18
8323.143 6.919e-18
8324.020 6.674e-18
8324.897 6.960e-18
8325.773 6.968e-18
8326.650 6.965e-18
8327.527 6.969e-18
8328.403 6.965e-18
8329.280 6.906e-18
8330.157 6.975e-18
8331.033 6.969e-18
8331.910 6.317e-18
8332.787 6.935e-18
8333.663 6.986e-18
8334.540 6.886e-18
8335.417 6.990e-18
8336.293 6.982e-18
8337.170 7.005e-18
8338.047 6.993e-18
8338.923 7.017e-18
8339.800 4.460e-17
8340.677 1.835e-17
8341.553 6.949e-18
8342.430 7.036e-18
8343.307 7.042e-18
8344.183 6.994e-18
8345.060 7.049e-18
8345.937 7.056e-18
8346.813 2.212e-17
8347.690 7.065e-18
8348.567 7.069e-18
8349.443 7.070e-18
8350.320 7.080e-18
8351.197 7.069e-18
8352.073 7.084e-18
8352.950 7.092e-18
8353.827 7.098e-18
8354.703 7.098e-18
8355.580 7.093e-18
8356.457 7.105e-18
8357.333 7.107e-18
8358.210 7.114e-18
8359.087 7.089e-18
8359.963 7.110e-18
8360.840 7.128e-18
8361.717 7.105e-18
8362.593 7.135e-18
8363.470 8.497e-18
8364.347 6.914e-18
8365.223 8.658e-18
8366.100 7.148e-18
8366.977 7.150e-18
8367.853 1.756e-17
8368.730 5.504e-17
8369.607 6.763e-18
8370.483 7.168e-18
8371.360 7.160e-18
8372.237 7.173e-18
8373.113 7.151e-18
8373.990 7.182e-18
8374.867 7.176e-18
8375.743 7.174e-18
8376.620 7.186e-18
8377.497 7.193e-18
8378.373 1.201e-17
8379.250 7.191e-18
8380.127 7.202e-18
8381.003 7.207e-18
8381.880 7.211e-18
8382.757 7.214e-18
8383.633 7.204e-18
8384.510 7.214e-18
8385.387 7.219e-18
8386.263 7.207e-18
8387.140 7.189e-18
8388.017 7.178e-18
8388.893 7.234e-18
8389.770 7.236e-18
8390.647 7.232e-18
8391.523 7.244e-18
8392.400 1.724e-17
8393.277 7.253e-18
8394.153 7.257e-18
8395.030 7.261e-18
8395.907 7.253e-18
8396.783 7.235e-18
8397.660 7.272e-18
8398.537 7.273e-18
8399.413 7.167e-18
8400.290 7.283e-18
8401.167 7.287e-18
8402.043 7.288e-18
8402.920 7.250e-18
8403.797 7.299e-18
8404.673 7.303e-18
8405.550 7.305e-18
8406.427 7.273e-18
8407.303 7.307e-18
8408.180 7.315e-18
8409.057 7.321e-18
8409.933 7.325e-18
8410.810 7.258e-18
8411.687 7.328e-18
8412.563 7.337e-18
8413.440 7.308e-18
8414.317 7.343e-18
8415.193 7.345e-18
8416.070 7.346e-18
8416.947 7.349e-18
8417.823 7.257e-18
8418.700 7.353e-18
8419.577 7.312e-18
8420.453 7.357e-18
8421.330 7.363e-18
8422.207 7.368e-18
8423.083 7.369e-18
8423.960 7.372e-18
8424.837 7.375e-18
8425.713 7.973e-18
8426.590 7.381e-18
8427.467 7.384e-18
8428.343 7.385e-18
8429.220 7.384e-18
8430.097 7.358e-18
8430.973 7.394e-18
8431.850 7.373e-18
8432.727 7.398e-18
8433.603 7.403e-18
8434.480 3.458e-17
8435.357 7.413e-18
8436.233 7.415e-18
8437.110 7.416e-18
8437.987 7.423e-18
8438.863 7.398e-18
8439.740 7.425e-18
8440.617 7.433e-18
8441.493 7.440e-18
8442.370 7.438e-18
8443.247 7.437e-18
8444.123 7.452e-18
8445.000 7.448e-18
8445.877 7.460e-18
8446.753 7.463e-18
8447.630 7.467e-18
8448.507 7.450e-18
8449.383 7.476e-18
8450.260 7.480e-18
8451.137 7.484e-18
8452.013 7.487e-18
8452.890 7.488e-18
8453.767 7.493e-18
8454.643 1.319e-15
8455.520 7.500e-18
8456.397 9.142e-18
8457.273 7.505e-18
8458.150 7.510e-18
8459.027 8.900e-18
8459.903 7.516e-18
8460.780 7.519e-18
8461.657 7.522e-18
8462.533 7.426e-18
8463.410 7.528e-18
8464.287 7.531e-18
8465.163 7.531e-18
8466.040 7.534e-18
8466.917 7.541e-18
8467.793 1.915e-15
8468.670 7.548e-18
8469.547 7.551e-18
8470.423 7.554e-18
8471.300 7.556e-18
8472.177 7.560e-18
8473.053 7.561e-18
8473.930 7.561e-18
8474.807 7.562e-18
8475.683 7.562e-18
8476.560 7.558e-18
8477.437 7.564e-18
8478.313 7.565e-18
8479.190 7.565e-18
8480.067 7.560e-18
8480.943 7.565e-18
8481.820 7.565e-18
8482.697 7.565e-18
8483.573 7.568e-18
8484.450 7.568e-18
8485.327 7.569e-18
8486.203 7.570e-18
8487.080 7.570e-18
8487.957 7.571e-18
8488.833 7.570e-18
8489.710 7.571e-18
8490.587 7.557e-18
8491.463 7.573e-18
8492.340 7.574e-18
8493.217 7.579e-18
8494.093 7.518e-18
8494.970 7.590e-18
8495.847 7.758e-18
8496.723 1.480e-17
8497.600 7.606e-18
8498.477 7.610e-18
8499.353 1.051e-17
8500.230 7.652e-18
8501.107 7.625e-18
8501.983 7.630e-18
8502.860 7.637e-18
8503.737 7.643e-18
8504.613 7.644e-18
8505.490 1.494e-17
8506.367 7.659e-18
8507.243 7.664e-18
8508.120 7.624e-18
8508.997 7.674e-18
8509.873 7.680e-18
8510.750 7.685e-18
8511.627 7.690e-18
8512.503 7.695e-18
8513.380 7.696e-18
8514.257 7.557e-18
8515.133 7.699e-18
8516.010 7.702e-18
8516.887 7.704e-18
8517.763 7.704e-18
8518.640 7.707e-18
8519.517 7.710e-18
8520.393 7.712e-18
8521.270 7.709e-18
8522.147 7.699e-18
8523.023 7.838e-18
8523.900 7.719e-18
8524.777 7.721e-18
8525.653 7.722e-18
8526.530 7.725e-18
8527.407 7.727e-18
8528.283 7.728e-18
8529.160 7.731e-18
8530.037 7.733e-18
8530.913 7.735e-18
8531.790 7.736e-18
8532.667 7.736e-18
8533.543 7.735e-18
8534.420 7.734e-18
8535.297 7.732e-18
8536.173 7.729e-18
8537.050 7.700e-18
8537.927 7.727e-18
8538.803 7.691e-18
8539.680 7.721e-18
8540.557 7.722e-18
8541.433 7.720e-18
8542.310 7.701e-18
8543.187 7.610e-18
8544.063 7.715e-18
8544.940 7.713e-18
8545.817 7.711e-18
8546.693 7.710e-18
8547.570 7.708e-18
8548.447 7.697e-18
8549.323 7.704e-18
8550.200 7.703e-18
8551.077 7.700e-18
8551.953 7.693e-18
8552.830 7.700e-18
8553.707 7.717e-18
8554.583 7.728e-18
8555.460 7.739e-18
8556.337 7.747e-18
8557.213 7.753e-18
8558.090 7.771e-18
8558.967 7.782e-18
8559.843 7.794e-18
8560.720 7.804e-18
8561.597 7.816e-18
8562.473 7.827e-18
8563.350 7.838e-18
8564.227 7.849e-18
8565.103 7.860e-18
8565.980 7.871e-18
8566.857 7.882e-18
8567.733 7.893e-18
8568.610 7.904e-18
8569.487 7.915e-18
8570.363 7.926e-18
8571.240 7.934e-18
8572.117 7.948e-18
8572.993 7.947e-18
8573.870 7.954e-18
8574.747 7.959e-18
8575.623 7.958e-18
8576.500 7.963e-18
8577.377 7.967e-18
8578.253 7.967e-18
8579.130 7.973e-18
8580.007 3.018e-17
8580.883 7.977e-18
8581.760 7.978e-18
8582.637 7.979e-18
8583.513 7.975e-18
8584.390 7.981e-18
8585.267 7.981e-18
8586.143 7.983e-18
8587.020 7.984e-18
8587.897 7.985e-18
8588.773 7.986e-18
8589.650 7.986e-18
8590.527 7.988e-18
8591.403 7.989e-18
8592.280 7.990e-18
8593.157 7.991e-18
8594.033 7.991e-18
8594.910 7.989e-18
8595.787 7.997e-18
8596.663 7.998e-18
8597.540 7.999e-18
8598.417 8.002e-18
8599.293 8.003e-18
8600.170 8.005e-18
8601.047 8.007e-18
8601.923 8.009e-18
8602.800 8.010e-18
8603.677 8.012e-18
8604.553 8.013e-18
8605.430 8.015e-18
8606.307 8.017e-18
8607.183 8.018e-18
8608.060 8.011e-18
8608.937 8.022e-18
8609.813 8.023e-18
8610.690 1.937e-17
8611.567 8.026e-18
8612.443 8.030e-18
8613.320 8.030e-18
8614.197 8.031e-18
8615.073 8.033e-18
8615.950 8.035e-18
8616.827 8.470e-18
8617.703 8.038e-18
8618.580 8.040e-18
8619.457 1.839e-17
8620.333 8.044e-18
8621.210 8.045e-18
8622.087 8.046e-18
8622.963 8.049e-18
8623.840 5.012e-17
8624.717 8.052e-18
8625.593 8.054e-18
8626.470 8.056e-18
8627.347 8.055e-18
8628.223 8.059e-18
8629.100 8.060e-18
8629.977 8.062e-18
8630.853 8.064e-18
8631.730 1.348e-16
8632.607 8.067e-18
8633.483 8.067e-18
8634.360 8.067e-18
8635.237 8.066e-18
8636.113 8.067e-18
8636.990 8.067e-18
8637.867 8.067e-18
8638.743 8.067e-18
8639.620 8.067e-18
8640.497 8.067e-18
8641.373 8.067e-18
8642.250 8.067e-18
8643.127 8.067e-18
8644.003 8.067e-18
8644.880 8.067e-18
8645.757 8.067e-18
8646.633 8.067e-18
8647.510 8.067e-18
8648.387 8.067e-18
8649.263 4.050e-16
8650.140 8.067e-18
8651.017 8.067e-18
8651.893 8.067e-18
8652.770 7.983e-17
8653.647 5.943e-16
8654.523 8.060e-18
8655.400 8.056e-18
8656.277 8.053e-18
8657.153 8.049e-18
8658.030 8.046e-18
8658.907 8.043e-18
8659.783 8.039e-18
8660.660 8.036e-18
8661.537 7.299e-16
8662.413 8.029e-18
8663.290 8.026e-18
8664.167 8.022e-18
8665.043 8.019e-18
8665.920 8.016e-18
8666.797 8.012e-18
8667.673 8.009e-18
8668.550 8.005e-18
8669.427 8.002e-18
8670.303 1.446e-17
8671.180 7.995e-18
8672.057 7.992e-18
8672.933 7.994e-18
8673.810 8.001e-18
8674.687 8.007e-18
8675.563 8.014e-18
8676.440 8.020e-18
8677.317 8.026e-18
8678.193 8.032e-18
8679.070 8.039e-18
8679.947 8.045e-18
8680.823 8.051e-18
8681.700 8.058e-18
8682.577 1.370e-16
8683.453 8.070e-18
8684.330 8.077e-18
8685.207 8.083e-18
8686.083 8.089e-18
8686.960 8.096e-18
8687.837 8.102e-18
8688.713 8.108e-18
8689.590 4.680e-17
8690.467 8.121e-18
8691.343 8.124e-18
8692.220 8.132e-18
8693.097 8.135e-18
8693.973 8.136e-18
8694.850 8.135e-18
8695.727 1.141e-17
8696.603 8.138e-18
8697.480 8.139e-18
8698.357 8.139e-18
8699.233 8.140e-18
8700.110 8.141e-18
8700.987 8.141e-18
8701.863 8.142e-18
8702.740 8.143e-18
8703.617 8.143e-18
8704.493 1.168e-17
8705.370 8.145e-18
8706.247 8.147e-18
8707.123 8.148e-18
8708.000 3.384e-17
8708.877 8.150e-18
8709.753 8.151e-18
8710.630 8.150e-18
8711.507 8.153e-18
8712.383 8.154e-18
8713.260 8.156e-18
8714.137 8.157e-18
8715.013 8.158e-18
8715.890 8.159e-18
8716.767 8.159e-18
8717.643 8.161e-18
8718.520 8.162e-18
8719.397 8.163e-18
8720.273 8.164e-18
8721.150 1.401e-17
8722.027 8.165e-18
8722.903 8.165e-18
8723.780 8.165e-18
8724.657 8.167e-18
8725.533 8.168e-18
8726.410 8.169e-18
8727.287 8.170e-18
8728.163 8.171e-18
8729.040 1.262e-17
8729.917 8.174e-18
8730.793 8.175e-18
8731.670 8.175e-18
8732.547 8.177e-18
8733.423 8.178e-18
8734.300 8.179e-18
8735.177 8.181e-18
8736.053 8.182e-18
8736.930 8.183e-18
8737.807 8.183e-18
8738.683 8.185e-18
8739.560 8.186e-18
8740.437 8.187e-18
8741.313 8.189e-18
8742.190 8.190e-18
8743.067 1.442e-17
8743.943 8.192e-18
8744.820 8.193e-18
8745.697 8.194e-18
8746.573 8.195e-18
8747.450 8.196e-18
8748.327 8.197e-18
8749.203 8.198e-18
8750.080 8.199e-18
8750.957 8.198e-18
8751.833 8.202e-18
8752.710 1.949e-17
8753.587 8.204e-18
8754.463 8.205e-18
8755.340 8.206e-18
8756.217 8.207e-18
8757.093 8.208e-18
8757.970 8.209e-18
8758.847 8.210e-18
8759.723 8.211e-18
8760.600 8.212e-18
8761.477 8.213e-18
8762.353 8.214e-18
8763.230 8.214e-18
8764.107 7.785e-17
8764.983 8.213e-18
8765.860 8.213e-18
8766.737 8.213e-18
8767.613 8.212e-18
8768.490 8.212e-18
8769.367 8.212e-18
8770.243 1.028e-15
8771.120 8.211e-18
8771.997 8.210e-18
8772.873 9.028e-18
8773.750 8.210e-18
8774.627 8.209e-18
8775.503 8.209e-18
8776.380 8.209e-18
8777.257 8.208e-18
8778.133 8.208e-18
8779.010 8.208e-18
8779.887 8.207e-18
8780.763 4.213e-15
8781.640 8.207e-18
8782.517 8.188e-18
8783.393 8.204e-18
8784.270 8.208e-18
8785.147 8.209e-18
8786.023 8.210e-18
8786.900 8.211e-18
8787.777 8.212e-18
8788.653 8.213e-18
8789.530 8.213e-18
8790.407 8.215e-18
8791.283 8.216e-18
8792.160 8.217e-18
8793.037 8.218e-18
8793.913 8.219e-18
8794.790 8.210e-18
8795.667 8.221e-18
8796.543 8.222e-18
8797.420 8.223e-18
8798.297 8.224e-18
8799.173 8.225e-18
8800.050 8.226e-18
8800.927 8.227e-18
8801.803 8.228e-18
8802.680 8.228e-18
8803.557 8.229e-18
8804.433 1.654e-17
8805.310 8.230e-18
8806.187 8.229e-18
8807.063 8.230e-18
8807.940 8.229e-18
8808.817 8.231e-18
8809.693 8.231e-18
8810.570 8.232e-18
8811.447 8.232e-18
8812.323 8.232e-18
8813.200 8.232e-18
8814.077 8.186e-18
8814.953 8.233e-18
8815.830 8.233e-18
8816.707 8.233e-18
8817.583 8.234e-18
8818.460 8.234e-18
8819.337 8.234e-18
8820.213 8.234e-18
8821.090 8.230e-18
8821.967 8.233e-18
8822.843 8.229e-18
8823.720 8.238e-18
8824.597 8.238e-18
8825.473 8.241e-18
8826.350 8.243e-18
8827.227 8.245e-18
8828.103 8.246e-18
8828.980 8.248e-18
8829.857 8.250e-18
8830.733 8.251e-18
8831.610 8.253e-18
8832.487 8.255e-18
8833.363 8.254e-18
8834.240 8.258e-18
8835.117 8.260e-18
8835.993 3.663e-17
8836.870 1.132e-17
8837.747 8.261e-18
8838.623 8.266e-18
8839.500 8.268e-18
8840.377 8.270e-18
8841.253 8.272e-18
8842.130 8.273e-18
8843.007 8.274e-18
8843.883 8.274e-18
8844.760 8.274e-18
8845.637 8.275e-18
8846.513 8.275e-18
8847.390 8.275e-18
8848.267 8.272e-18
8849.143 8.275e-18
8850.020 8.274e-18
8850.897 8.275e-18
8851.773 8.275e-18
8852.650 8.275e-18
8853.527 8.275e-18
8854.403 8.274e-18
8855.280 8.275e-18
8856.157 8.276e-18
8857.033 8.276e-18
8857.910 8.276e-18
8858.787 8.276e-18
8859.663 8.218e-18
8860.540 8.273e-18
8861.417 8.257e-18
8862.293 9.955e-18
8863.170 9.588e-18
8864.047 2.128e-17
8864.923 3.108e-17
8865.800 5.302e-17
8866.677 8.282e-18
8867.553 8.278e-18
8868.430 8.278e-18
8869.307 8.374e-18
8870.183 8.286e-18
8871.060 8.287e-18
8871.937 8.288e-18
8872.813 8.289e-18
8873.690 8.290e-18
8874.567 8.290e-18
8875.443 8.292e-18
8876.320 8.293e-18
8877.197 8.295e-18
8878.073 8.296e-18
8878.950 8.297e-18
8879.827 8.296e-18
8880.703 8.296e-18
8881.580 8.261e-18
8882.457 8.299e-18
8883.333 8.301e-18
8884.210 8.297e-18
8885.087 8.302e-18
8885.963 8.304e-18
8886.840 8.304e-18
8887.717 8.305e-18
8888.593 8.306e-18
8889.470 8.306e-18
8890.347 8.305e-18
8891.223 9.476e-18
8892.100 8.309e-18
8892.977 8.309e-18
8893.853 8.310e-18
8894.730 8.311e-18
8895.607 8.311e-18
8896.483 8.311e-18
8897.360 8.312e-18
8898.237 8.313e-18
8899.113 1.113e-17
8899.990 8.315e-18
8900.867 8.315e-18
8901.743 8.315e-18
8902.620 8.315e-18
8903.497 8.315e-18
8904.373 8.318e-18
8905.250 8.319e-18
8906.127 8.319e-18
8907.003 8.320e-18
8907.880 8.320e-18
8908.757 8.320e-18
8909.633 8.285e-18
8910.510 8.320e-18
8911.387 8.322e-18
8912.263 8.322e-18
8913.140 8.320e-18
8914.017 8.322e-18
8914.893 8.323e-18
8915.770 8.324e-18
8916.647 8.324e-18
8917.523 8.324e-18
8918.400 8.268e-18
8919.277 1.408e-17
8920.153 8.297e-18
8921.030 8.326e-18
8921.907 8.306e-18
8922.783 8.323e-18
8923.660 8.328e-18
8924.537 8.330e-18
8925.413 8.329e-18
8926.290 8.332e-18
8927.167 8.317e-18
8928.043 8.334e-18
8928.920 8.329e-18
8929.797 8.896e-18
8930.673 1.093e-17
8931.550 1.294e-17
8932.427 8.307e-18
8933.303 8.319e-18
8934.180 9.497e-18
8935.057 8.338e-18
8935.933 8.337e-18
8936.810 1.327e-17
8937.687 8.351e-18
8938.563 8.344e-18
8939.440 8.347e-18
8940.317 8.344e-18
8941.193 8.350e-18
8942.070 8.349e-18
8942.947 8.231e-18
8943.823 8.874e-18
8944.700 8.134e-18
8945.577 8.353e-18
8946.453 8.348e-18
8947.330 8.357e-18
8948.207 8.353e-18
8949.083 8.274e-18
8949.960 1.285e-17
8950.837 8.336e-18
8951.713 8.354e-18
8952.590 8.363e-18
8953.467 8.353e-18
8954.343 8.201e-18
8955.220 8.358e-18
8956.097 8.359e-18
8956.973 8.237e-18
8957.850 8.310e-18
8958.727 8.367e-18
8959.603 8.370e-18
8960.480 3.881e-16
8961.357 8.363e-18
8962.233 8.376e-18
8963.110 8.322e-18
8963.987 8.344e-18
8964.863 6.900e-18
8965.740 8.555e-18
8966.617 8.354e-18
8967.493 1.855e-17
8968.370 8.283e-18
8969.247 8.316e-18
8970.123 8.369e-18
8971.000 1.590e-17
8971.877 1.502e-17
8972.753 8.360e-18
8973.630 9.541e-17
8974.507 8.289e-18
8975.383 7.682e-18
8976.260 9.508e-18
8977.137 7.529e-18
8978.013 8.605e-18
8978.890 7.708e-18
8979.767 8.363e-18
8980.643 8.364e-18
8981.520 8.357e-18
8982.397 8.294e-18
8983.273 7.817e-18
8984.150 8.334e-18
8985.027 8.362e-18
8985.903 8.363e-18
8986.780 8.314e-18
8987.657 8.357e-18
8988.533 8.294e-18
8989.410 1.283e-17
8990.287 7.487e-18
8991.163 8.265e-18
8992.040 7.815e-18
8992.917 8.134e-18
8993.793 8.051e-18
8994.670 7.959e-18
8995.547 1.769e-17
8996.423 8.348e-18
8997.300 8.365e-18
8998.177 8.370e-18
8999.053 8.372e-18
8999.930 8.368e-18
9000.807 8.366e-18
9001.683 8.338e-18
9002.560 7.186e-18
9003.437 8.103e-18
9004.313 8.356e-18
9005.190 8.350e-18
9006.067 5.471e-18
9006.943 8.320e-18
9007.820 8.372e-18
9008.697 8.369e-18
9009.573 7.366e-18
9010.450 8.163e-18
9011.327 8.309e-18
9012.203 8.379e-18
9013.080 8.376e-18
9013.957 8.221e-18
9014.833 8.292e-18
9015.710 8.374e-18
9016.587 8.386e-18
9017.463 8.365e-18
9018.340 8.310e-18
9019.217 3.233e-18
9020.093 8.312e-18
9020.970 8.370e-18
9021.847 8.390e-18
9022.723 8.327e-18
9023.600 8.393e-18
9024.477 8.318e-18
9025.353 7.812e-18
9026.230 8.373e-18
9027.107 8.323e-18
9027.983 8.115e-18
9028.860 8.209e-18
9029.737 8.385e-18
9030.613 8.397e-18
9031.490 1.710e-17
9032.367 8.386e-18
9033.243 8.378e-18
9034.120 8.203e-18
9034.997 8.395e-18
9035.873 8.405e-18
9036.750 8.405e-18
9037.627 8.382e-18
9038.503 8.408e-18
9039.380 8.409e-18
9040.257 8.408e-18
9041.133 8.406e-18
9042.010 8.402e-18
9042.887 8.390e-18
9043.763 8.358e-18
9044.640 8.214e-18
9045.517 8.192e-18
9046.393 8.407e-18
9047.270 8.414e-18
9048.147 8.416e-18
9049.023 8.415e-18
9049.900 7.672e-18
9050.777 8.401e-18
9051.653 5.300e-16
9052.530 8.418e-18
9053.407 8.358e-18
9054.283 8.411e-18
9055.160 8.253e-18
9056.037 8.381e-18
9056.913 8.401e-18
9057.790 8.425e-18
9058.667 8.425e-18
9059.543 1.688e-17
9060.420 8.425e-18
9061.297 8.427e-18
9062.173 8.412e-18
9063.050 7.651e-18
9063.927 8.399e-18
9064.803 8.375e-18
9065.680 8.387e-18
9066.557 6.767e-18
9067.433 8.420e-18
9068.310 8.397e-18
9069.187 8.423e-18
9070.063 8.312e-18
9070.940 1.883e-17
9071.817 7.510e-18
9072.693 8.387e-18
9073.570 8.371e-18
9074.447 2.083e-18
9075.323 8.357e-18
9076.200 8.372e-18
9077.077 9.982e-18
9077.953 8.410e-18
9078.830 9.500e-18
9079.707 8.416e-18
9080.583 8.399e-18
9081.460 7.537e-18
9082.337 4.657e-18
9083.213 8.252e-18
9084.090 8.133e-18
9084.967 8.406e-18
9085.843 8.376e-18
9086.720 8.420e-18
9087.597 8.370e-18
9088.473 8.369e-18
9089.350 7.046e-18
9090.227 8.359e-18
9091.103 8.417e-18
9091.980 8.390e-18
9092.857 1.598e-17
9093.733 1.198e-17
9094.610 8.818e-18
9095.487 8.393e-18
9096.363 7.173e-18
9097.240 8.399e-18
9098.117 8.377e-18
9098.993 8.440e-18
9099.870 1.025e-17
9100.747 8.159e-18
9101.623 8.364e-18
9102.500 7.821e-18
