4500.000 1.379e-17
4500.877 1.384e-17
4501.753 1.389e-17
4502.630 1.394e-17
4503.507 1.399e-17
4504.383 1.403e-17
4505.260 1.408e-17
4506.137 1.413e-17
4507.013 1.412e-17
4507.890 1.410e-17
4508.767 1.408e-17
4509.643 1.406e-17
4510.520 1.404e-17
4511.397 1.402e-17
4512.273 1.400e-17
4513.150 1.398e-17
4514.027 1.396e-17
4514.903 1.394e-17
4515.780 1.392e-17
4516.657 1.388e-17
4517.533 1.380e-17
4518.410 1.372e-17
4519.287 1.364e-17
4520.163 1.356e-17
4521.040 1.348e-17
4521.917 1.340e-17
4522.793 1.332e-17
4523.670 1.324e-17
4524.547 1.316e-17
4525.423 1.308e-17
4526.300 1.300e-17
4527.177 1.301e-17
4528.053 1.302e-17
4528.930 1.303e-17
4529.807 1.311e-17
4530.683 1.305e-17
4531.560 1.306e-17
4532.437 1.307e-17
4533.313 1.307e-17
4534.190 1.308e-17
4535.067 1.309e-17
4535.943 1.310e-17
4536.820 1.310e-17
4537.697 1.310e-17
4538.573 1.310e-17
4539.450 1.310e-17
4540.327 1.310e-17
4541.203 1.310e-17
4542.080 1.310e-17
4542.957 2.339e-17
4543.833 1.310e-17
4544.710 1.310e-17
4545.587 1.670e-17
4546.463 1.311e-17
4547.340 1.313e-17
4548.217 1.315e-17
4549.093 1.317e-17
4549.970 1.319e-17
4550.847 1.321e-17
4551.723 1.323e-17
4552.600 1.325e-17
4553.477 1.327e-17
4554.353 1.671e-17
4555.230 1.331e-17
4556.107 1.333e-17
4556.983 1.334e-17
4557.860 1.336e-17
4558.737 1.337e-17
4559.613 1.339e-17
4560.490 1.340e-17
4561.367 1.342e-17
4562.243 1.343e-17
4563.120 1.345e-17
4563.997 1.346e-17
4564.873 1.348e-17
4565.750 1.349e-17
4566.627 1.350e-17
4567.503 1.351e-17
4568.380 1.351e-17
4569.257 1.513e-17
4570.133 1.352e-17
4571.010 1.353e-17
4571.887 1.353e-17
4572.763 1.354e-17
4573.640 1.355e-17
4574.517 1.355e-17
4575.393 1.356e-17
4576.270 1.356e-17
4577.147 1.350e-17
4578.023 1.344e-17
4578.900 1.338e-17
4579.777 1.332e-17
4580.653 1.326e-17
4581.530 1.320e-17
4582.407 1.314e-17
4583.283 1.308e-17
4584.160 1.378e-17
4585.037 1.296e-17
4585.913 1.290e-17
4586.790 1.288e-17
4587.667 1.289e-17
4588.543 1.290e-17
4589.420 1.292e-17
4590.297 1.293e-17
4591.173 1.294e-17
4592.050 1.295e-17
4592.927 1.297e-17
4593.803 1.298e-17
4594.680 1.299e-17
4595.557 1.300e-17
4596.433 1.301e-17
4597.310 1.302e-17
4598.187 1.303e-17
4599.063 1.304e-17
4599.940 1.305e-17
4600.817 1.306e-17
4601.693 1.307e-17
4602.570 1.308e-17
4603.447 1.309e-17
4604.323 1.309e-17
4605.200 1.310e-17
4606.077 1.311e-17
4606.953 1.312e-17
4607.830 1.312e-17
4608.707 1.312e-17
4609.583 1.312e-17
4610.460 1.312e-17
4611.337 1.313e-17
4612.213 1.313e-17
4613.090 1.313e-17
4613.967 1.313e-17
4614.843 1.313e-17
4615.720 1.314e-17
4616.597 1.314e-17
4617.473 1.316e-17
4618.350 1.318e-17
4619.227 1.319e-17
4620.103 1.321e-17
4620.980 1.322e-17
4621.857 1.324e-17
4622.733 1.326e-17
4623.610 1.327e-17
4624.487 1.329e-17
4625.363 1.331e-17
4626.240 1.332e-17
4627.117 1.329e-17
4627.993 1.326e-17
4628.870 1.323e-17
4629.747 1.320e-17
4630.623 1.317e-17
4631.500 1.314e-17
4632.377 1.311e-17
4633.253 1.307e-17
4634.130 1.304e-17
4635.007 1.301e-17
4635.883 1.298e-17
4636.760 1.295e-17
4637.637 1.292e-17
4638.513 1.289e-17
4639.390 1.286e-17
4640.267 1.282e-17
4641.143 1.279e-17
4642.020 1.276e-17
4642.897 1.273e-17
4643.773 1.270e-17
4644.650 1.267e-17
4645.527 1.264e-17
4646.403 1.261e-17
4647.280 1.264e-17
4648.157 1.266e-17
4649.033 1.269e-17
4649.910 1.271e-17
4650.787 1.273e-17
4651.663 1.276e-17
4652.540 1.278e-17
4653.417 1.280e-17
4654.293 1.283e-17
4655.170 1.285e-17
4656.047 1.287e-17
4656.923 1.284e-17
4657.800 1.279e-17
4658.677 1.274e-17
4659.553 1.269e-17
4660.430 1.264e-17
4661.307 1.259e-17
4662.183 1.254e-17
4663.060 1.249e-17
4663.937 1.244e-17
4664.813 1.239e-17
4665.690 1.234e-17
4666.567 1.231e-17
4667.443 1.235e-17
4668.320 1.239e-17
4669.197 1.243e-17
4670.073 1.247e-17
4670.950 1.251e-17
4671.827 1.255e-17
4672.703 1.259e-17
4673.580 1.518e-17
4674.457 1.267e-17
4675.333 1.271e-17
4676.210 1.275e-17
4677.087 2.444e-17
4677.963 1.274e-17
4678.840 1.273e-17
4679.717 1.272e-17
4680.593 1.271e-17
4681.470 1.271e-17
4682.347 1.270e-17
4683.223 1.269e-17
4684.100 1.268e-17
4684.977 1.267e-17
4685.853 1.266e-17
4686.730 1.266e-17
4687.607 1.266e-17
4688.483 1.266e-17
4689.360 1.265e-17
4690.237 1.265e-17
4691.113 1.265e-17
4691.990 1.265e-17
4692.867 1.265e-17
4693.743 1.265e-17
4694.620 1.265e-17
4695.497 1.264e-17
4696.373 1.264e-17
4697.250 1.259e-17
4698.127 1.254e-17
4699.003 1.250e-17
4699.880 1.245e-17
4700.757 1.240e-17
4701.633 1.236e-17
4702.510 1.231e-17
4703.387 1.226e-17
4704.263 1.222e-17
4705.140 1.217e-17
4706.017 1.213e-17
4706.893 1.215e-17
4707.770 1.221e-17
4708.647 1.227e-17
4709.523 1.233e-17
4710.400 1.239e-17
4711.277 1.245e-17
4712.153 1.251e-17
4713.030 1.257e-17
4713.907 1.263e-17
4714.783 1.270e-17
4715.660 1.276e-17
4716.537 1.280e-17
4717.413 1.281e-17
4718.290 1.282e-17
4719.167 1.283e-17
4720.043 1.285e-17
4720.920 1.286e-17
4721.797 1.287e-17
4722.673 1.288e-17
4723.550 1.289e-17
4724.427 1.290e-17
4725.303 1.291e-17
4726.180 1.292e-17
4727.057 1.290e-17
4727.933 1.288e-17
4728.810 1.286e-17
4729.687 1.284e-17
4730.563 1.282e-17
4731.440 1.280e-17
4732.317 1.278e-17
4733.193 1.276e-17
4734.070 1.274e-17
4734.947 1.272e-17
4735.823 1.270e-17
4736.700 1.270e-17
4737.577 1.273e-17
4738.453 1.276e-17
4739.330 1.278e-17
4740.207 1.281e-17
4741.083 1.283e-17
4741.960 1.286e-17
4742.837 1.288e-17
4743.713 1.291e-17
4744.590 1.294e-17
4745.467 1.296e-17
4746.343 1.299e-17
4747.220 1.297e-17
4748.097 1.296e-17
4748.973 1.294e-17
4749.850 1.293e-17
4750.727 1.291e-17
4751.603 1.289e-17
4752.480 1.287e-17
4753.357 1.285e-17
4754.233 1.284e-17
4755.110 1.282e-17
4755.987 1.280e-17
4756.863 1.278e-17
4757.740 1.275e-17
4758.617 1.272e-17
4759.493 1.269e-17
4760.370 1.266e-17
4761.247 1.263e-17
4762.123 1.260e-17
4763.000 1.258e-17
4763.877 1.255e-17
4764.753 1.252e-17
4765.630 1.249e-17
4766.507 1.248e-17
4767.383 1.253e-17
4768.260 1.258e-17
4769.137 1.262e-17
4770.013 1.267e-17
4770.890 1.272e-17
4771.767 1.277e-17
4772.643 1.282e-17
4773.520 1.286e-17
4774.397 1.291e-17
4775.273 1.296e-17
4776.150 1.301e-17
4777.027 1.299e-17
4777.903 1.296e-17
4778.780 1.294e-17
4779.657 1.291e-17
4780.533 1.288e-17
4781.410 1.285e-17
4782.287 1.282e-17
4783.163 1.279e-17
4784.040 1.276e-17
4784.917 1.274e-17
4785.793 1.271e-17
4786.670 1.270e-17
4787.547 1.273e-17
4788.423 1.276e-17
4789.300 1.279e-17
4790.177 1.281e-17
4791.053 1.284e-17
4791.930 1.287e-17
4792.807 1.289e-17
4793.683 1.292e-17
4794.560 1.295e-17
4795.437 1.298e-17
4796.313 1.300e-17
4797.190 1.298e-17
4798.067 1.297e-17
4798.943 1.295e-17
4799.820 1.293e-17
4800.697 1.291e-17
4801.573 1.289e-17
4802.450 1.287e-17
4803.327 1.285e-17
4804.203 1.283e-17
4805.080 1.282e-17
4805.957 1.280e-17
4806.833 1.280e-17
4807.710 1.282e-17
4808.587 1.284e-17
4809.463 1.286e-17
4810.340 1.288e-17
4811.217 1.290e-17
4812.093 1.292e-17
4812.970 1.644e-17
4813.847 1.454e-17
4814.723 1.298e-17
4815.600 1.300e-17
4816.477 1.302e-17
4817.353 1.299e-17
4818.230 1.295e-17
4819.107 1.292e-17
4819.983 1.289e-17
4820.860 1.286e-17
4821.737 1.283e-17
4822.613 1.280e-17
4823.490 1.277e-17
4824.367 1.274e-17
4825.243 1.737e-17
4826.120 1.309e-17
4826.997 1.267e-17
4827.873 1.266e-17
4828.750 1.266e-17
4829.627 1.265e-17
4830.503 1.265e-17
4831.380 1.265e-17
4832.257 1.264e-17
4833.133 1.264e-17
4834.010 1.263e-17
4834.887 1.263e-17
4835.763 1.262e-17
4836.640 1.261e-17
4837.517 1.259e-17
4838.393 1.257e-17
4839.270 1.254e-17
4840.147 1.252e-17
4841.023 1.250e-17
4841.900 1.247e-17
4842.777 1.245e-17
4843.653 1.243e-17
4844.530 1.240e-17
4845.407 1.238e-17
4846.283 1.235e-17
4847.160 1.230e-17
4848.037 1.224e-17
4848.913 1.217e-17
4849.790 1.211e-17
4850.667 1.206e-17
4851.543 1.200e-17
4852.420 1.194e-17
4853.297 1.188e-17
4854.173 1.182e-17
4855.050 1.177e-17
4855.927 1.171e-17
4856.803 1.164e-17
4857.680 1.155e-17
4858.557 1.146e-17
4859.433 1.138e-17
4860.310 1.129e-17
4861.187 1.120e-17
4862.063 1.112e-17
4862.940 1.103e-17
4863.817 1.094e-17
4864.693 1.086e-17
4865.570 1.077e-17
4866.447 1.069e-17
4867.323 1.078e-17
4868.200 1.086e-17
4869.077 1.094e-17
4869.953 1.102e-17
4870.830 1.111e-17
4871.707 1.119e-17
4872.583 1.127e-17
4873.460 1.135e-17
4874.337 1.144e-17
4875.213 1.152e-17
4876.090 1.160e-17
4876.967 1.165e-17
4877.843 1.169e-17
4878.720 1.172e-17
4879.597 1.175e-17
4880.473 1.178e-17
4881.350 1.181e-17
4882.227 1.184e-17
4883.103 1.188e-17
4883.980 1.819e-17
4884.857 1.194e-17
4885.733 1.197e-17
4886.610 1.200e-17
4887.487 1.202e-17
4888.363 1.203e-17
4889.240 1.205e-17
4890.117 1.206e-17
4890.993 1.208e-17
4891.870 1.210e-17
4892.747 1.211e-17
4893.623 1.213e-17
4894.500 1.214e-17
4895.377 1.216e-17
4896.253 1.218e-17
4897.130 1.219e-17
4898.007 1.221e-17
4898.883 1.222e-17
4899.760 1.224e-17
4900.637 1.226e-17
4901.513 1.227e-17
4902.390 1.229e-17
4903.267 1.230e-17
4904.143 1.232e-17
4905.020 1.234e-17
4905.897 1.235e-17
4906.773 1.234e-17
4907.650 1.229e-17
4908.527 1.224e-17
4909.403 1.220e-17
4910.280 1.215e-17
4911.157 1.210e-17
4912.033 1.205e-17
4912.910 1.200e-17
4913.787 1.195e-17
4914.663 1.191e-17
4915.540 1.186e-17
4916.417 1.181e-17
4917.293 1.181e-17
4918.170 1.181e-17
4919.047 1.180e-17
4919.923 1.180e-17
4920.800 1.180e-17
4921.677 1.179e-17
4922.553 1.179e-17
4923.430 1.179e-17
4924.307 1.178e-17
4925.183 1.178e-17
4926.060 1.178e-17
4926.937 1.177e-17
4927.813 1.177e-17
4928.690 1.176e-17
4929.567 1.176e-17
4930.443 1.175e-17
4931.320 1.174e-17
4932.197 1.174e-17
4933.073 1.173e-17
4933.950 1.172e-17
4934.827 1.172e-17
4935.703 1.171e-17
4936.580 1.172e-17
4937.457 1.179e-17
4938.333 1.185e-17
4939.210 3.789e-17
4940.087 1.198e-17
4940.963 1.205e-17
4941.840 1.211e-17
4942.717 1.218e-17
4943.593 1.224e-17
4944.470 1.231e-17
4945.347 1.237e-17
4946.223 1.244e-17
4947.100 1.241e-17
4947.977 1.235e-17
4948.853 1.229e-17
4949.730 1.224e-17
4950.607 1.218e-17
4951.483 1.212e-17
4952.360 1.207e-17
4953.237 1.201e-17
4954.113 1.195e-17
4954.990 1.190e-17
4955.867 1.184e-17
4956.743 1.182e-17
4957.620 1.185e-17
4958.497 1.188e-17
4959.373 1.192e-17
4960.250 1.195e-17
4961.127 1.198e-17
4962.003 1.201e-17
4962.880 1.205e-17
4963.757 1.208e-17
4964.633 1.434e-17
4965.510 1.214e-17
4966.387 1.217e-17
4967.263 1.217e-17
4968.140 1.217e-17
4969.017 1.216e-17
4969.893 1.216e-17
4970.770 1.216e-17
4971.647 1.215e-17
4972.523 1.215e-17
4973.400 1.215e-17
4974.277 1.214e-17
4975.153 1.214e-17
4976.030 1.213e-17
4976.907 1.210e-17
4977.783 1.203e-17
4978.660 1.197e-17
4979.537 1.190e-17
4980.413 1.184e-17
4981.290 1.177e-17
4982.167 1.171e-17
4983.043 1.164e-17
4983.920 1.158e-17
4984.797 1.151e-17
4985.673 1.145e-17
4986.550 1.140e-17
4987.427 1.144e-17
4988.303 1.148e-17
4989.180 1.151e-17
4990.057 1.155e-17
4990.933 1.159e-17
4991.810 1.162e-17
4992.687 1.166e-17
4993.563 1.170e-17
4994.440 1.173e-17
4995.317 1.177e-17
4996.193 1.181e-17
4997.070 1.178e-17
4997.947 1.173e-17
4998.823 1.168e-17
4999.700 1.163e-17
5000.577 1.158e-17
5001.453 1.154e-17
5002.330 1.149e-17
5003.207 1.144e-17
5004.083 1.140e-17
5004.960 1.135e-17
5005.837 1.503e-17
5006.713 1.126e-17
5007.590 1.124e-17
5008.467 1.122e-17
5009.343 1.120e-17
5010.220 1.118e-17
5011.097 1.116e-17
5011.973 1.114e-17
5012.850 1.112e-17
5013.727 1.110e-17
5014.603 1.108e-17
5015.480 1.106e-17
5016.357 1.104e-17
5017.233 1.107e-17
5018.110 1.109e-17
5018.987 1.113e-17
5019.863 1.116e-17
5020.740 1.118e-17
5021.617 1.121e-17
5022.493 1.125e-17
5023.370 1.127e-17
5024.247 1.130e-17
5025.123 1.133e-17
5026.000 1.135e-17
5026.877 1.138e-17
5027.753 1.140e-17
5028.630 1.141e-17
5029.507 1.142e-17
5030.383 1.143e-17
5031.260 1.145e-17
5032.137 1.146e-17
5033.013 1.148e-17
5033.890 1.149e-17
5034.767 1.150e-17
5035.643 1.151e-17
5036.520 1.152e-17
5037.397 1.150e-17
5038.273 1.147e-17
5039.150 1.136e-17
5040.027 1.141e-17
5040.903 1.137e-17
5041.780 1.136e-17
5042.657 1.133e-17
5043.533 1.126e-17
5044.410 1.126e-17
5045.287 1.124e-17
5046.163 1.122e-17
5047.040 1.124e-17
5047.917 1.129e-17
5048.793 1.133e-17
5049.670 1.138e-17
5050.547 1.143e-17
5051.423 1.147e-17
5052.300 1.152e-17
5053.177 1.157e-17
5054.053 1.161e-17
5054.930 1.166e-17
5055.807 1.171e-17
5056.683 1.173e-17
5057.560 1.172e-17
5058.437 1.170e-17
5059.313 1.169e-17
5060.190 1.168e-17
5061.067 1.166e-17
5061.943 1.165e-17
5062.820 1.163e-17
5063.697 1.161e-17
5064.573 1.160e-17
5065.450 1.159e-17
5066.327 1.157e-17
5067.203 1.155e-17
5068.080 1.153e-17
5068.957 1.150e-17
5069.833 1.148e-17
5070.710 1.146e-17
5071.587 1.141e-17
5072.463 1.141e-17
5073.340 1.139e-17
5074.217 1.135e-17
5075.093 1.134e-17
5075.970 1.132e-17
5076.847 1.131e-17
5077.723 1.130e-17
5078.600 1.132e-17
5079.477 1.132e-17
5080.353 1.132e-17
5081.230 1.133e-17
5082.107 1.133e-17
5082.983 1.133e-17
5083.860 1.134e-17
5084.737 1.134e-17
5085.613 1.133e-17
5086.490 1.134e-17
5087.367 1.134e-17
5088.243 1.134e-17
5089.120 1.134e-17
5089.997 1.133e-17
5090.873 1.133e-17
5091.750 1.133e-17
5092.627 1.132e-17
5093.503 1.132e-17
5094.380 1.132e-17
5095.257 1.131e-17
5096.133 1.131e-17
5097.010 1.132e-17
5097.887 1.133e-17
5098.763 1.134e-17
5099.640 1.135e-17
5100.517 1.136e-17
5101.393 1.137e-17
5102.270 1.138e-17
5103.147 1.139e-17
5104.023 1.140e-17
5104.900 1.142e-17
5105.777 1.143e-17
5106.653 1.144e-17
5107.530 1.146e-17
5108.407 1.148e-17
5109.283 1.150e-17
5110.160 1.152e-17
5111.037 1.154e-17
5111.913 1.155e-17
5112.790 1.157e-17
5113.667 1.159e-17
5114.543 1.161e-17
5115.420 1.163e-17
5116.297 1.165e-17
5117.173 1.160e-17
5118.050 1.155e-17
5118.927 1.150e-17
5119.803 1.145e-17
5120.680 1.140e-17
5121.557 1.135e-17
5122.433 1.130e-17
5123.310 1.125e-17
5124.187 1.120e-17
5125.063 1.115e-17
5125.940 1.110e-17
5126.817 1.107e-17
5127.693 1.106e-17
5128.570 1.106e-17
5129.447 1.106e-17
5130.323 1.106e-17
5131.200 1.105e-17
5132.077 1.105e-17
5132.953 1.105e-17
5133.830 1.104e-17
5134.707 1.104e-17
5135.583 1.104e-17
5136.460 1.104e-17
5137.337 1.104e-17
5138.213 1.104e-17
5139.090 1.105e-17
5139.967 1.105e-17
5140.843 1.106e-17
5141.720 1.106e-17
5142.597 1.106e-17
5143.473 1.107e-17
5144.350 1.107e-17
5145.227 1.108e-17
5146.103 1.108e-17
5146.980 1.109e-17
5147.857 1.110e-17
5148.733 1.111e-17
5149.610 1.111e-17
5150.487 1.112e-17
5151.363 1.113e-17
5152.240 1.114e-17
5153.117 1.115e-17
5153.993 1.116e-17
5154.870 1.117e-17
5155.747 1.118e-17
5156.623 1.116e-17
5157.500 1.108e-17
5158.377 1.099e-17
5159.253 1.090e-17
5160.130 1.081e-17
5161.007 1.072e-17
5161.883 1.063e-17
5162.760 1.054e-17
5163.637 1.045e-17
5164.513 1.036e-17
5165.390 1.027e-17
5166.267 1.019e-17
5167.143 1.019e-17
5168.020 1.021e-17
5168.897 1.023e-17
5169.773 1.025e-17
5170.650 1.028e-17
5171.527 1.030e-17
5172.403 1.032e-17
5173.280 1.034e-17
5174.157 1.036e-17
5175.033 1.038e-17
5175.910 1.040e-17
5176.787 1.040e-17
5177.663 1.037e-17
5178.540 1.035e-17
5179.417 1.032e-17
5180.293 1.029e-17
5181.170 1.026e-17
5182.047 1.023e-17
5182.923 1.021e-17
5183.800 1.018e-17
5184.677 1.015e-17
5185.553 1.012e-17
5186.430 1.010e-17
5187.307 1.016e-17
5188.183 1.023e-17
5189.060 1.029e-17
5189.937 1.036e-17
5190.813 1.042e-17
5191.690 1.049e-17
5192.567 1.055e-17
5193.443 1.062e-17
5194.320 1.068e-17
5195.197 1.075e-17
5196.073 1.081e-17
5196.950 1.085e-17
5197.827 1.085e-17
5198.703 1.085e-17
5199.580 1.085e-17
5200.457 1.085e-17
5201.333 1.085e-17
5202.210 1.085e-17
5203.087 1.085e-17
5203.963 1.085e-17
5204.840 1.085e-17
5205.717 1.085e-17
5206.593 1.085e-17
5207.470 1.088e-17
5208.347 1.091e-17
5209.223 1.094e-17
5210.100 1.096e-17
5210.977 1.099e-17
5211.853 1.102e-17
5212.730 1.105e-17
5213.607 1.107e-17
5214.483 1.110e-17
5215.360 1.113e-17
5216.237 1.116e-17
5217.113 1.114e-17
5217.990 1.111e-17
5218.867 1.527e-17
5219.743 1.104e-17
5220.620 1.101e-17
5221.497 1.098e-17
5222.373 1.095e-17
5223.250 1.091e-17
5224.127 1.088e-17
5225.003 1.085e-17
5225.880 1.082e-17
5226.757 1.081e-17
5227.633 1.083e-17
5228.510 1.086e-17
5229.387 1.088e-17
5230.263 1.091e-17
5231.140 1.094e-17
5232.017 1.096e-17
5232.893 1.099e-17
5233.770 1.101e-17
5234.647 1.104e-17
5235.523 1.106e-17
5236.400 1.109e-17
5237.277 1.111e-17
5238.153 1.113e-17
5239.030 1.116e-17
5239.907 1.118e-17
5240.783 1.120e-17
5241.660 1.122e-17
5242.537 1.125e-17
5243.413 1.127e-17
5244.290 1.129e-17
5245.167 1.131e-17
5246.043 1.134e-17
5246.920 1.134e-17
5247.797 1.133e-17
5248.673 1.132e-17
5249.550 1.131e-17
5250.427 1.130e-17
5251.303 2.297e-17
5252.180 1.127e-17
5253.057 1.126e-17
5253.933 1.125e-17
5254.810 1.124e-17
5255.687 1.156e-17
5256.563 1.121e-17
5257.440 1.547e-17
5258.317 1.127e-17
5259.193 1.092e-17
5260.070 1.082e-17
5260.947 1.072e-17
5261.823 1.063e-17
5262.700 1.416e-17
5263.577 1.044e-17
5264.453 1.034e-17
5265.330 1.024e-17
5266.207 1.015e-17
5267.083 1.015e-17
5267.960 1.021e-17
5268.837 1.026e-17
5269.713 1.032e-17
5270.590 1.038e-17
5271.467 1.043e-17
5272.343 1.049e-17
5273.220 1.055e-17
5274.097 1.060e-17
5274.973 1.066e-17
5275.850 1.071e-17
5276.727 1.076e-17
5277.603 3.272e-17
5278.480 1.081e-17
5279.357 1.083e-17
5280.233 1.086e-17
5281.110 1.088e-17
5281.987 1.091e-17
5282.863 1.093e-17
5283.740 1.096e-17
5284.617 1.098e-17
5285.493 1.100e-17
5286.370 1.103e-17
5287.247 1.104e-17
5288.123 1.104e-17
5289.000 1.105e-17
5289.877 1.106e-17
5290.753 1.106e-17
5291.630 1.107e-17
5292.507 1.108e-17
5293.383 1.108e-17
5294.260 1.109e-17
5295.137 1.110e-17
5296.013 1.110e-17
5296.890 1.111e-17
5297.767 1.112e-17
5298.643 1.113e-17
5299.520 1.115e-17
5300.397 1.116e-17
5301.273 1.117e-17
5302.150 1.118e-17
5303.027 1.119e-17
5303.903 1.120e-17
5304.780 1.121e-17
5305.657 1.122e-17
5306.533 1.123e-17
5307.410 1.124e-17
5308.287 1.124e-17
5309.163 1.124e-17
5310.040 1.125e-17
5310.917 1.125e-17
5311.793 1.125e-17
5312.670 1.126e-17
5313.547 1.126e-17
5314.423 1.126e-17
5315.300 1.126e-17
5316.177 1.127e-17
5317.053 1.122e-17
5317.930 1.115e-17
5318.807 1.108e-17
5319.683 1.101e-17
5320.560 1.094e-17
5321.437 1.087e-17
5322.313 1.080e-17
5323.190 1.073e-17
5324.067 1.065e-17
5324.943 1.058e-17
5325.820 1.051e-17
5326.697 1.096e-17
5327.573 1.052e-17
5328.450 1.058e-17
5329.327 1.063e-17
5330.203 1.069e-17
5331.080 1.094e-17
5331.957 2.677e-17
5332.833 1.085e-17
5333.710 1.091e-17
5334.587 1.096e-17
5335.463 1.102e-17
5336.340 1.107e-17
5337.217 1.106e-17
5338.093 1.104e-17
5338.970 1.102e-17
5339.847 1.099e-17
5340.723 1.097e-17
5341.600 1.094e-17
5342.477 1.092e-17
5343.353 1.090e-17
5344.230 1.087e-17
5345.107 1.085e-17
5345.983 1.082e-17
5346.860 1.083e-17
5347.737 1.088e-17
5348.613 1.093e-17
5349.490 1.097e-17
5350.367 1.102e-17
5351.243 1.107e-17
5352.120 1.111e-17
5352.997 1.116e-17
5353.873 1.121e-17
5354.750 1.126e-17
5355.627 1.406e-17
5356.503 1.135e-17
5357.380 1.131e-17
5358.257 1.126e-17
5359.133 1.122e-17
5360.010 1.118e-17
5360.887 1.113e-17
5361.763 1.109e-17
5362.640 1.104e-17
5363.517 1.100e-17
5364.393 1.096e-17
5365.270 1.091e-17
5366.147 1.087e-17
5367.023 1.086e-17
5367.900 1.086e-17
5368.777 1.086e-17
5369.653 1.087e-17
5370.530 1.087e-17
5371.407 1.087e-17
5372.283 1.087e-17
5373.160 1.088e-17
5374.037 1.088e-17
5374.913 1.088e-17
5375.790 1.089e-17
5376.667 1.089e-17
5377.543 1.090e-17
5378.420 1.091e-17
5379.297 1.091e-17
5380.173 1.092e-17
5381.050 1.093e-17
5381.927 1.093e-17
5382.803 1.094e-17
5383.680 1.095e-17
5384.557 1.095e-17
5385.433 1.096e-17
5386.310 1.097e-17
5387.187 1.095e-17
5388.063 1.092e-17
5388.940 1.090e-17
5389.817 1.087e-17
5390.693 1.084e-17
5391.570 1.081e-17
5392.447 1.079e-17
5393.323 1.076e-17
5394.200 1.073e-17
5395.077 1.071e-17
5395.953 1.068e-17
5396.830 1.066e-17
5397.707 1.063e-17
5398.583 1.061e-17
5399.460 1.058e-17
5400.337 1.056e-17
5401.213 1.054e-17
5402.090 1.051e-17
5402.967 1.049e-17
5403.843 1.046e-17
5404.720 1.044e-17
5405.597 1.042e-17
5406.473 1.040e-17
5407.350 1.043e-17
5408.227 1.047e-17
5409.103 1.051e-17
5409.980 1.055e-17
5410.857 1.059e-17
5411.733 1.063e-17
5412.610 1.067e-17
5413.487 1.070e-17
5414.363 1.074e-17
5415.240 1.078e-17
5416.117 1.082e-17
5416.993 1.082e-17
5417.870 1.080e-17
5418.747 1.078e-17
5419.623 1.076e-17
5420.500 1.074e-17
5421.377 1.072e-17
5422.253 1.070e-17
5423.130 1.068e-17
5424.007 1.066e-17
5424.883 1.064e-17
5425.760 1.061e-17
5426.637 1.060e-17
5427.513 1.062e-17
5428.390 1.064e-17
5429.267 1.065e-17
5430.143 1.066e-17
5431.020 1.069e-17
5431.897 1.071e-17
5432.773 1.073e-17
5433.650 1.075e-17
5434.527 1.077e-17
5435.403 1.078e-17
5436.280 1.080e-17
5437.157 1.079e-17
5438.033 1.081e-17
5438.910 1.081e-17
5439.787 1.081e-17
5440.663 1.081e-17
5441.540 1.081e-17
5442.417 1.082e-17
5443.293 1.082e-17
5444.170 1.082e-17
5445.047 1.081e-17
5445.923 1.082e-17
5446.800 1.082e-17
5447.677 1.083e-17
5448.553 1.083e-17
5449.430 1.084e-17
5450.307 1.085e-17
5451.183 1.086e-17
5452.060 1.087e-17
5452.937 1.087e-17
5453.813 1.088e-17
5454.690 1.089e-17
5455.567 1.090e-17
5456.443 1.090e-17
5457.320 1.090e-17
5458.197 1.089e-17
5459.073 1.088e-17
5459.950 1.087e-17
5460.827 1.087e-17
5461.703 1.086e-17
5462.580 1.085e-17
5463.457 1.084e-17
5464.333 1.083e-17
5465.210 1.083e-17
5466.087 1.082e-17
5466.963 1.081e-17
5467.840 1.080e-17
5468.717 1.078e-17
5469.593 1.076e-17
5470.470 1.075e-17
5471.347 1.073e-17
5472.223 1.072e-17
5473.100 1.070e-17
5473.977 1.069e-17
5474.853 1.067e-17
5475.730 1.065e-17
5476.607 1.064e-17
5477.483 1.065e-17
5478.360 1.066e-17
5479.237 1.067e-17
5480.113 1.068e-17
5480.990 1.069e-17
5481.867 1.070e-17
5482.743 1.071e-17
5483.620 1.073e-17
5484.497 1.074e-17
5485.373 1.075e-17
5486.250 1.076e-17
5487.127 1.077e-17
5488.003 1.078e-17
5488.880 1.079e-17
5489.757 1.080e-17
5490.633 1.082e-17
5491.510 1.082e-17
5492.387 1.083e-17
5493.263 1.084e-17
5494.140 1.085e-17
5495.017 1.086e-17
5495.893 1.087e-17
5496.770 1.087e-17
5497.647 1.085e-17
5498.523 1.084e-17
5499.400 1.083e-17
5500.277 1.081e-17
5501.153 1.080e-17
5502.030 1.079e-17
5502.907 1.077e-17
5503.783 1.076e-17
5504.660 1.075e-17
5505.537 1.074e-17
5506.413 1.072e-17
5507.290 1.072e-17
5508.167 1.072e-17
5509.043 1.073e-17
5509.920 1.073e-17
5510.797 1.073e-17
5511.673 1.073e-17
5512.550 1.073e-17
5513.427 1.073e-17
5514.303 1.074e-17
5515.180 1.074e-17
5516.057 1.074e-17
5516.933 1.073e-17
5517.810 1.072e-17
5518.687 1.071e-17
5519.563 1.070e-17
5520.440 1.069e-17
5521.317 1.068e-17
5522.193 1.067e-17
5523.070 1.066e-17
5523.947 1.065e-17
5524.823 1.064e-17
5525.700 1.063e-17
5526.577 1.063e-17
5527.453 1.064e-17
5528.330 1.065e-17
5529.207 1.066e-17
5530.083 1.067e-17
5530.960 1.068e-17
5531.837 1.069e-17
5532.713 1.070e-17
5533.590 1.071e-17
5534.467 1.072e-17
5535.343 1.073e-17
5536.220 1.074e-17
5537.097 1.075e-17
5537.973 1.075e-17
5538.850 1.076e-17
5539.727 1.077e-17
5540.603 1.077e-17
5541.480 1.078e-17
5542.357 1.079e-17
5543.233 1.080e-17
5544.110 1.080e-17
5544.987 1.698e-17
5545.863 1.082e-17
5546.740 1.082e-17
5547.617 1.082e-17
5548.493 1.082e-17
5549.370 1.083e-17
5550.247 1.083e-17
5551.123 1.083e-17
5552.000 1.083e-17
5552.877 1.083e-17
5553.753 1.083e-17
5554.630 1.083e-17
5555.507 1.083e-17
5556.383 1.083e-17
5557.260 1.081e-17
5558.137 1.079e-17
5559.013 1.077e-17
5559.890 1.074e-17
5560.767 1.072e-17
5561.643 1.069e-17
5562.520 1.067e-17
5563.397 1.065e-17
5564.273 1.062e-17
5565.150 1.060e-17
5566.027 1.057e-17
5566.903 1.057e-17
5567.780 1.058e-17
5568.657 1.058e-17
5569.533 1.059e-17
5570.410 1.060e-17
5571.287 1.061e-17
5572.163 1.062e-17
5573.040 1.063e-17
5573.917 1.064e-17
5574.793 1.065e-17
5575.670 1.066e-17
5576.547 1.067e-17
5577.423 1.065e-17
5578.300 1.063e-17
5579.177 1.061e-17
5580.053 1.060e-17
5580.930 1.058e-17
5581.807 1.056e-17
5582.683 1.054e-17
5583.560 1.052e-17
5584.437 1.050e-17
5585.313 1.048e-17
5586.190 1.047e-17
5587.067 1.046e-17
5587.943 1.047e-17
5588.820 1.048e-17
5589.697 1.049e-17
5590.573 1.050e-17
5591.450 1.051e-17
5592.327 1.051e-17
5593.203 1.052e-17
5594.080 1.053e-17
5594.957 1.054e-17
5595.833 1.055e-17
5596.710 1.055e-17
5597.587 1.057e-17
5598.463 1.058e-17
5599.340 3.901e-17
5600.217 1.061e-17
5601.093 1.062e-17
5601.970 1.063e-17
5602.847 1.064e-17
5603.723 1.066e-17
5604.600 1.067e-17
5605.477 1.068e-17
5606.353 1.069e-17
5607.230 1.069e-17
5608.107 1.069e-17
5608.983 1.068e-17
5609.860 1.068e-17
5610.737 1.067e-17
5611.613 1.067e-17
5612.490 1.066e-17
5613.367 1.066e-17
5614.243 1.065e-17
5615.120 1.065e-17
5615.997 1.064e-17
5616.873 1.064e-17
5617.750 1.065e-17
5618.627 1.066e-17
5619.503 1.067e-17
5620.380 1.068e-17
5621.257 1.069e-17
5622.133 1.070e-17
5623.010 1.071e-17
5623.887 1.072e-17
5624.763 1.073e-17
5625.640 1.074e-17
5626.517 1.075e-17
5627.393 1.075e-17
5628.270 1.076e-17
5629.147 1.076e-17
5630.023 1.077e-17
5630.900 1.077e-17
5631.777 1.078e-17
5632.653 1.078e-17
5633.530 1.078e-17
5634.407 1.079e-17
5635.283 1.079e-17
5636.160 1.080e-17
5637.037 1.080e-17
5637.913 1.080e-17
5638.790 1.080e-17
5639.667 1.080e-17
5640.543 1.080e-17
5641.420 1.079e-17
5642.297 1.079e-17
5643.173 1.079e-17
5644.050 1.079e-17
5644.927 1.079e-17
5645.803 1.079e-17
5646.680 1.324e-17
5647.557 1.077e-17
5648.433 1.075e-17
5649.310 1.073e-17
5650.187 1.072e-17
5651.063 1.070e-17
5651.940 1.068e-17
5652.817 1.066e-17
5653.693 1.065e-17
5654.570 1.063e-17
5655.447 1.061e-17
5656.323 1.059e-17
5657.200 1.060e-17
5658.077 1.061e-17
5658.953 1.062e-17
5659.830 1.063e-17
5660.707 1.064e-17
5661.583 1.065e-17
5662.460 1.066e-17
5663.337 1.067e-17
5664.213 1.068e-17
5665.090 1.070e-17
5665.967 1.071e-17
5666.843 1.072e-17
5667.720 1.074e-17
5668.597 1.076e-17
5669.473 1.078e-17
5670.350 1.080e-17
5671.227 1.384e-17
5672.103 1.084e-17
5672.980 1.086e-17
5673.857 1.088e-17
5674.733 1.090e-17
5675.610 1.091e-17
5676.487 1.094e-17
5677.363 1.092e-17
5678.240 1.089e-17
5679.117 1.087e-17
5679.993 1.085e-17
5680.870 1.082e-17
5681.747 1.080e-17
5682.623 1.077e-17
5683.500 1.075e-17
5684.377 1.071e-17
5685.253 1.070e-17
5686.130 1.067e-17
5687.007 1.063e-17
5687.883 1.068e-17
5688.760 1.070e-17
5689.637 1.072e-17
5690.513 1.074e-17
5691.390 1.075e-17
5692.267 1.077e-17
5693.143 1.079e-17
5694.020 1.071e-17
5694.897 1.082e-17
5695.773 1.083e-17
5696.650 1.085e-17
5697.527 1.078e-17
5698.403 1.392e-17
5699.280 1.076e-17
5700.157 1.073e-17
5701.033 1.070e-17
5701.910 1.068e-17
5702.787 1.065e-17
5703.663 1.062e-17
5704.540 1.059e-17
5705.417 1.056e-17
5706.293 1.053e-17
5707.170 1.054e-17
5708.047 1.055e-17
5708.923 1.057e-17
5709.800 1.059e-17
5710.677 1.061e-17
5711.553 1.063e-17
5712.430 1.064e-17
5713.307 1.066e-17
5714.183 1.068e-17
5715.060 1.070e-17
5715.937 1.072e-17
5716.813 1.074e-17
5717.690 1.076e-17
5718.567 1.078e-17
5719.443 1.080e-17
5720.320 1.083e-17
5721.197 1.079e-17
5722.073 1.084e-17
5722.950 1.090e-17
5723.827 1.091e-17
5724.703 1.094e-17
5725.580 1.096e-17
5726.457 1.099e-17
5727.333 1.099e-17
5728.210 1.098e-17
5729.087 1.098e-17
5729.963 1.098e-17
5730.840 1.097e-17
5731.717 1.096e-17
5732.593 1.096e-17
5733.470 1.096e-17
5734.347 1.096e-17
5735.223 1.095e-17
5736.100 1.095e-17
5736.977 1.094e-17
5737.853 1.094e-17
5738.730 1.094e-17
5739.607 1.094e-17
5740.483 1.094e-17
5741.360 1.093e-17
5742.237 1.093e-17
5743.113 1.093e-17
5743.990 1.093e-17
5744.867 1.093e-17
5745.743 1.093e-17
5746.620 1.091e-17
5747.497 1.091e-17
5748.373 1.090e-17
5749.250 1.089e-17
5750.127 1.088e-17
5751.003 1.087e-17
5751.880 1.085e-17
5752.757 1.084e-17
5753.633 1.083e-17
5754.510 1.079e-17
5755.387 1.080e-17
5756.263 1.078e-17
5757.140 1.078e-17
5758.017 1.079e-17
5758.893 1.079e-17
5759.770 1.079e-17
5760.647 1.079e-17
5761.523 1.080e-17
5762.400 1.080e-17
5763.277 1.080e-17
5764.153 1.081e-17
5765.030 1.080e-17
5765.907 1.082e-17
5766.783 1.082e-17
5767.660 1.082e-17
5768.537 1.083e-17
5769.413 1.083e-17
5770.290 1.083e-17
5771.167 1.083e-17
5772.043 1.083e-17
5772.920 1.083e-17
5773.797 1.084e-17
5774.673 1.084e-17
5775.550 1.084e-17
5776.427 1.085e-17
5777.303 1.083e-17
5778.180 1.080e-17
5779.057 1.078e-17
5779.933 1.075e-17
5780.810 1.073e-17
5781.687 1.070e-17
5782.563 1.068e-17
5783.440 1.065e-17
5784.317 1.063e-17
5785.193 1.061e-17
5786.070 1.058e-17
5786.947 1.057e-17
5787.823 1.059e-17
5788.700 1.060e-17
5789.577 1.062e-17
5790.453 1.063e-17
5791.330 1.064e-17
5792.207 1.066e-17
5793.083 1.067e-17
5793.960 1.069e-17
5794.837 1.070e-17
5795.713 1.072e-17
5796.590 1.073e-17
5797.467 1.074e-17
5798.343 1.074e-17
5799.220 1.075e-17
5800.097 1.075e-17
5800.973 1.075e-17
5801.850 1.076e-17
5802.727 1.076e-17
5803.603 1.077e-17
5804.480 1.077e-17
5805.357 1.077e-17
5806.233 1.078e-17
5807.110 1.078e-17
5807.987 1.079e-17
5808.863 1.079e-17
5809.740 1.080e-17
5810.617 1.080e-17
5811.493 1.081e-17
5812.370 1.081e-17
5813.247 1.082e-17
5814.123 1.082e-17
5815.000 1.083e-17
5815.877 1.083e-17
5816.753 1.084e-17
5817.630 1.084e-17
5818.507 1.085e-17
5819.383 1.086e-17
5820.260 1.086e-17
5821.137 1.087e-17
5822.013 1.088e-17
5822.890 1.088e-17
5823.767 1.089e-17
5824.643 1.089e-17
5825.520 1.090e-17
5826.397 1.091e-17
5827.273 1.090e-17
5828.150 1.090e-17
5829.027 1.089e-17
5829.903 1.088e-17
5830.780 1.088e-17
5831.657 1.087e-17
5832.533 1.087e-17
5833.410 1.086e-17
5834.287 1.086e-17
5835.163 1.085e-17
5836.040 1.085e-17
5836.917 1.084e-17
5837.793 1.084e-17
5838.670 1.084e-17
5839.547 1.084e-17
5840.423 1.084e-17
5841.300 1.085e-17
5842.177 1.085e-17
5843.053 1.085e-17
5843.930 1.085e-17
5844.807 1.085e-17
5845.683 1.085e-17
5846.560 1.085e-17
5847.437 1.082e-17
5848.313 1.080e-17
5849.190 1.077e-17
5850.067 1.074e-17
5850.943 1.072e-17
5851.820 1.069e-17
5852.697 1.066e-17
5853.573 1.064e-17
5854.450 1.062e-17
5855.327 1.059e-17
5856.203 1.056e-17
5857.080 1.056e-17
5857.957 1.057e-17
5858.833 1.059e-17
5859.710 1.060e-17
5860.587 1.061e-17
5861.463 1.063e-17
5862.340 1.064e-17
5863.217 1.063e-17
5864.093 1.067e-17
5864.970 1.068e-17
5865.847 1.070e-17
5866.723 1.071e-17
5867.600 3.789e-17
5868.477 1.072e-17
5869.353 1.072e-17
5870.230 1.073e-17
5871.107 3.214e-17
5871.983 1.073e-17
5872.860 1.073e-17
5873.737 1.074e-17
5874.613 1.075e-17
5875.490 1.075e-17
5876.367 1.076e-17
5877.243 1.069e-17
5878.120 1.067e-17
5878.997 1.065e-17
5879.873 1.063e-17
5880.750 1.059e-17
5881.627 1.055e-17
5882.503 1.049e-17
5883.380 1.048e-17
5884.257 1.046e-17
5885.133 1.043e-17
5886.010 1.040e-17
5886.887 1.036e-17
5887.763 1.030e-17
5888.640 1.026e-17
5889.517 1.019e-17
5890.393 1.013e-17
5891.270 9.823e-18
5892.147 1.008e-17
5893.023 1.003e-17
5893.900 9.973e-18
5894.777 9.930e-18
5895.653 9.902e-18
5896.530 9.819e-18
5897.407 9.911e-18
5898.283 9.958e-18
5899.160 9.991e-18
5900.037 1.007e-17
5900.913 1.016e-17
5901.790 1.018e-17
5902.667 1.028e-17
5903.543 1.035e-17
5904.420 1.040e-17
5905.297 1.146e-17
5906.173 1.054e-17
5907.050 1.053e-17
5907.927 1.054e-17
5908.803 1.054e-17
5909.680 1.052e-17
5910.557 1.047e-17
5911.433 1.051e-17
5912.310 1.044e-17
5913.187 1.049e-17
5914.063 1.048e-17
5914.940 1.047e-17
5915.817 1.033e-17
5916.693 1.045e-17
5917.570 1.045e-17
5918.447 1.046e-17
5919.323 1.047e-17
5920.200 1.044e-17
5921.077 1.047e-17
5921.953 1.048e-17
5922.830 1.047e-17
5923.707 1.049e-17
5924.583 1.050e-17
5925.460 1.027e-17
5926.337 6.957e-17
5927.213 1.050e-17
5928.090 1.050e-17
5928.967 1.050e-17
5929.843 1.045e-17
5930.720 1.045e-17
5931.597 1.048e-17
5932.473 1.047e-17
5933.350 1.046e-17
5934.227 1.045e-17
5935.103 1.045e-17
5935.980 1.045e-17
5936.857 1.041e-17
5937.733 1.043e-17
5938.610 1.042e-17
5939.487 1.041e-17
5940.363 1.040e-17
5941.240 1.040e-17
5942.117 1.029e-17
5942.993 1.036e-17
5943.870 1.034e-17
5944.747 1.036e-17
5945.623 1.035e-17
5946.500 1.033e-17
5947.377 1.029e-17
5948.253 1.032e-17
5949.130 1.033e-17
5950.007 1.034e-17
5950.883 1.021e-17
5951.760 1.032e-17
5952.637 1.030e-17
5953.513 1.034e-17
5954.390 1.034e-17
5955.267 1.034e-17
5956.143 1.034e-17
5957.020 1.035e-17
5957.897 1.034e-17
5958.773 1.035e-17
5959.650 1.034e-17
5960.527 1.035e-17
5961.403 1.037e-17
5962.280 1.038e-17
5963.157 1.037e-17
5964.033 1.037e-17
5964.910 1.039e-17
5965.787 1.040e-17
5966.663 1.039e-17
5967.540 1.038e-17
5968.417 1.036e-17
5969.293 1.032e-17
5970.170 1.035e-17
5971.047 1.035e-17
5971.923 7.376e-17
5972.800 1.032e-17
5973.677 1.032e-17
5974.553 1.031e-17
5975.430 1.030e-17
5976.307 1.029e-17
5977.183 1.028e-17
5978.060 1.026e-17
5978.937 1.025e-17
5979.813 1.024e-17
5980.690 1.024e-17
5981.567 1.023e-17
5982.443 1.022e-17
5983.320 1.020e-17
5984.197 1.021e-17
5985.073 1.019e-17
5985.950 1.017e-17
5986.827 1.014e-17
5987.703 1.018e-17
5988.580 1.018e-17
5989.457 1.019e-17
5990.333 1.018e-17
5991.210 1.019e-17
5992.087 1.019e-17
5992.963 1.020e-17
5993.840 1.020e-17
5994.717 1.018e-17
5995.593 1.019e-17
5996.470 1.021e-17
5997.347 1.021e-17
5998.223 1.019e-17
5999.100 1.017e-17
5999.977 1.017e-17
6000.853 1.016e-17
6001.730 1.015e-17
6002.607 1.014e-17
6003.483 1.013e-17
6004.360 1.011e-17
6005.237 1.011e-17
6006.113 1.010e-17
6006.990 1.010e-17
6007.867 1.010e-17
6008.743 1.009e-17
6009.620 1.010e-17
6010.497 1.010e-17
6011.373 1.010e-17
6012.250 1.010e-17
6013.127 1.009e-17
6014.003 1.010e-17
6014.880 1.010e-17
6015.757 1.010e-17
6016.633 1.010e-17
6017.510 1.005e-17
6018.387 1.008e-17
6019.263 1.007e-17
6020.140 1.005e-17
6021.017 1.004e-17
6021.893 1.003e-17
6022.770 1.002e-17
6023.647 1.001e-17
6024.523 9.999e-18
6025.400 9.988e-18
6026.277 9.977e-18
6027.153 9.983e-18
6028.030 9.998e-18
6028.907 1.002e-17
6029.783 1.004e-17
6030.660 1.006e-17
6031.537 1.009e-17
6032.413 1.011e-17
6033.290 1.013e-17
6034.167 1.015e-17
6035.043 1.017e-17
6035.920 1.895e-17
6036.797 1.021e-17
6037.673 1.020e-17
6038.550 1.020e-17
6039.427 1.019e-17
6040.303 1.019e-17
6041.180 1.019e-17
6042.057 1.018e-17
6042.933 1.018e-17
6043.810 1.017e-17
6044.687 1.017e-17
6045.563 1.016e-17
6046.440 1.016e-17
6047.317 1.016e-17
6048.193 1.015e-17
6049.070 1.015e-17
6049.947 1.014e-17
6050.823 1.014e-17
6051.700 1.013e-17
6052.577 1.013e-17
6053.453 1.012e-17
6054.330 1.012e-17
6055.207 1.011e-17
6056.083 1.011e-17
6056.960 1.010e-17
6057.837 1.010e-17
6058.713 1.010e-17
6059.590 1.010e-17
6060.467 1.009e-17
6061.343 1.009e-17
6062.220 1.009e-17
6063.097 1.009e-17
6063.973 1.009e-17
6064.850 1.008e-17
6065.727 1.008e-17
6066.603 1.008e-17
6067.480 1.008e-17
6068.357 1.008e-17
6069.233 1.008e-17
6070.110 1.008e-17
6070.987 1.007e-17
6071.863 1.007e-17
6072.740 1.007e-17
6073.617 1.007e-17
6074.493 1.007e-17
6075.370 1.007e-17
6076.247 1.007e-17
6077.123 1.006e-17
6078.000 1.006e-17
6078.877 1.005e-17
6079.753 1.005e-17
6080.630 1.004e-17
6081.507 1.003e-17
6082.383 1.003e-17
6083.260 1.002e-17
6084.137 1.001e-17
6085.013 1.001e-17
6085.890 1.000e-17
6086.767 9.994e-18
6087.643 9.992e-18
6088.520 9.990e-18
6089.397 9.988e-18
6090.273 9.986e-18
6091.150 9.985e-18
6092.027 9.983e-18
6092.903 9.982e-18
6093.780 9.980e-18
6094.657 9.978e-18
6095.533 9.977e-18
6096.410 9.975e-18
6097.287 9.964e-18
6098.163 9.950e-18
6099.040 9.935e-18
6099.917 9.920e-18
6100.793 9.905e-18
6101.670 9.890e-18
6102.547 9.875e-18
6103.423 9.860e-18
6104.300 9.846e-18
6105.177 9.831e-18
6106.053 9.816e-18
6106.930 9.808e-18
6107.807 9.819e-18
6108.683 9.830e-18
6109.560 9.841e-18
6110.437 9.853e-18
6111.313 9.864e-18
6112.190 9.875e-18
6113.067 9.886e-18
6113.943 9.898e-18
6114.820 9.909e-18
6115.697 9.920e-18
6116.573 9.931e-18
6117.450 9.920e-18
6118.327 9.905e-18
6119.203 9.890e-18
6120.080 9.875e-18
6120.957 9.860e-18
6121.833 9.845e-18
6122.710 9.830e-18
6123.587 9.815e-18
6124.463 9.800e-18
6125.340 9.785e-18
6126.217 9.770e-18
6127.093 9.758e-18
6127.970 9.749e-18
6128.847 9.740e-18
6129.723 9.731e-18
6130.600 9.722e-18
6131.477 9.712e-18
6132.353 9.703e-18
6133.230 9.694e-18
6134.107 9.685e-18
6134.983 9.676e-18
6135.860 9.667e-18
6136.737 9.658e-18
6137.613 9.665e-18
6138.490 2.244e-17
6139.367 9.680e-18
6140.243 9.687e-18
6141.120 3.706e-17
6141.997 9.701e-18
6142.873 9.708e-18
6143.750 9.715e-18
6144.627 9.722e-18
6145.503 9.729e-18
6146.380 9.736e-18
6147.257 9.737e-18
6148.133 9.735e-18
6149.010 9.732e-18
6149.887 9.730e-18
6150.763 9.728e-18
6151.640 9.725e-18
6152.517 9.723e-18
6153.393 9.721e-18
6154.270 9.719e-18
6155.147 9.716e-18
6156.023 9.714e-18
6156.900 9.705e-18
6157.777 9.710e-18
6158.653 9.635e-18
6159.530 9.601e-18
6160.407 9.566e-18
6161.283 9.532e-18
6162.160 9.497e-18
6163.037 9.462e-18
6163.913 9.428e-18
6164.790 9.393e-18
6165.667 9.358e-18
6166.543 9.324e-18
6167.420 9.341e-18
6168.297 9.369e-18
6169.173 9.397e-18
6170.050 9.425e-18
6170.927 9.453e-18
6171.803 9.481e-18
6172.680 9.509e-18
6173.557 9.538e-18
6174.433 9.566e-18
6175.310 9.594e-18
6176.187 9.622e-18
6177.063 9.640e-18
6177.940 2.781e-17
6178.817 9.646e-18
6179.693 9.648e-18
6180.570 9.651e-18
6181.447 9.654e-18
6182.323 9.657e-18
6183.200 9.660e-18
6184.077 9.662e-18
6184.953 9.665e-18
6185.830 9.668e-18
6186.707 9.671e-18
6187.583 9.663e-18
6188.460 9.655e-18
6189.337 9.648e-18
6190.213 9.640e-18
6191.090 9.632e-18
6191.967 9.625e-18
6192.843 9.617e-18
6193.720 9.609e-18
6194.597 3.472e-17
6195.473 9.593e-18
6196.350 9.585e-18
6197.227 9.586e-18
6198.103 9.592e-18
6198.980 9.597e-18
6199.857 9.603e-18
6200.733 9.609e-18
6201.610 9.615e-18
6202.487 9.621e-18
6203.363 9.626e-18
6204.240 9.632e-18
6205.117 9.638e-18
6205.993 9.643e-18
6206.870 9.645e-18
6207.747 9.628e-18
6208.623 9.612e-18
6209.500 9.596e-18
6210.377 9.580e-18
6211.253 9.563e-18
6212.130 9.547e-18
6213.007 9.531e-18
6213.883 9.515e-18
6214.760 4.136e-17
6215.637 9.482e-18
6216.513 9.466e-18
6217.390 9.466e-18
6218.267 9.470e-18
6219.143 9.475e-18
6220.020 9.479e-18
6220.897 9.483e-18
6221.773 9.487e-18
6222.650 9.492e-18
6223.527 1.236e-16
6224.403 9.500e-18
6225.280 9.505e-18
6226.157 9.509e-18
6227.033 9.505e-18
6227.910 9.488e-18
6228.787 9.471e-18
6229.663 9.453e-18
6230.540 9.436e-18
6231.417 9.419e-18
6232.293 9.402e-18
6233.170 9.384e-18
6234.047 9.367e-18
6234.923 9.350e-18
6235.800 9.333e-18
6236.677 9.315e-18
6237.553 9.309e-18
6238.430 9.304e-18
6239.307 9.298e-18
6240.183 9.292e-18
6241.060 9.286e-18
6241.937 8.458e-17
6242.813 9.274e-18
6243.690 9.268e-18
6244.567 9.262e-18
6245.443 1.194e-16
6246.320 9.250e-18
6247.197 9.242e-18
6248.073 9.230e-18
6248.950 9.222e-18
6249.827 9.211e-18
6250.703 9.202e-18
6251.580 9.192e-18
6252.457 9.182e-18
6253.333 9.172e-18
6254.210 9.162e-18
6255.087 9.152e-18
6255.963 9.142e-18
6256.840 9.136e-18
6257.717 9.154e-18
6258.593 9.771e-18
6259.470 9.189e-18
6260.347 9.204e-18
6261.223 9.223e-18
6262.100 9.241e-18
6262.977 9.258e-18
6263.853 9.275e-18
6264.730 9.293e-18
6265.607 9.311e-18
6266.483 9.328e-18
6267.360 9.330e-18
6268.237 9.327e-18
6269.113 9.324e-18
6269.990 2.107e-17
6270.867 9.319e-18
6271.743 9.317e-18
6272.620 9.315e-18
6273.497 9.312e-18
6274.373 9.301e-18
6275.250 9.307e-18
6276.127 9.305e-18
6277.003 9.265e-18
6277.880 9.300e-18
6278.757 9.245e-18
6279.633 9.235e-18
6280.510 9.230e-18
6281.387 9.280e-18
6282.263 9.236e-18
6283.140 9.275e-18
6284.017 9.277e-18
6284.893 9.280e-18
6285.770 9.273e-18
6286.647 9.269e-18
6287.523 9.179e-18
6288.400 9.260e-18
6289.277 9.245e-18
6290.153 9.243e-18
6291.030 9.173e-18
6291.907 8.709e-18
6292.783 9.217e-18
6293.660 9.202e-18
6294.537 9.174e-18
6295.413 9.193e-18
6296.290 9.178e-18
6297.167 9.166e-18
6298.043 1.334e-17
6298.920 9.137e-18
6299.797 9.143e-18
6300.673 9.129e-18
6301.550 9.125e-18
6302.427 9.115e-18
6303.303 9.105e-18
6304.180 9.091e-18
6305.057 9.086e-18
6305.933 9.076e-18
6306.810 9.066e-18
6307.687 9.031e-18
6308.563 9.042e-18
6309.440 9.037e-18
6310.317 1.752e-17
6311.193 8.999e-18
6312.070 9.009e-18
6312.947 9.011e-18
6313.823 9.011e-18
6314.700 9.006e-18
6315.577 9.010e-18
6316.453 9.008e-18
6317.330 9.010e-18
6318.207 9.006e-18
6319.083 9.001e-18
6319.960 9.010e-18
6320.837 9.008e-18
6321.713 8.963e-18
6322.590 9.010e-18
6323.467 9.010e-18
6324.343 9.005e-18
6325.220 9.009e-18
6326.097 9.006e-18
6326.973 9.010e-18
6327.850 9.009e-18
6328.727 9.010e-18
6329.603 9.011e-18
6330.480 9.004e-18
6331.357 8.937e-18
6332.233 9.010e-18
6333.110 9.009e-18
6333.987 9.006e-18
6334.863 9.005e-18
6335.740 9.006e-18
6336.617 9.005e-18
6337.493 9.004e-18
6338.370 9.004e-18
6339.247 9.001e-18
6340.123 9.001e-18
6341.000 9.001e-18
6341.877 8.984e-18
6342.753 8.998e-18
6343.630 8.998e-18
6344.507 8.997e-18
6345.383 8.997e-18
6346.260 8.996e-18
6347.137 8.995e-18
6348.013 8.994e-18
6348.890 8.988e-18
6349.767 8.992e-18
6350.643 8.992e-18
6351.520 8.991e-18
6352.397 8.978e-18
6353.273 8.980e-18
6354.150 8.983e-18
6355.027 8.983e-18
6355.903 8.981e-18
6356.780 8.979e-18
6357.657 8.977e-18
6358.533 8.975e-18
6359.410 8.972e-18
6360.287 8.969e-18
6361.163 8.960e-18
6362.040 8.967e-18
6362.917 8.954e-18
6363.793 8.963e-18
6364.670 8.961e-18
6365.547 2.773e-15
6366.423 8.957e-18
6367.300 8.955e-18
6368.177 8.953e-18
6369.053 8.951e-18
6369.930 8.949e-18
6370.807 8.945e-18
6371.683 8.945e-18
6372.560 8.942e-18
6373.437 8.937e-18
6374.313 8.938e-18
6375.190 8.933e-18
6376.067 8.934e-18
6376.943 8.929e-18
6377.820 8.929e-18
6378.697 8.927e-18
6379.573 8.925e-18
6380.450 8.923e-18
6381.327 8.921e-18
6382.203 8.918e-18
6383.080 8.915e-18
6383.957 8.913e-18
6384.833 8.911e-18
6385.710 8.909e-18
6386.587 8.906e-18
6387.463 8.904e-18
6388.340 2.831e-17
6389.217 8.898e-18
6390.093 8.897e-18
6390.970 8.895e-18
6391.847 8.892e-18
6392.723 8.884e-18
6393.600 8.878e-18
6394.477 8.869e-18
6395.353 8.863e-18
6396.230 8.851e-18
6397.107 8.847e-18
6397.983 8.840e-18
6398.860 8.832e-18
6399.737 8.825e-18
6400.613 8.815e-18
6401.490 8.810e-18
6402.367 8.800e-18
6403.243 8.795e-18
6404.120 8.787e-18
6404.997 8.778e-18
6405.873 8.769e-18
6406.750 8.764e-18
6407.627 8.757e-18
6408.503 8.747e-18
6409.380 8.740e-18
6410.257 8.733e-18
6411.133 8.725e-18
6412.010 8.720e-18
6412.887 8.718e-18
6413.763 8.718e-18
6414.640 8.716e-18
6415.517 4.050e-17
6416.393 8.715e-18
6417.270 8.714e-18
6418.147 8.711e-18
6419.023 8.712e-18
6419.900 8.711e-18
6420.777 8.711e-18
6421.653 8.710e-18
6422.530 8.710e-18
6423.407 8.711e-18
6424.283 8.712e-18
6425.160 8.710e-18
6426.037 8.711e-18
6426.913 8.711e-18
6427.790 8.712e-18
6428.667 8.711e-18
6429.543 8.712e-18
6430.420 8.712e-18
6431.297 8.708e-18
6432.173 8.709e-18
6433.050 8.711e-18
6433.927 8.712e-18
6434.803 8.700e-18
6435.680 8.711e-18
6436.557 8.711e-18
6437.433 8.712e-18
6438.310 8.712e-18
6439.187 8.712e-18
6440.063 8.711e-18
6440.940 8.711e-18
6441.817 8.710e-18
6442.693 8.711e-18
6443.570 8.710e-18
6444.447 8.710e-18
6445.323 8.698e-18
6446.200 8.705e-18
6447.077 8.704e-18
6447.953 8.709e-18
6448.830 8.706e-18
6449.707 8.667e-18
6450.583 8.709e-18
6451.460 8.704e-18
6452.337 8.705e-18
6453.213 8.692e-18
6454.090 8.696e-18
6454.967 8.684e-18
6455.843 8.670e-18
6456.720 8.680e-18
6457.597 8.677e-18
6458.473 8.672e-18
6459.350 8.666e-18
6460.227 8.661e-18
6461.103 8.656e-18
6461.980 8.628e-18
6462.857 8.647e-18
6463.733 8.620e-18
6464.610 8.638e-18
6465.487 8.625e-18
6466.363 8.623e-18
6467.240 8.617e-18
6468.117 8.587e-18
6468.993 8.613e-18
6469.870 8.604e-18
6470.747 8.603e-18
6471.623 8.592e-18
6472.500 8.592e-18
6473.377 8.584e-18
6474.253 8.395e-18
6475.130 8.559e-18
6476.007 8.555e-18
6476.883 8.382e-18
6477.760 8.518e-18
6478.637 8.531e-18
6479.513 8.524e-18
6480.390 8.519e-18
6481.267 8.445e-18
6482.143 8.498e-18
6483.020 8.494e-18
6483.897 8.487e-18
6484.773 8.473e-18
6485.650 8.375e-18
6486.527 8.435e-18
6487.403 8.420e-18
6488.280 8.441e-18
6489.157 8.413e-18
6490.033 8.427e-18
6490.910 8.301e-18
6491.787 8.414e-18
6492.663 8.311e-18
6493.540 8.426e-18
6494.417 8.427e-18
6495.293 8.436e-18
6496.170 9.152e-18
6497.047 8.448e-18
6497.923 8.449e-18
6498.800 8.462e-18
6499.677 8.467e-18
6500.553 3.909e-16
6501.430 8.481e-18
6502.307 8.488e-18
6503.183 8.489e-18
6504.060 8.500e-18
6504.937 8.506e-18
6505.813 8.509e-18
6506.690 8.519e-18
6507.567 8.525e-18
6508.443 8.532e-18
6509.320 8.535e-18
6510.197 8.538e-18
6511.073 8.550e-18
6511.950 8.556e-18
6512.827 8.553e-18
6513.703 8.530e-18
6514.580 8.549e-18
6515.457 8.522e-18
6516.333 8.531e-18
6517.210 8.542e-18
6518.087 8.529e-18
6518.963 8.478e-18
6519.840 8.436e-18
6520.717 8.531e-18
6521.593 8.531e-18
6522.470 8.528e-18
6523.347 8.530e-18
6524.223 1.704e-16
6525.100 8.484e-18
6525.977 8.520e-18
6526.853 8.522e-18
6527.730 8.517e-18
6528.607 8.518e-18
6529.483 8.511e-18
6530.360 8.514e-18
6531.237 8.512e-18
6532.113 8.506e-18
6532.990 8.495e-18
6533.867 8.480e-18
6534.743 9.645e-18
6535.620 8.457e-18
6536.497 8.428e-18
6537.373 8.440e-18
6538.250 8.428e-18
6539.127 8.416e-18
6540.003 8.405e-18
6540.880 8.396e-18
6541.757 8.385e-18
6542.633 1.121e-17
6543.510 8.363e-18
6544.387 8.350e-18
6545.263 8.338e-18
6546.140 8.326e-18
6547.017 8.318e-18
6547.893 2.350e-17
6548.770 8.295e-18
6549.647 8.274e-18
6550.523 8.213e-18
6551.400 8.264e-18
6552.277 8.247e-18
6553.153 8.224e-18
6554.030 8.197e-18
6554.907 8.175e-18
6555.783 8.150e-18
6556.660 8.129e-18
6557.537 8.107e-18
6558.413 8.085e-18
6559.290 8.060e-18
6560.167 8.037e-18
6561.043 8.016e-18
6561.920 7.993e-18
6562.797 7.963e-18
6563.673 7.944e-18
6564.550 8.789e-17
6565.427 7.886e-18
6566.303 7.874e-18
6567.180 7.854e-18
6568.057 7.831e-18
6568.933 7.808e-18
6569.810 7.785e-18
6570.687 9.304e-18
6571.563 7.739e-18
6572.440 7.735e-18
6573.317 7.770e-18
6574.193 7.796e-18
6575.070 7.823e-18
6575.947 7.847e-18
6576.823 7.850e-18
6577.700 7.895e-18
6578.577 7.919e-18
6579.453 7.944e-18
6580.330 7.968e-18
6581.207 7.992e-18
6582.083 8.013e-18
6582.960 8.039e-18
6583.837 8.062e-18
6584.713 8.088e-18
6585.590 1.214e-17
6586.467 8.136e-18
6587.343 8.159e-18
6588.220 8.171e-18
6589.097 8.208e-18
6589.973 8.232e-18
6590.850 8.257e-18
6591.727 8.281e-18
6592.603 8.285e-18
6593.480 8.287e-18
6594.357 8.290e-18
6595.233 8.284e-18
6596.110 8.282e-18
6596.987 8.298e-18
6597.863 8.299e-18
6598.740 8.301e-18
6599.617 8.305e-18
6600.493 8.306e-18
6601.370 8.308e-18
6602.247 8.308e-18
6603.123 8.315e-18
6604.000 8.290e-18
6604.877 8.320e-18
6605.753 8.335e-18
6606.630 8.322e-18
6607.507 8.326e-18
6608.383 8.330e-18
6609.260 8.332e-18
6610.137 8.335e-18
6611.013 8.337e-18
6611.890 8.335e-18
6612.767 8.336e-18
6613.643 8.323e-18
6614.520 8.328e-18
6615.397 8.326e-18
6616.273 8.322e-18
6617.150 8.319e-18
6618.027 8.315e-18
6618.903 8.312e-18
6619.780 8.309e-18
6620.657 8.303e-18
6621.533 8.301e-18
6622.410 8.299e-18
6623.287 8.295e-18
6624.163 8.292e-18
6625.040 8.289e-18
6625.917 8.286e-18
6626.793 8.283e-18
6627.670 8.279e-18
6628.547 8.276e-18
6629.423 4.406e-17
6630.300 8.269e-18
6631.177 8.266e-18
6632.053 8.264e-18
6632.930 8.262e-18
6633.807 8.263e-18
6634.683 8.263e-18
6635.560 8.263e-18
6636.437 8.263e-18
6637.313 8.263e-18
6638.190 8.262e-18
6639.067 8.262e-18
6639.943 8.262e-18
6640.820 8.262e-18
6641.697 8.262e-18
6642.573 8.261e-18
6643.450 8.261e-18
6644.327 8.261e-18
6645.203 8.261e-18
6646.080 8.261e-18
6646.957 8.261e-18
6647.833 8.261e-18
6648.710 8.260e-18
6649.587 8.260e-18
6650.463 8.260e-18
6651.340 8.260e-18
6652.217 8.257e-18
6653.093 8.252e-18
6653.970 8.246e-18
6654.847 8.241e-18
6655.723 8.236e-18
6656.600 8.230e-18
6657.477 8.225e-18
6658.353 8.220e-18
6659.230 8.214e-18
6660.107 8.209e-18
6660.983 8.204e-18
6661.860 8.198e-18
6662.737 8.193e-18
6663.613 9.490e-18
6664.490 8.183e-18
6665.367 8.177e-18
6666.243 8.172e-18
6667.120 8.167e-18
6667.997 8.162e-18
6668.873 8.156e-18
6669.750 1.215e-17
6670.627 8.146e-18
6671.503 8.140e-18
6672.380 8.139e-18
6673.257 8.139e-18
6674.133 8.138e-18
6675.010 8.139e-18
6675.887 8.139e-18
6676.763 8.138e-18
6677.640 8.139e-18
6678.517 8.139e-18
6679.393 8.139e-18
6680.270 8.140e-18
6681.147 8.140e-18
6682.023 8.140e-18
6682.900 8.140e-18
6683.777 8.140e-18
6684.653 8.140e-18
6685.530 8.134e-18
6686.407 8.140e-18
6687.283 8.140e-18
6688.160 8.140e-18
6689.037 8.141e-18
6689.913 8.140e-18
6690.790 8.141e-18
6691.667 8.141e-18
6692.543 8.136e-18
6693.420 8.130e-18
6694.297 8.124e-18
6695.173 8.118e-18
6696.050 8.112e-18
6696.927 8.106e-18
6697.803 8.100e-18
6698.680 8.094e-18
6699.557 8.088e-18
6700.433 8.082e-18
6701.310 8.076e-18
6702.187 8.070e-18
6703.063 8.064e-18
6703.940 8.058e-18
6704.817 8.052e-18
6705.693 8.046e-18
6706.570 1.376e-17
6707.447 8.034e-18
6708.323 8.028e-18
6709.200 8.022e-18
6710.077 8.016e-18
6710.953 8.010e-18
6711.830 8.004e-18
6712.707 8.003e-18
6713.583 8.002e-18
6714.460 8.001e-18
6715.337 8.001e-18
6716.213 8.000e-18
6717.090 7.999e-18
6717.967 7.998e-18
6718.843 8.827e-18
6719.720 7.997e-18
6720.597 7.996e-18
6721.473 7.995e-18
6722.350 7.994e-18
6723.227 7.994e-18
6724.103 7.993e-18
6724.980 7.992e-18
6725.857 7.991e-18
6726.733 7.990e-18
6727.610 7.990e-18
6728.487 7.989e-18
6729.363 7.988e-18
6730.240 7.987e-18
6731.117 7.986e-18
6731.993 1.158e-17
6732.870 7.982e-18
6733.747 7.979e-18
6734.623 7.976e-18
6735.500 7.973e-18
6736.377 7.969e-18
6737.253 7.966e-18
6738.130 7.963e-18
6739.007 7.960e-18
6739.883 7.957e-18
6740.760 7.954e-18
6741.637 7.950e-18
6742.513 7.947e-18
6743.390 7.944e-18
6744.267 7.941e-18
6745.143 7.938e-18
6746.020 8.455e-18
6746.897 7.931e-18
6747.773 7.928e-18
6748.650 7.925e-18
6749.527 7.922e-18
6750.403 7.919e-18
6751.280 7.917e-18
6752.157 7.915e-18
6753.033 7.915e-18
6753.910 7.914e-18
6754.787 7.913e-18
6755.663 7.912e-18
6756.540 7.912e-18
6757.417 7.911e-18
6758.293 7.910e-18
6759.170 7.909e-18
6760.047 7.909e-18
6760.923 7.908e-18
6761.800 7.907e-18
6762.677 7.906e-18
6763.553 7.906e-18
6764.430 7.905e-18
6765.307 7.904e-18
6766.183 7.903e-18
6767.060 7.903e-18
6767.937 7.902e-18
6768.813 7.901e-18
6769.690 7.900e-18
6770.567 7.900e-18
6771.443 7.899e-18
6772.320 7.898e-18
6773.197 7.896e-18
6774.073 7.894e-18
6774.950 7.892e-18
6775.827 7.890e-18
6776.703 7.888e-18
6777.580 7.886e-18
6778.457 7.884e-18
6779.333 7.882e-18
6780.210 7.880e-18
6781.087 7.878e-18
6781.963 7.876e-18
6782.840 7.874e-18
6783.717 7.872e-18
6784.593 7.871e-18
6785.470 7.869e-18
6786.347 7.867e-18
6787.223 7.865e-18
6788.100 7.863e-18
6788.977 7.861e-18
6789.853 7.859e-18
6790.730 7.857e-18
6791.607 7.855e-18
6792.483 7.853e-18
6793.360 7.852e-18
6794.237 7.851e-18
6795.113 7.849e-18
6795.990 7.848e-18
6796.867 7.847e-18
6797.743 7.845e-18
6798.620 7.843e-18
6799.497 7.842e-18
6800.373 7.841e-18
6801.250 7.840e-18
6802.127 7.838e-18
6803.003 7.837e-18
6803.880 7.836e-18
6804.757 7.834e-18
6805.633 7.830e-18
6806.510 7.831e-18
6807.387 7.830e-18
6808.263 7.829e-18
6809.140 7.827e-18
6810.017 7.826e-18
6810.893 7.825e-18
6811.770 7.823e-18
6812.647 7.821e-18
6813.523 7.819e-18
6814.400 7.816e-18
6815.277 7.814e-18
6816.153 7.811e-18
6817.030 7.809e-18
6817.907 7.807e-18
6818.783 7.800e-18
6819.660 7.802e-18
6820.537 7.800e-18
6821.413 7.797e-18
6822.290 7.795e-18
6823.167 7.792e-18
6824.043 7.790e-18
6824.920 7.785e-18
6825.797 7.785e-18
6826.673 7.783e-18
6827.550 7.780e-18
6828.427 7.778e-18
6829.303 2.310e-17
6830.180 7.773e-18
6831.057 7.768e-18
6831.933 7.768e-18
6832.810 7.764e-18
6833.687 7.760e-18
6834.563 7.779e-17
6835.440 7.751e-18
6836.317 4.049e-16
6837.193 7.744e-18
6838.070 7.741e-18
6838.947 7.737e-18
6839.823 7.733e-18
6840.700 7.728e-18
6841.577 1.728e-17
6842.453 7.721e-18
6843.330 7.717e-18
6844.207 7.709e-18
6845.083 7.709e-18
6845.960 7.705e-18
6846.837 7.701e-18
6847.713 7.697e-18
6848.590 7.693e-18
6849.467 7.689e-18
6850.343 7.685e-18
6851.220 7.681e-18
6852.097 7.678e-18
6852.973 7.680e-18
6853.850 7.681e-18
6854.727 7.682e-18
6855.603 7.683e-18
6856.480 7.685e-18
6857.357 7.686e-18
6858.233 7.687e-18
6859.110 7.688e-18
6859.987 7.689e-18
6860.863 7.691e-18
6861.740 7.692e-18
6862.617 7.691e-18
6863.493 7.693e-18
6864.370 7.695e-18
6865.247 7.695e-18
6866.123 7.691e-18
6867.000 1.253e-17
6867.877 7.686e-18
6868.753 7.648e-18
6869.630 7.349e-18
6870.507 4.756e-18
6871.383 7.300e-18
6872.260 7.430e-18
6873.137 1.588e-18
6874.013 6.084e-18
6874.890 6.355e-18
6875.767 3.999e-18
6876.643 4.734e-18
6877.520 2.061e-18
6878.397 7.159e-18
6879.273 7.389e-18
6880.150 1.067e-17
6881.027 5.274e-18
6881.903 5.958e-18
6882.780 1.030e-17
6883.657 7.672e-18
6884.533 1.457e-17
6885.410 7.586e-18
6886.287 7.655e-18
6887.163 7.580e-18
6888.040 7.499e-18
6888.917 7.281e-18
6889.793 7.626e-18
6890.670 6.936e-18
6891.547 7.172e-18
6892.423 7.590e-18
6893.300 7.625e-18
6894.177 4.712e-18
6895.053 6.421e-18
6895.930 7.598e-18
6896.807 7.559e-18
6897.683 7.267e-18
6898.560 7.261e-18
6899.437 7.538e-18
6900.313 7.628e-18
6901.190 7.599e-18
6902.067 7.183e-18
6902.943 6.853e-18
6903.820 7.616e-18
6904.697 7.625e-18
6905.573 7.571e-18
6906.450 7.431e-18
6907.327 7.524e-18
6908.203 7.619e-18
6909.080 7.620e-18
6909.957 7.592e-18
6910.833 7.544e-18
6911.710 7.555e-18
6912.587 7.594e-18
6913.463 7.582e-18
6914.340 7.617e-18
6915.217 6.951e-18
6916.093 6.527e-18
6916.970 7.619e-18
6917.847 7.619e-18
6918.723 7.619e-18
6919.600 7.603e-18
6920.477 7.594e-18
6921.353 7.594e-18
6922.230 7.612e-18
6923.107 7.615e-18
6923.983 7.612e-18
6924.860 7.593e-18
6925.737 7.580e-18
6926.613 7.953e-18
6927.490 7.590e-18
6928.367 7.604e-18
6929.243 1.306e-17
6930.120 7.611e-18
6930.997 7.425e-18
6931.873 7.494e-18
6932.750 7.587e-18
6933.627 7.527e-18
6934.503 7.601e-18
6935.380 7.460e-18
6936.257 7.450e-18
6937.133 6.831e-18
6938.010 7.568e-18
6938.887 7.562e-18
6939.763 7.536e-18
6940.640 7.578e-18
6941.517 9.156e-17
6942.393 7.518e-18
6943.270 7.509e-18
6944.147 7.294e-18
6945.023 7.563e-18
6945.900 7.524e-18
6946.777 7.557e-18
6947.653 7.556e-18
6948.530 7.322e-18
6949.407 6.687e-18
6950.283 7.543e-18
6951.160 1.885e-16
6952.037 7.539e-18
6952.913 7.528e-18
6953.790 7.530e-18
6954.667 7.542e-18
6955.543 7.275e-18
6956.420 7.857e-18
6957.297 7.505e-18
6958.173 1.135e-17
6959.050 7.503e-18
6959.927 7.498e-18
6960.803 7.491e-18
6961.680 7.467e-18
6962.557 7.447e-18
6963.433 7.462e-18
6964.310 7.482e-18
6965.187 7.479e-18
6966.063 7.473e-18
6966.940 7.430e-18
6967.817 7.467e-18
6968.693 7.456e-18
6969.570 7.442e-18
6970.447 7.454e-18
6971.323 7.450e-18
6972.200 7.444e-18
6973.077 7.422e-18
6973.953 7.481e-18
6974.830 7.447e-18
6975.707 7.447e-18
6976.583 7.442e-18
6977.460 7.447e-18
6978.337 7.446e-18
6979.213 7.434e-18
6980.090 7.446e-18
6980.967 7.443e-18
6981.843 7.446e-18
6982.720 7.445e-18
6983.597 7.437e-18
6984.473 9.572e-18
6985.350 1.120e-17
6986.227 7.444e-18
6987.103 7.441e-18
6987.980 7.440e-18
6988.857 7.436e-18
6989.733 7.361e-18
6990.610 7.430e-18
6991.487 7.441e-18
6992.363 7.282e-18
6993.240 7.432e-18
6994.117 7.426e-18
6994.993 7.414e-18
6995.870 7.382e-18
6996.747 7.402e-18
6997.623 7.401e-18
6998.500 1.208e-17
6999.377 7.387e-18
7000.253 7.371e-18
7001.130 7.335e-18
7002.007 7.368e-18
7002.883 1.437e-17
7003.760 7.442e-18
7004.637 7.339e-18
7005.513 7.342e-18
7006.390 7.257e-18
7007.267 9.921e-18
7008.143 7.261e-18
7009.020 7.310e-18
7009.897 7.308e-18
7010.773 7.303e-18
7011.650 7.284e-18
7012.527 7.277e-18
7013.403 7.266e-18
7014.280 7.285e-18
7015.157 7.290e-18
7016.033 7.284e-18
7016.910 7.240e-18
7017.787 7.214e-18
7018.663 7.270e-18
7019.540 7.284e-18
7020.417 7.287e-18
7021.293 7.169e-18
7022.170 7.263e-18
7023.047 7.283e-18
7023.923 7.283e-18
7024.800 7.278e-18
7025.677 7.265e-18
7026.553 7.277e-18
7027.430 7.281e-18
7028.307 7.186e-18
7029.183 7.250e-18
7030.060 7.265e-18
7030.937 7.245e-18
7031.813 7.275e-18
7032.690 7.270e-18
7033.567 7.281e-18
7034.443 7.284e-18
7035.320 7.287e-18
7036.197 7.289e-18
7037.073 7.293e-18
7037.950 7.287e-18
7038.827 7.297e-18
7039.703 7.291e-18
7040.580 7.298e-18
7041.457 7.294e-18
7042.333 7.313e-18
7043.210 5.264e-17
7044.087 7.321e-18
7044.963 7.326e-18
7045.840 7.328e-18
7046.717 7.325e-18
7047.593 7.337e-18
7048.470 7.337e-18
7049.347 7.303e-18
7050.223 7.330e-18
7051.100 2.104e-17
7051.977 7.354e-18
7052.853 7.165e-18
7053.730 7.336e-18
7054.607 7.284e-18
7055.483 7.332e-18
7056.360 1.179e-17
7057.237 7.341e-18
7058.113 7.334e-18
7058.990 7.169e-18
7059.867 7.334e-18
7060.743 7.326e-18
7061.620 7.315e-18
7062.497 7.279e-18
7063.373 7.303e-18
7064.250 1.339e-17
7065.127 7.321e-18
7066.003 7.314e-18
7066.880 7.311e-18
7067.757 7.303e-18
7068.633 7.311e-18
7069.510 1.758e-17
7070.387 7.309e-18
7071.263 7.308e-18
7072.140 7.306e-18
7073.017 7.304e-18
7073.893 7.268e-18
7074.770 7.299e-18
7075.647 7.285e-18
7076.523 7.293e-18
7077.400 7.287e-18
7078.277 7.289e-18
7079.153 7.283e-18
7080.030 7.271e-18
7080.907 7.271e-18
7081.783 7.267e-18
7082.660 7.278e-18
7083.537 7.277e-18
7084.413 7.716e-18
7085.290 7.273e-18
7086.167 7.270e-18
7087.043 7.265e-18
7087.920 7.258e-18
7088.797 1.413e-17
7089.673 1.503e-17
7090.550 7.244e-18
7091.427 7.254e-18
7092.303 1.522e-17
7093.180 7.224e-18
7094.057 7.256e-18
7094.933 7.250e-18
7095.810 7.253e-18
7096.687 7.254e-18
7097.563 7.233e-18
7098.440 7.250e-18
7099.317 7.247e-18
7100.193 7.255e-18
7101.070 7.253e-18
7101.947 7.250e-18
7102.823 7.252e-18
7103.700 7.253e-18
7104.577 7.256e-18
7105.453 7.256e-18
7106.330 7.249e-18
7107.207 7.246e-18
7108.083 7.204e-18
7108.960 7.249e-18
7109.837 7.256e-18
7110.713 7.256e-18
7111.590 7.254e-18
7112.467 7.252e-18
7113.343 7.241e-18
7114.220 7.253e-18
7115.097 7.250e-18
7115.973 7.239e-18
7116.850 7.248e-18
7117.727 7.235e-18
7118.603 7.245e-18
7119.480 7.243e-18
7120.357 7.194e-18
7121.233 7.230e-18
7122.110 7.238e-18
7122.987 7.237e-18
7123.863 7.234e-18
7124.740 7.209e-18
7125.617 7.231e-18
7126.493 7.230e-18
7127.370 7.224e-18
7128.247 7.226e-18
7129.123 7.224e-18
7130.000 7.208e-18
7130.877 7.218e-18
7131.753 7.218e-18
7132.630 7.217e-18
7133.507 7.214e-18
7134.383 7.216e-18
7135.260 9.691e-18
7136.137 7.174e-18
7137.013 7.208e-18
7137.890 7.212e-18
7138.767 7.210e-18
7139.643 7.203e-18
7140.520 7.209e-18
7141.397 7.205e-18
7142.273 7.137e-18
7143.150 1.169e-17
7144.027 7.191e-18
7144.903 7.131e-18
7145.780 7.203e-18
7146.657 1.710e-17
7147.533 7.581e-18
7148.410 7.191e-18
7149.287 7.195e-18
7150.163 7.195e-18
7151.040 7.197e-18
7151.917 8.026e-18
7152.793 7.158e-18
7153.670 7.185e-18
7154.547 7.183e-18
7155.423 7.183e-18
7156.300 7.188e-18
7157.177 7.179e-18
7158.053 7.181e-18
7158.930 7.178e-18
7159.807 7.174e-18
7160.683 7.076e-18
7161.560 7.171e-18
7162.437 7.170e-18
7163.313 7.173e-18
7164.190 7.155e-18
7165.067 7.161e-18
7165.943 7.145e-18
7166.820 7.125e-18
7167.697 7.079e-18
7168.573 7.130e-18
7169.450 7.061e-18
7170.327 7.145e-18
7171.203 8.786e-18
7172.080 6.731e-18
7172.957 7.066e-18
7173.833 7.095e-18
7174.710 5.894e-18
7175.587 1.985e-17
7176.463 7.126e-18
7177.340 7.081e-18
7178.217 6.901e-18
7179.093 6.095e-18
7179.970 7.099e-18
7180.847 7.099e-18
7181.723 7.107e-18
7182.600 7.110e-18
7183.477 5.322e-18
7184.353 7.057e-18
7185.230 7.098e-18
7186.107 9.741e-18
7186.983 6.995e-18
7187.860 7.032e-18
7188.737 7.010e-18
7189.613 6.934e-18
7190.490 7.071e-18
7191.367 7.905e-18
7192.243 7.071e-18
7193.120 7.000e-18
7193.997 6.950e-18
7194.873 7.058e-18
7195.750 5.332e-18
7196.627 7.060e-18
7197.503 7.063e-18
7198.380 7.056e-18
7199.257 6.527e-18
7200.133 7.032e-18
7201.010 7.062e-18
7201.887 9.851e-18
7202.763 1.062e-17
7203.640 6.995e-18
7204.517 7.046e-18
7205.393 7.072e-18
7206.270 4.166e-18
7207.147 7.072e-18
7208.023 7.019e-18
7208.900 7.056e-18
7209.777 7.059e-18
7210.653 7.091e-18
7211.530 5.992e-18
7212.407 7.052e-18
7213.283 6.980e-18
7214.160 7.074e-18
7215.037 7.106e-18
7215.913 7.094e-18
7216.790 7.105e-18
7217.667 7.103e-18
7218.543 6.138e-18
7219.420 7.113e-18
7220.297 7.103e-18
7221.173 7.112e-18
7222.050 7.114e-18
7222.927 7.128e-18
7223.803 7.135e-18
7224.680 7.133e-18
7225.557 9.296e-18
7226.433 7.135e-18
7227.310 7.170e-18
7228.187 7.147e-18
7229.063 7.135e-18
7229.940 7.110e-18
7230.817 8.046e-18
7231.693 7.156e-18
7232.570 7.133e-18
7233.447 7.157e-18
7234.323 6.874e-18
7235.200 2.184e-17
7236.077 7.121e-18
7236.953 6.947e-18
7237.830 7.126e-18
7238.707 7.155e-18
7239.583 7.167e-18
7240.460 7.166e-18
7241.337 7.161e-18
7242.213 6.432e-16
7243.090 7.083e-18
7243.967 7.197e-17
7244.843 7.194e-18
7245.720 4.159e-18
7246.597 1.255e-17
7247.473 7.061e-18
7248.350 7.169e-18
7249.227 6.605e-18
7250.103 7.176e-18
7250.980 6.831e-18
7251.857 7.168e-18
7252.733 1.333e-17
7253.610 7.164e-18
7254.487 6.441e-18
7255.363 6.940e-18
7256.240 7.162e-18
7257.117 7.180e-18
7257.993 7.136e-18
7258.870 7.160e-18
7259.747 7.100e-18
7260.623 7.034e-18
7261.500 7.137e-18
7262.377 7.156e-18
7263.253 9.044e-18
7264.130 7.021e-18
7265.007 6.770e-18
7265.883 7.163e-18
7266.760 7.017e-18
7267.637 4.803e-18
7268.513 7.995e-18
7269.390 7.284e-18
7270.267 7.149e-18
7271.143 4.139e-17
7272.020 7.084e-18
7272.897 7.151e-18
7273.773 7.170e-18
7274.650 7.096e-18
7275.527 7.143e-18
7276.403 7.156e-18
7277.280 6.913e-18
7278.157 7.113e-18
7279.033 1.281e-17
7279.910 7.076e-18
7280.787 6.925e-18
7281.663 6.882e-18
7282.540 7.106e-18
7283.417 7.127e-18
7284.293 6.517e-18
7285.170 7.013e-18
7286.047 7.131e-18
7286.923 1.119e-17
7287.800 8.671e-18
7288.677 7.119e-18
7289.553 6.983e-18
7290.430 7.089e-18
7291.307 7.111e-18
7292.183 7.057e-18
7293.060 2.292e-17
7293.937 7.082e-18
7294.813 7.046e-18
7295.690 7.108e-18
7296.567 7.100e-18
7297.443 7.099e-18
7298.320 6.961e-18
7299.197 7.117e-18
7300.073 7.082e-18
7300.950 7.126e-18
7301.827 6.841e-18
7302.703 7.066e-18
7303.580 7.129e-18
7304.457 7.094e-18
7305.333 6.865e-18
7306.210 5.489e-18
7307.087 7.113e-18
7307.963 7.089e-18
7308.840 7.140e-18
7309.717 7.136e-18
7310.593 7.086e-18
7311.470 6.488e-18
7312.347 7.050e-18
7313.223 7.081e-18
7314.100 7.139e-18
7314.977 7.005e-18
7315.853 7.142e-18
7316.730 7.128e-18
7317.607 6.892e-18
7318.483 7.133e-18
7319.360 6.575e-18
7320.237 7.024e-18
7321.113 7.130e-18
7321.990 7.141e-18
7322.867 6.843e-18
7323.743 7.139e-18
7324.620 7.139e-18
7325.497 7.136e-18
7326.373 7.131e-18
7327.250 7.137e-18
7328.127 7.137e-18
7329.003 7.082e-18
7329.880 7.131e-18
7330.757 7.134e-18
7331.633 7.131e-18
7332.510 7.128e-18
7333.387 7.131e-18
7334.263 1.493e-17
7335.140 6.939e-18
7336.017 7.122e-18
7336.893 7.126e-18
7337.770 7.069e-18
7338.647 7.129e-18
7339.523 7.128e-18
7340.400 7.129e-18
7341.277 7.115e-18
7342.153 7.093e-18
7343.030 5.917e-17
7343.907 7.116e-18
7344.783 7.125e-18
7345.660 7.115e-18
7346.537 1.178e-17
7347.413 7.122e-18
7348.290 7.120e-18
7349.167 7.119e-18
7350.043 7.000e-18
7350.920 7.116e-18
7351.797 7.110e-18
7352.673 3.430e-17
7353.550 7.120e-18
7354.427 7.119e-18
7355.303 7.405e-18
7356.180 7.117e-18
7357.057 7.119e-18
7357.933 7.119e-18
7358.810 7.115e-18
7359.687 7.119e-18
7360.563 7.119e-18
7361.440 7.119e-18
7362.317 9.519e-18
7363.193 7.103e-18
7364.070 7.070e-18
7364.947 7.115e-18
7365.823 6.885e-18
7366.700 1.187e-17
7367.577 1.025e-17
7368.453 7.122e-18
7369.330 7.123e-18
7370.207 7.117e-18
7371.083 7.083e-18
7371.960 7.108e-18
7372.837 7.071e-18
7373.713 7.107e-18
7374.590 7.113e-18
7375.467 7.945e-18
7376.343 7.102e-18
7377.220 7.104e-18
7378.097 7.099e-18
7378.973 7.095e-18
7379.850 7.860e-18
7380.727 7.089e-18
7381.603 7.086e-18
7382.480 7.057e-18
7383.357 7.071e-18
7384.233 7.060e-18
7385.110 7.043e-18
7385.987 7.058e-18
7386.863 7.064e-18
7387.740 7.064e-18
7388.617 7.060e-18
7389.493 7.055e-18
7390.370 9.805e-18
7391.247 7.047e-18
7392.123 1.385e-17
7393.000 7.040e-18
7393.877 7.031e-18
7394.753 8.480e-18
7395.630 7.034e-18
7396.507 7.037e-18
7397.383 7.848e-18
7398.260 7.012e-18
7399.137 6.920e-18
7400.013 7.025e-18
7400.890 7.025e-18
7401.767 7.023e-18
7402.643 7.019e-18
7403.520 7.009e-18
7404.397 7.016e-18
7405.273 7.014e-18
7406.150 7.010e-18
7407.027 7.010e-18
7407.903 7.008e-18
7408.780 7.005e-18
7409.657 7.002e-18
7410.533 7.001e-18
7411.410 6.998e-18
7412.287 6.981e-18
7413.163 6.998e-18
7414.040 1.268e-17
7414.917 7.011e-18
7415.793 2.314e-17
7416.670 6.974e-18
7417.547 7.000e-18
7418.423 6.999e-18
7419.300 7.031e-18
7420.177 7.035e-18
7421.053 7.039e-18
7421.930 7.043e-18
7422.807 7.046e-18
7423.683 7.048e-18
7424.560 7.055e-18
7425.437 7.059e-18
7426.313 7.062e-18
7427.190 7.061e-18
7428.067 7.065e-18
7428.943 7.074e-18
7429.820 7.075e-18
7430.697 7.082e-18
7431.573 7.086e-18
7432.450 7.089e-18
7433.327 7.082e-18
7434.203 7.087e-18
7435.080 7.086e-18
7435.957 7.086e-18
7436.833 7.084e-18
7437.710 7.085e-18
7438.587 7.085e-18
7439.463 7.083e-18
7440.340 2.406e-16
7441.217 9.118e-18
7442.093 7.082e-18
7442.970 7.080e-18
7443.847 7.081e-18
7444.723 7.081e-18
7445.600 7.080e-18
7446.477 7.080e-18
7447.353 7.079e-18
7448.230 7.079e-18
7449.107 1.179e-17
7449.983 7.078e-18
7450.860 7.077e-18
7451.737 7.076e-18
7452.613 7.077e-18
7453.490 7.070e-18
7454.367 7.079e-18
7455.243 7.081e-18
7456.120 7.081e-18
7456.997 7.083e-18
7457.873 7.084e-18
7458.750 7.086e-18
7459.627 7.088e-18
7460.503 7.080e-18
7461.380 7.090e-18
7462.257 7.089e-18
7463.133 7.093e-18
7464.010 7.095e-18
7464.887 7.096e-18
7465.763 7.263e-18
7466.640 7.099e-18
7467.517 7.100e-18
7468.393 7.101e-18
7469.270 7.102e-18
7470.147 7.104e-18
7471.023 7.104e-18
7471.900 1.267e-17
7472.777 6.171e-17
7473.653 1.258e-16
7474.530 7.105e-18
7475.407 7.104e-18
7476.283 7.104e-18
7477.160 7.103e-18
7478.037 7.102e-18
7478.913 7.100e-18
7479.790 7.100e-18
7480.667 7.100e-18
7481.543 7.099e-18
7482.420 7.098e-18
7483.297 7.097e-18
7484.173 7.097e-18
7485.050 7.096e-18
7485.927 7.095e-18
7486.803 7.094e-18
7487.680 7.094e-18
7488.557 7.093e-18
7489.433 7.092e-18
7490.310 2.629e-17
7491.187 7.090e-18
7492.063 7.089e-18
7492.940 7.090e-18
7493.817 7.089e-18
7494.693 7.089e-18
7495.570 7.089e-18
7496.447 7.089e-18
7497.323 7.089e-18
7498.200 7.089e-18
7499.077 7.089e-18
7499.953 7.089e-18
7500.830 7.089e-18
7501.707 8.056e-18
7502.583 7.089e-18
7503.460 7.089e-18
7504.337 1.422e-17
7505.213 7.088e-18
7506.090 7.089e-18
7506.967 7.090e-18
7507.843 7.089e-18
7508.720 7.090e-18
7509.597 7.090e-18
7510.473 7.090e-18
7511.350 7.090e-18
7512.227 7.090e-18
7513.103 7.091e-18
7513.980 7.092e-18
7514.857 7.092e-18
7515.733 7.093e-18
7516.610 7.094e-18
7517.487 7.093e-18
7518.363 7.095e-18
7519.240 3.165e-17
7520.117 7.097e-18
7520.993 7.098e-18
7521.870 7.098e-18
7522.747 7.099e-18
7523.623 7.099e-18
7524.500 7.101e-18
7525.377 7.101e-18
7526.253 7.102e-18
7527.130 7.103e-18
7528.007 7.103e-18
7528.883 7.104e-18
7529.760 7.105e-18
7530.637 7.106e-18
7531.513 7.106e-18
7532.390 7.107e-18
7533.267 7.108e-18
7534.143 7.108e-18
7535.020 7.109e-18
7535.897 7.109e-18
7536.773 7.110e-18
7537.650 7.111e-18
7538.527 7.111e-18
7539.403 7.112e-18
7540.280 7.112e-18
7541.157 7.113e-18
7542.033 7.113e-18
7542.910 7.114e-18
7543.787 7.115e-18
7544.663 7.115e-18
7545.540 7.116e-18
7546.417 7.116e-18
7547.293 7.117e-18
7548.170 7.117e-18
7549.047 7.809e-18
7549.923 7.118e-18
7550.800 7.119e-18
7551.677 7.120e-18
7552.553 7.120e-18
7553.430 7.120e-18
7554.307 7.120e-18
7555.183 7.120e-18
7556.060 7.121e-18
7556.937 7.121e-18
7557.813 7.121e-18
7558.690 7.121e-18
7559.567 3.186e-16
7560.443 7.121e-18
7561.320 7.121e-18
7562.197 7.122e-18
7563.073 7.122e-18
7563.950 7.122e-18
7564.827 7.122e-18
7565.703 1.402e-17
7566.580 7.122e-18
7567.457 7.122e-18
7568.333 7.122e-18
7569.210 7.123e-18
7570.087 7.123e-18
7570.963 7.123e-18
7571.840 7.123e-18
7572.717 7.123e-18
7573.593 7.123e-18
7574.470 7.123e-18
7575.347 7.123e-18
7576.223 7.123e-18
7577.100 7.123e-18
7577.977 7.123e-18
7578.853 7.123e-18
7579.730 7.123e-18
7580.607 7.123e-18
7581.483 7.123e-18
7582.360 7.123e-18
7583.237 7.122e-18
7584.113 7.122e-18
7584.990 7.122e-18
7585.867 7.122e-18
7586.743 7.121e-18
7587.620 7.121e-18
7588.497 7.119e-18
7589.373 7.118e-18
7590.250 7.115e-18
7591.127 7.112e-18
7592.003 7.107e-18
7592.880 7.100e-18
7593.757 7.089e-18
7594.633 7.068e-18
7595.510 6.916e-18
7596.387 5.381e-18
7597.263 1.523e-18
7598.140 4.176e-18
7599.017 5.573e-18
7599.893 5.198e-18
7600.770 1.418e-20
7601.647 5.146e-18
7602.523 6.364e-20
7603.400 4.425e-18
7604.277 8.540e-19
7605.153 4.084e-18
7606.030 3.448e-18
7606.907 3.528e-18
7607.783 5.142e-21
7608.660 9.742e-19
7609.537 4.126e-18
7610.413 4.055e-18
7611.290 5.004e-20
7612.167 3.833e-18
7613.043 4.885e-18
7613.920 2.162e-18
7614.797 4.877e-18
7615.673 5.071e-18
7616.550 6.759e-18
7617.427 4.095e-18
7618.303 5.611e-19
7619.180 6.881e-18
7620.057 3.398e-17
7620.933 7.012e-18
7621.810 1.478e-17
7622.687 5.668e-18
7623.563 5.954e-18
7624.440 6.585e-18
7625.317 7.188e-20
7626.193 4.579e-18
7627.070 5.301e-18
7627.947 6.510e-18
7628.823 3.901e-18
7629.700 4.817e-18
7630.577 6.235e-17
7631.453 6.432e-18
7632.330 1.602e-17
7633.207 1.248e-19
7634.083 6.882e-19
7634.960 5.859e-18
7635.837 6.590e-18
7636.713 5.679e-18
7637.590 3.276e-18
7638.467 8.128e-21
7639.343 1.885e-17
7640.220 6.669e-18
7641.097 1.849e-17
7641.973 3.419e-18
7642.850 2.794e-21
7643.727 1.463e-17
7644.603 6.779e-18
7645.480 6.539e-18
7646.357 7.031e-20
7647.233 1.617e-18
7648.110 6.258e-18
7648.987 6.879e-18
7649.863 6.873e-18
7650.740 5.705e-18
7651.617 8.520e-18
7652.493 4.316e-18
7653.370 6.862e-18
7654.247 6.961e-18
7655.123 6.909e-18
7656.000 3.982e-18
7656.877 5.981e-18
7657.753 6.383e-18
7658.630 6.961e-18
7659.507 6.998e-18
7660.383 6.958e-18
7661.260 5.282e-18
7662.137 6.401e-18
7663.013 6.607e-18
7663.890 6.985e-18
7664.767 7.012e-18
7665.643 6.999e-18
7666.520 6.805e-18
7667.397 6.660e-18
7668.273 6.005e-18
7669.150 6.977e-18
7670.027 7.004e-18
7670.903 7.006e-18
7671.780 6.985e-18
7672.657 2.625e-18
7673.533 6.553e-18
7674.410 6.946e-18
7675.287 6.964e-18
7676.163 7.033e-18
7677.040 7.013e-18
7677.917 7.030e-18
7678.793 6.090e-18
7679.670 3.719e-18
7680.547 7.047e-18
7681.423 7.064e-18
7682.300 7.067e-18
7683.177 7.076e-18
7684.053 7.063e-18
7684.930 5.028e-18
7685.807 6.190e-18
7686.683 7.092e-18
7687.560 7.099e-18
7688.437 7.102e-18
7689.313 7.107e-18
7690.190 7.053e-18
7691.067 7.077e-18
7691.943 7.104e-18
7692.820 7.118e-18
7693.697 8.053e-18
7694.573 7.129e-18
7695.450 7.130e-18
7696.327 7.134e-18
7697.203 7.136e-18
7698.080 6.981e-18
7698.957 6.055e-18
7699.833 7.142e-18
7700.710 7.144e-18
7701.587 6.064e-17
7702.463 7.150e-18
7703.340 7.148e-18
7704.217 7.151e-18
7705.093 7.151e-18
7705.970 9.629e-18
7706.847 7.161e-18
7707.723 7.163e-18
7708.600 7.166e-18
7709.477 7.168e-18
7710.353 7.170e-18
7711.230 7.172e-18
7712.107 7.137e-18
7712.983 8.758e-18
7713.860 7.180e-18
7714.737 1.471e-15
7715.613 7.182e-18
7716.490 7.188e-18
7717.367 7.190e-18
7718.243 7.187e-18
7719.120 3.656e-16
7719.997 7.198e-18
7720.873 7.201e-18
7721.750 7.203e-18
7722.627 7.204e-18
7723.503 7.194e-18
7724.380 7.211e-18
7725.257 7.214e-18
7726.133 7.216e-18
7727.010 7.174e-18
7727.887 7.106e-18
7728.763 7.224e-18
7729.640 7.227e-18
7730.517 7.229e-18
7731.393 7.228e-18
7732.270 7.226e-18
7733.147 7.233e-18
7734.023 7.585e-18
7734.900 8.660e-18
7735.777 7.229e-18
7736.653 7.231e-18
7737.530 7.231e-18
7738.407 7.230e-18
7739.283 7.230e-18
7740.160 7.229e-18
7741.037 1.380e-17
7741.913 7.227e-18
7742.790 7.228e-18
7743.667 7.228e-18
7744.543 7.227e-18
7745.420 7.226e-18
7746.297 7.226e-18
7747.173 7.224e-18
7748.050 7.225e-18
7748.927 7.225e-18
7749.803 7.225e-18
7750.680 7.224e-18
7751.557 3.986e-16
7752.433 7.225e-18
7753.310 7.228e-18
7754.187 7.232e-18
7755.063 7.235e-18
7755.940 7.238e-18
7756.817 7.241e-18
7757.693 7.244e-18
7758.570 9.896e-18
7759.447 7.251e-18
7760.323 7.254e-18
7761.200 7.258e-18
7762.077 3.687e-17
7762.953 7.264e-18
7763.830 7.267e-18
7764.707 7.271e-18
7765.583 7.274e-18
7766.460 9.355e-18
7767.337 7.280e-18
7768.213 7.284e-18
7769.090 7.287e-18
7769.967 7.290e-18
7770.843 7.293e-18
7771.720 7.297e-18
7772.597 7.299e-18
7773.473 7.300e-18
7774.350 7.301e-18
7775.227 7.303e-18
7776.103 7.303e-18
7776.980 7.304e-18
7777.857 7.304e-18
7778.733 7.306e-18
7779.610 7.308e-18
7780.487 7.309e-18
7781.363 1.802e-17
7782.240 7.311e-18
7783.117 7.312e-18
7783.993 7.313e-18
7784.870 7.315e-18
7785.747 1.132e-17
7786.623 7.317e-18
7787.500 7.318e-18
7788.377 7.500e-18
7789.253 7.320e-18
7790.130 7.321e-18
7791.007 7.322e-18
7791.883 1.421e-17
7792.760 2.923e-17
7793.637 7.328e-18
7794.513 7.328e-18
7795.390 7.332e-18
7796.267 2.388e-15
7797.143 7.410e-18
7798.020 7.339e-18
7798.897 7.341e-18
7799.773 7.344e-18
7800.650 7.346e-18
7801.527 1.176e-17
7802.403 7.351e-18
7803.280 7.353e-18
7804.157 7.355e-18
7805.033 7.356e-18
7805.910 7.360e-18
7806.787 7.362e-18
7807.663 7.365e-18
7808.540 1.440e-17
7809.417 7.369e-18
7810.293 7.371e-18
7811.170 7.374e-18
7812.047 7.376e-18
7812.923 7.377e-18
7813.800 8.469e-18
7814.677 7.379e-18
7815.553 7.618e-18
7816.430 7.381e-18
7817.307 7.382e-18
7818.183 7.383e-18
7819.060 7.384e-18
7819.937 7.384e-18
7820.813 7.385e-18
7821.690 7.386e-18
7822.567 7.387e-18
7823.443 7.388e-18
7824.320 1.496e-17
7825.197 7.390e-18
7826.073 7.391e-18
7826.950 7.392e-18
7827.827 1.172e-17
7828.703 7.394e-18
7829.580 7.395e-18
7830.457 7.675e-18
7831.333 7.396e-18
7832.210 7.398e-18
7833.087 7.401e-18
7833.963 7.403e-18
7834.840 7.406e-18
7835.717 5.346e-17
7836.593 7.412e-18
7837.470 7.415e-18
7838.347 7.417e-18
7839.223 7.420e-18
7840.100 7.423e-18
7840.977 7.424e-18
7841.853 7.411e-18
7842.730 7.429e-18
7843.607 7.434e-18
7844.483 7.437e-18
7845.360 7.440e-18
7846.237 7.442e-18
7847.113 7.445e-18
7847.990 9.834e-18
7848.867 7.450e-18
7849.743 7.454e-18
7850.620 7.456e-18
7851.497 7.459e-18
7852.373 7.462e-18
7853.250 7.464e-18
7854.127 4.049e-17
7855.003 7.468e-18
7855.880 7.469e-18
7856.757 7.456e-18
7857.633 7.473e-18
7858.510 7.475e-18
7859.387 7.477e-18
7860.263 3.498e-17
7861.140 7.472e-18
7862.017 7.483e-18
7862.893 3.788e-17
7863.770 7.486e-18
7864.647 7.488e-18
7865.523 7.488e-18
7866.400 7.489e-18
7867.277 7.493e-18
7868.153 7.440e-18
7869.030 7.496e-18
7869.907 3.468e-16
7870.783 7.502e-18
7871.660 7.502e-18
7872.537 7.502e-18
7873.413 7.507e-18
7874.290 7.509e-18
7875.167 7.507e-18
7876.043 7.511e-18
7876.920 7.515e-18
7877.797 7.515e-18
7878.673 7.386e-18
7879.550 7.520e-18
7880.427 7.627e-17
7881.303 7.524e-18
7882.180 7.515e-18
7883.057 7.525e-18
7883.933 7.376e-17
7884.810 7.532e-18
7885.687 7.533e-18
7886.563 1.859e-17
7887.440 7.534e-18
7888.317 7.512e-18
7889.193 7.479e-18
7890.070 2.010e-17
7890.947 2.216e-17
7891.823 4.482e-16
7892.700 1.823e-17
7893.577 7.545e-18
7894.453 7.544e-18
7895.330 7.587e-18
7896.207 3.975e-17
7897.083 7.495e-18
7897.960 7.524e-18
7898.837 7.547e-18
7899.713 7.549e-18
7900.590 7.550e-18
7901.467 7.549e-18
7902.343 7.549e-18
7903.220 7.543e-18
7904.097 7.436e-18
7904.973 8.495e-18
7905.850 7.540e-18
7906.727 7.551e-18
7907.603 7.552e-18
7908.480 7.547e-18
7909.357 7.537e-18
7910.233 7.549e-18
7911.110 7.506e-18
7911.987 7.550e-18
7912.863 7.379e-18
7913.740 7.552e-18
7914.617 7.553e-18
7915.493 7.554e-18
7916.370 7.555e-18
7917.247 1.399e-17
7918.123 7.549e-18
7919.000 7.537e-18
7919.877 7.510e-18
7920.753 7.558e-18
7921.630 7.555e-18
7922.507 7.546e-18
7923.383 1.956e-16
7924.260 7.558e-18
7925.137 7.558e-18
7926.013 7.556e-18
7926.890 7.552e-18
7927.767 7.559e-18
7928.643 7.560e-18
7929.520 7.560e-18
7930.397 1.296e-17
7931.273 7.549e-18
7932.150 7.526e-18
7933.027 1.329e-16
7933.903 7.486e-18
7934.780 7.563e-18
7935.657 7.642e-18
7936.533 7.567e-18
7937.410 1.270e-17
7938.287 7.569e-18
7939.163 7.554e-18
7940.040 7.571e-18
7940.917 8.720e-18
7941.793 7.573e-18
7942.670 1.077e-17
7943.547 7.574e-18
7944.423 1.560e-17
7945.300 7.577e-18
7946.177 2.035e-17
7947.053 7.579e-18
7947.930 7.579e-18
7948.807 7.578e-18
7949.683 7.577e-18
7950.560 7.583e-18
7951.437 8.294e-16
7952.313 7.584e-18
7953.190 7.564e-18
7954.067 7.591e-18
7954.943 7.600e-18
7955.820 7.594e-18
7956.697 7.608e-18
7957.573 7.613e-18
7958.450 7.595e-18
7959.327 7.621e-18
7960.203 7.621e-18
7961.080 7.624e-18
7961.957 7.633e-18
7962.833 7.508e-18
7963.710 7.583e-18
7964.587 7.642e-18
7965.463 7.606e-18
7966.340 7.641e-18
7967.217 7.628e-18
7968.093 7.665e-18
7968.970 7.669e-18
7969.847 7.666e-18
7970.723 7.644e-18
7971.600 1.089e-17
7972.477 7.684e-18
7973.353 7.681e-18
7974.230 7.677e-18
7975.107 7.686e-18
7975.983 7.683e-18
7976.860 7.683e-18
7977.737 1.269e-17
7978.613 7.668e-18
7979.490 7.687e-18
7980.367 7.685e-18
7981.243 7.684e-18
7982.120 7.658e-18
7982.997 7.685e-18
7983.873 7.684e-18
7984.750 7.687e-18
7985.627 7.685e-18
7986.503 7.444e-18
7987.380 7.686e-18
7988.257 1.535e-17
7989.133 7.778e-18
7990.010 7.686e-18
7990.887 7.687e-18
7991.763 7.688e-18
7992.640 7.686e-18
7993.517 7.691e-18
7994.393 7.695e-18
7995.270 7.684e-18
7996.147 7.827e-18
7997.023 7.702e-18
7997.900 7.703e-18
7998.777 7.685e-18
7999.653 1.751e-17
8000.530 7.621e-18
8001.407 7.699e-18
8002.283 1.404e-17
8003.160 7.682e-18
8004.037 1.576e-17
8004.913 7.732e-18
8005.790 7.726e-18
8006.667 7.727e-18
8007.543 7.739e-18
8008.420 7.743e-18
8009.297 7.732e-18
8010.173 7.738e-18
8011.050 7.753e-18
8011.927 7.757e-18
8012.803 1.810e-17
8013.680 7.758e-18
8014.557 7.723e-18
8015.433 7.738e-18
8016.310 4.285e-16
8017.187 7.759e-18
8018.063 7.760e-18
8018.940 7.760e-18
8019.817 7.753e-18
8020.693 7.759e-18
8021.570 7.765e-18
8022.447 7.739e-18
8023.323 7.763e-18
8024.200 7.720e-18
8025.077 7.735e-18
8025.953 2.959e-17
8026.830 7.767e-18
8027.707 7.767e-18
8028.583 7.767e-18
8029.460 7.768e-18
8030.337 6.053e-17
8031.213 5.629e-17
8032.090 1.228e-17
8032.967 7.773e-18
8033.843 7.799e-18
8034.720 7.774e-18
8035.597 7.768e-18
8036.473 7.588e-18
8037.350 7.768e-18
8038.227 7.773e-18
8039.103 7.773e-18
8039.980 7.767e-18
8040.857 7.778e-18
8041.733 1.522e-17
8042.610 7.779e-18
8043.487 7.779e-18
8044.363 7.771e-18
8045.240 7.756e-18
8046.117 7.714e-18
8046.993 7.778e-18
8047.870 7.716e-18
8048.747 1.016e-17
8049.623 7.783e-18
8050.500 7.784e-18
8051.377 7.779e-18
8052.253 7.886e-18
8053.130 7.788e-18
8054.007 7.791e-18
8054.883 7.788e-18
8055.760 7.796e-18
8056.637 7.749e-18
8057.513 7.802e-18
8058.390 7.803e-18
8059.267 8.135e-18
8060.143 7.811e-18
8061.020 7.768e-18
8061.897 7.804e-18
8062.773 7.818e-18
8063.650 7.821e-18
8064.527 1.824e-16
8065.403 7.789e-18
8066.280 7.830e-18
8067.157 7.831e-18
8068.033 7.811e-18
8068.910 7.839e-18
8069.787 1.355e-17
8070.663 7.840e-18
8071.540 7.838e-18
8072.417 7.828e-18
8073.293 7.815e-18
8074.170 7.847e-18
8075.047 7.846e-18
8075.923 7.845e-18
8076.800 7.845e-18
8077.677 7.819e-18
8078.553 7.783e-18
8079.430 1.213e-17
8080.307 7.839e-18
8081.183 7.837e-18
8082.060 7.836e-18
8082.937 7.837e-18
8083.813 7.812e-18
8084.690 7.836e-18
8085.567 7.835e-18
8086.443 7.833e-18
8087.320 7.739e-18
8088.197 7.829e-18
8089.073 7.832e-18
8089.950 7.831e-18
8090.827 7.813e-18
8091.703 7.829e-18
8092.580 7.785e-18
8093.457 7.823e-18
8094.333 7.832e-18
8095.210 7.843e-18
8096.087 7.840e-18
8096.963 7.839e-18
8097.840 7.855e-18
8098.717 7.772e-18
8099.593 7.852e-18
8100.470 7.862e-18
8101.347 7.867e-18
8102.223 7.880e-18
8103.100 7.883e-18
8103.977 7.877e-18
8104.853 7.893e-18
8105.730 7.893e-18
8106.607 1.012e-17
8107.483 7.905e-18
8108.360 7.904e-18
8109.237 7.907e-18
8110.113 7.651e-18
8110.990 9.353e-18
8111.867 7.925e-18
8112.743 7.816e-18
8113.620 1.354e-17
8114.497 7.897e-18
8115.373 1.156e-17
8116.250 7.687e-18
8117.127 7.901e-18
8118.003 7.944e-18
8118.880 7.940e-18
8119.757 7.949e-18
8120.633 7.895e-18
8121.510 7.949e-18
8122.387 7.950e-18
8123.263 7.948e-18
8124.140 7.956e-18
8125.017 7.838e-18
8125.893 7.890e-18
8126.770 7.965e-18
8127.647 7.615e-18
8128.523 1.121e-17
8129.400 7.914e-18
8130.277 7.973e-18
8131.153 7.975e-18
8132.030 7.958e-18
8132.907 1.459e-17
8133.783 1.514e-17
8134.660 7.913e-18
8135.537 7.894e-18
8136.413 7.941e-18
8137.290 6.691e-18
8138.167 7.976e-18
8139.043 2.047e-17
8139.920 7.990e-18
8140.797 7.984e-18
8141.673 7.986e-18
8142.550 7.967e-18
8143.427 7.974e-18
8144.303 7.560e-18
8145.180 7.994e-18
8146.057 7.059e-18
8146.933 7.984e-18
8147.810 7.996e-18
8148.687 8.296e-17
8149.563 7.827e-18
8150.440 7.794e-18
8151.317 7.969e-18
8152.193 7.605e-18
8153.070 8.007e-18
8153.947 8.005e-18
8154.823 7.206e-18
8155.700 7.955e-18
8156.577 7.650e-18
8157.453 7.995e-18
8158.330 8.005e-18
8159.207 7.989e-18
8160.083 7.732e-18
8160.960 8.007e-18
8161.837 8.022e-18
8162.713 8.020e-18
8163.590 6.583e-18
8164.467 7.255e-18
8165.343 8.007e-18
8166.220 7.935e-18
8167.097 7.806e-18
8167.973 8.016e-18
8168.850 8.013e-18
8169.727 8.038e-18
8170.603 8.015e-18
8171.480 7.819e-18
8172.357 6.662e-18
8173.233 8.031e-18
8174.110 8.030e-18
8174.987 8.031e-18
8175.863 8.019e-18
8176.740 8.009e-18
8177.617 8.024e-18
8178.493 7.987e-18
8179.370 6.871e-18
8180.247 6.835e-18
8181.123 7.761e-18
8182.000 7.977e-18
8182.877 8.003e-18
8183.753 7.933e-18
8184.630 7.947e-18
8185.507 7.953e-18
8186.383 7.981e-18
8187.260 7.997e-18
8188.137 7.965e-18
8189.013 7.943e-18
8189.890 7.967e-18
8190.767 7.956e-18
8191.643 6.490e-18
8192.520 7.969e-18
8193.397 7.961e-18
8194.273 7.953e-18
8195.150 7.696e-18
8196.027 7.936e-18
8196.903 7.999e-18
8197.780 9.384e-18
8198.657 8.009e-18
8199.533 7.916e-18
8200.410 7.931e-18
8201.287 7.374e-18
8202.163 7.593e-18
8203.040 7.346e-18
8203.917 8.035e-18
8204.793 8.052e-18
8205.670 8.057e-18
8206.547 8.063e-18
8207.423 8.063e-18
8208.300 1.266e-17
8209.177 8.081e-18
8210.053 8.085e-18
8210.930 8.087e-18
8211.807 7.646e-18
8212.683 7.987e-18
8213.560 8.085e-18
8214.437 7.150e-18
8215.313 8.108e-18
8216.190 1.776e-17
8217.067 8.113e-18
8217.943 8.120e-18
8218.820 8.120e-18
8219.697 8.112e-18
8220.573 7.911e-18
8221.450 8.124e-18
8222.327 8.132e-18
8223.203 8.121e-18
8224.080 8.080e-18
8224.957 8.135e-18
8225.833 8.112e-18
8226.710 7.907e-18
8227.587 8.122e-18
8228.463 8.112e-18
8229.340 6.537e-18
8230.217 5.879e-18
8231.093 6.964e-18
8231.970 6.795e-18
8232.847 8.037e-18
8233.723 7.261e-18
8234.600 8.149e-18
8235.477 8.160e-18
8236.353 7.877e-18
8237.230 8.175e-18
8238.107 8.137e-18
8238.983 8.188e-18
8239.860 8.161e-18
8240.737 8.165e-18
8241.613 8.199e-18
8242.490 8.165e-18
8243.367 8.210e-18
8244.243 1.940e-17
8245.120 8.177e-18
8245.997 8.000e-18
8246.873 8.221e-18
8247.750 8.233e-18
8248.627 8.234e-18
8249.503 8.852e-18
8250.380 8.245e-18
8251.257 8.245e-18
8252.133 8.252e-18
8253.010 8.255e-18
8253.887 8.245e-18
8254.763 8.202e-18
8255.640 8.258e-18
8256.517 8.270e-18
8257.393 2.417e-17
8258.270 8.223e-18
8259.147 8.160e-18
8260.023 8.219e-18
8260.900 8.285e-18
8261.777 8.107e-18
8262.653 8.193e-18
8263.530 8.299e-18
8264.407 8.300e-18
8265.283 8.287e-18
8266.160 8.230e-18
8267.037 8.299e-18
8267.913 8.313e-18
8268.790 8.319e-18
8269.667 8.327e-18
8270.543 8.330e-18
8271.420 8.186e-18
8272.297 8.338e-18
8273.173 8.336e-18
8274.050 8.259e-18
8274.927 8.329e-18
8275.803 8.321e-18
8276.680 5.402e-18
8277.557 8.330e-18
8278.433 8.319e-18
8279.310 8.317e-18
8280.187 8.361e-18
8281.063 8.308e-18
8281.940 6.843e-18
8282.817 8.363e-18
8283.693 8.342e-18
8284.570 1.494e-17
8285.447 7.935e-17
8286.323 8.387e-18
8287.200 2.557e-17
8288.077 8.392e-18
8288.953 8.381e-18
8289.830 8.283e-18
8290.707 8.299e-18
8291.583 8.290e-18
8292.460 8.396e-18
8293.337 8.400e-18
8294.213 8.415e-18
8295.090 8.416e-18
8295.967 8.378e-18
8296.843 7.271e-18
8297.720 8.344e-18
8298.597 5.172e-16
8299.473 8.433e-18
8300.350 8.406e-18
8301.227 2.578e-15
8302.103 8.410e-18
8302.980 8.353e-18
8303.857 8.443e-18
8304.733 3.790e-17
8305.610 8.445e-18
8306.487 7.865e-18
8307.363 4.773e-18
8308.240 8.450e-18
8309.117 8.459e-18
8309.993 8.433e-18
8310.870 8.449e-18
8311.747 8.473e-18
8312.623 8.461e-18
8313.500 8.467e-18
8314.377 8.234e-18
8315.253 8.457e-18
8316.130 8.163e-18
8317.007 8.466e-18
8317.883 8.455e-18
8318.760 8.423e-18
8319.637 8.458e-18
8320.513 7.402e-18
8321.390 8.464e-18
8322.267 8.466e-18
8323.143 8.415e-18
8324.020 8.098e-18
8324.897 8.461e-18
8325.773 8.467e-18
8326.650 8.461e-18
8327.527 8.462e-18
8328.403 8.455e-18
8329.280 8.377e-18
8330.157 8.461e-18
8331.033 8.451e-18
8331.910 7.619e-18
8332.787 8.403e-18
8333.663 8.467e-18
8334.540 8.341e-18
8335.417 8.471e-18
8336.293 8.462e-18
8337.170 8.490e-18
8338.047 8.474e-18
8338.923 8.505e-18
8339.800 4.609e-17
8340.677 1.984e-17
8341.553 8.417e-18
8342.430 8.527e-18
8343.307 8.534e-18
8344.183 8.473e-18
8345.060 8.542e-18
8345.937 8.550e-18
8346.813 2.361e-17
8347.690 8.562e-18
8348.567 8.566e-18
8349.443 8.567e-18
8350.320 8.578e-18
8351.197 8.565e-18
8352.073 8.583e-18
8352.950 8.593e-18
8353.827 8.598e-18
8354.703 8.597e-18
8355.580 8.590e-18
8356.457 8.603e-18
8357.333 8.605e-18
8358.210 8.612e-18
8359.087 8.579e-18
8359.963 8.604e-18
8360.840 8.625e-18
8361.717 8.596e-18
8362.593 8.632e-18
8363.470 9.993e-18
8364.347 8.350e-18
8365.223 1.015e-17
8366.100 8.643e-18
8366.977 8.644e-18
8367.853 1.906e-17
8368.730 5.653e-17
8369.607 8.151e-18
8370.483 8.661e-18
8371.360 8.650e-18
8372.237 8.666e-18
8373.113 8.635e-18
8373.990 8.674e-18
8374.867 8.663e-18
8375.743 8.659e-18
8376.620 8.673e-18
8377.497 8.681e-18
8378.373 1.349e-17
8379.250 8.675e-18
8380.127 8.687e-18
8381.003 8.691e-18
8381.880 8.694e-18
8382.757 8.696e-18
8383.633 8.682e-18
8384.510 8.693e-18
8385.387 8.697e-18
8386.263 8.680e-18
8387.140 8.656e-18
8388.017 8.640e-18
8388.893 8.709e-18
8389.770 8.710e-18
8390.647 8.703e-18
8391.523 8.716e-18
8392.400 1.872e-17
8393.277 8.725e-18
8394.153 8.729e-18
8395.030 8.732e-18
8395.907 8.722e-18
8396.783 8.698e-18
8397.660 8.743e-18
8398.537 8.743e-18
8399.413 8.610e-18
8400.290 8.754e-18
8401.167 8.757e-18
8402.043 8.757e-18
8402.920 8.709e-18
8403.797 8.769e-18
8404.673 8.773e-18
8405.550 8.775e-18
8406.427 8.734e-18
8407.303 8.776e-18
8408.180 8.784e-18
8409.057 8.791e-18
8409.933 8.795e-18
8410.810 8.709e-18
8411.687 8.796e-18
8412.563 8.806e-18
8413.440 8.768e-18
8414.317 8.809e-18
8415.193 8.810e-18
8416.070 8.809e-18
8416.947 8.810e-18
8417.823 8.693e-18
8418.700 8.812e-18
8419.577 8.759e-18
8420.453 8.812e-18
8421.330 8.819e-18
8422.207 8.822e-18
8423.083 8.822e-18
8423.960 8.823e-18
8424.837 8.825e-18
8425.713 9.422e-18
8426.590 8.829e-18
8427.467 8.830e-18
8428.343 8.830e-18
8429.220 8.825e-18
8430.097 8.792e-18
8430.973 8.835e-18
8431.850 8.806e-18
8432.727 8.836e-18
8433.603 8.841e-18
8434.480 3.602e-17
8435.357 8.851e-18
8436.233 8.854e-18
8437.110 8.854e-18
8437.987 8.861e-18
8438.863 8.829e-18
8439.740 8.862e-18
8440.617 8.871e-18
8441.493 8.879e-18
8442.370 8.875e-18
8443.247 8.873e-18
8444.123 8.890e-18
8445.000 8.885e-18
8445.877 8.899e-18
8446.753 8.901e-18
8447.630 8.906e-18
8448.507 8.884e-18
8449.383 8.914e-18
8450.260 8.918e-18
8451.137 8.922e-18
8452.013 8.926e-18
8452.890 8.926e-18
8453.767 8.930e-18
8454.643 1.320e-15
8455.520 8.936e-18
8456.397 1.058e-17
8457.273 8.938e-18
8458.150 8.943e-18
8459.027 1.033e-17
8459.903 8.948e-18
8460.780 8.950e-18
8461.657 8.952e-18
8462.533 8.832e-18
8463.410 8.957e-18
8464.287 8.959e-18
8465.163 8.958e-18
8466.040 8.959e-18
8466.917 8.967e-18
8467.793 1.917e-15
8468.670 8.971e-18
8469.547 8.974e-18
8470.423 8.976e-18
8471.300 8.977e-18
8472.177 8.980e-18
8473.053 8.978e-18
8473.930 8.975e-18
8474.807 8.972e-18
8475.683 8.969e-18
8476.560 8.960e-18
8477.437 8.963e-18
8478.313 8.960e-18
8479.190 8.957e-18
8480.067 8.948e-18
8480.943 8.950e-18
8481.820 8.946e-18
8482.697 8.943e-18
8483.573 8.942e-18
8484.450 8.939e-18
8485.327 8.936e-18
8486.203 8.934e-18
8487.080 8.931e-18
8487.957 8.928e-18
8488.833 8.923e-18
8489.710 8.920e-18
8490.587 8.900e-18
8491.463 8.916e-18
8492.340 8.913e-18
8493.217 8.920e-18
8494.093 8.845e-18
8494.970 8.934e-18
8495.847 9.103e-18
8496.723 1.615e-17
8497.600 8.954e-18
8498.477 8.960e-18
8499.353 1.186e-17
8500.230 9.006e-18
8501.107 8.980e-18
8501.983 8.987e-18
8502.860 8.996e-18
8503.737 9.003e-18
8504.613 9.005e-18
8505.490 1.629e-17
8506.367 9.024e-18
8507.243 9.031e-18
8508.120 8.983e-18
8508.997 9.045e-18
8509.873 9.053e-18
8510.750 9.060e-18
8511.627 9.066e-18
8512.503 9.071e-18
8513.380 9.071e-18
8514.257 8.898e-18
8515.133 9.069e-18
8516.010 9.071e-18
8516.887 9.071e-18
8517.763 9.068e-18
8518.640 9.070e-18
8519.517 9.071e-18
8520.393 9.070e-18
8521.270 9.065e-18
8522.147 9.050e-18
8523.023 9.191e-18
8523.900 9.070e-18
8524.777 9.069e-18
8525.653 9.068e-18
8526.530 9.070e-18
8527.407 9.069e-18
8528.283 9.069e-18
8529.160 9.069e-18
8530.037 9.069e-18
8530.913 9.069e-18
8531.790 9.069e-18
8532.667 9.065e-18
8533.543 9.058e-18
8534.420 9.050e-18
8535.297 9.043e-18
8536.173 9.034e-18
8537.050 8.993e-18
8537.927 9.020e-18
8538.803 8.971e-18
8539.680 9.002e-18
8540.557 8.997e-18
8541.433 8.989e-18
8542.310 8.961e-18
8543.187 8.845e-18
8544.063 8.966e-18
8544.940 8.959e-18
8545.817 8.951e-18
8546.693 8.943e-18
8547.570 8.936e-18
8548.447 8.917e-18
8549.323 8.920e-18
8550.200 8.913e-18
8551.077 8.904e-18
8551.953 8.890e-18
8552.830 8.900e-18
8553.707 8.925e-18
8554.583 8.944e-18
8555.460 8.963e-18
8556.337 8.978e-18
8557.213 8.991e-18
8558.090 9.019e-18
8558.967 9.037e-18
8559.843 9.057e-18
8560.720 9.075e-18
8561.597 9.095e-18
8562.473 9.113e-18
8563.350 9.132e-18
8564.227 9.151e-18
8565.103 9.169e-18
8565.980 9.189e-18
8566.857 9.207e-18
8567.733 9.226e-18
8568.610 9.245e-18
8569.487 9.264e-18
8570.363 9.283e-18
8571.240 9.297e-18
8572.117 9.320e-18
8572.993 9.319e-18
8573.870 9.325e-18
8574.747 9.329e-18
8575.623 9.327e-18
8576.500 9.332e-18
8577.377 9.335e-18
8578.253 9.332e-18
8579.130 9.339e-18
8580.007 3.154e-17
8580.883 9.341e-18
8581.760 9.340e-18
8582.637 9.340e-18
8583.513 9.334e-18
8584.390 9.340e-18
8585.267 9.340e-18
8586.143 9.340e-18
8587.020 9.340e-18
8587.897 9.340e-18
8588.773 9.340e-18
8589.650 9.339e-18
8590.527 9.340e-18
8591.403 9.340e-18
8592.280 9.339e-18
8593.157 9.340e-18
8594.033 9.340e-18
8594.910 9.337e-18
8595.787 9.346e-18
8596.663 9.347e-18
8597.540 9.347e-18
8598.417 9.350e-18
8599.293 9.351e-18
8600.170 9.353e-18
8601.047 9.355e-18
8601.923 9.356e-18
8602.800 9.357e-18
8603.677 9.359e-18
8604.553 9.360e-18
8605.430 9.362e-18
8606.307 9.363e-18
8607.183 9.365e-18
8608.060 9.355e-18
8608.937 9.368e-18
8609.813 9.369e-18
8610.690 2.072e-17
8611.567 9.372e-18
8612.443 9.375e-18
8613.320 9.375e-18
8614.197 9.376e-18
8615.073 9.378e-18
8615.950 9.380e-18
8616.827 9.814e-18
8617.703 9.383e-18
8618.580 9.385e-18
8619.457 1.974e-17
8620.333 9.388e-18
8621.210 9.390e-18
8622.087 9.390e-18
8622.963 9.393e-18
8623.840 5.146e-17
8624.717 9.396e-18
8625.593 9.398e-18
8626.470 9.399e-18
8627.347 9.398e-18
8628.223 9.402e-18
8629.100 9.403e-18
8629.977 9.406e-18
8630.853 9.407e-18
8631.730 1.362e-16
8632.607 9.409e-18
8633.483 9.408e-18
8634.360 9.406e-18
8635.237 9.403e-18
8636.113 9.402e-18
8636.990 9.400e-18
8637.867 9.398e-18
8638.743 9.396e-18
8639.620 9.394e-18
8640.497 9.393e-18
8641.373 9.391e-18
8642.250 9.389e-18
8643.127 9.387e-18
8644.003 9.385e-18
8644.880 9.383e-18
8645.757 9.381e-18
8646.633 9.379e-18
8647.510 9.377e-18
8648.387 9.376e-18
8649.263 4.063e-16
8650.140 9.372e-18
8651.017 9.370e-18
8651.893 9.368e-18
8652.770 8.113e-17
8653.647 5.956e-16
8654.523 9.345e-18
8655.400 9.336e-18
8656.277 9.327e-18
8657.153 9.318e-18
8658.030 9.308e-18
8658.907 9.300e-18
8659.783 9.290e-18
8660.660 9.281e-18
8661.537 7.311e-16
8662.413 9.263e-18
8663.290 9.254e-18
8664.167 9.245e-18
8665.043 9.236e-18
8665.920 9.227e-18
8666.797 9.217e-18
8667.673 9.208e-18
8668.550 9.199e-18
8669.427 9.190e-18
8670.303 1.565e-17
8671.180 9.172e-18
8672.057 9.163e-18
8672.933 9.166e-18
8673.810 9.177e-18
8674.687 9.188e-18
8675.563 9.199e-18
8676.440 9.210e-18
8677.317 9.221e-18
8678.193 9.232e-18
8679.070 9.243e-18
8679.947 9.254e-18
8680.823 9.265e-18
8681.700 9.275e-18
8682.577 1.383e-16
8683.453 9.297e-18
8684.330 9.308e-18
8685.207 9.319e-18
8686.083 9.330e-18
8686.960 9.341e-18
8687.837 9.352e-18
8688.713 9.362e-18
8689.590 4.806e-17
8690.467 9.384e-18
8691.343 9.391e-18
8692.220 9.404e-18
8693.097 9.407e-18
8693.973 9.406e-18
8694.850 9.404e-18
8695.727 1.267e-17
8696.603 9.404e-18
8697.480 9.404e-18
8698.357 9.403e-18
8699.233 9.402e-18
8700.110 9.401e-18
8700.987 9.400e-18
8701.863 9.400e-18
8702.740 9.399e-18
8703.617 9.399e-18
8704.493 1.293e-17
8705.370 9.399e-18
8706.247 9.400e-18
8707.123 9.400e-18
8708.000 3.509e-17
8708.877 9.400e-18
8709.753 9.401e-18
8710.630 9.398e-18
8711.507 9.401e-18
8712.383 9.401e-18
8713.260 9.402e-18
8714.137 9.402e-18
8715.013 9.402e-18
8715.890 9.402e-18
8716.767 9.401e-18
8717.643 9.403e-18
8718.520 9.403e-18
8719.397 9.403e-18
8720.273 9.403e-18
8721.150 1.525e-17
8722.027 9.402e-18
8722.903 9.402e-18
8723.780 9.402e-18
8724.657 9.403e-18
8725.533 9.404e-18
8726.410 9.405e-18
8727.287 9.406e-18
8728.163 9.407e-18
8729.040 1.386e-17
8729.917 9.410e-18
8730.793 9.411e-18
8731.670 9.411e-18
8732.547 9.414e-18
8733.423 9.415e-18
8734.300 9.416e-18
8735.177 9.417e-18
8736.053 9.419e-18
8736.930 9.420e-18
8737.807 9.420e-18
8738.683 9.422e-18
8739.560 9.424e-18
8740.437 9.425e-18
8741.313 9.426e-18
8742.190 9.427e-18
8743.067 1.566e-17
8743.943 9.430e-18
8744.820 9.431e-18
8745.697 9.432e-18
8746.573 9.433e-18
8747.450 9.434e-18
8748.327 9.435e-18
8749.203 9.437e-18
8750.080 9.438e-18
8750.957 9.436e-18
8751.833 9.440e-18
8752.710 2.073e-17
8753.587 9.442e-18
8754.463 9.443e-18
8755.340 9.445e-18
8756.217 9.446e-18
8757.093 9.447e-18
8757.970 9.448e-18
8758.847 9.449e-18
8759.723 9.450e-18
8760.600 9.451e-18
8761.477 9.452e-18
8762.353 9.454e-18
8763.230 9.452e-18
8764.107 7.909e-17
8764.983 9.448e-18
8765.860 9.447e-18
8766.737 9.445e-18
8767.613 9.443e-18
8768.490 9.441e-18
8769.367 9.440e-18
8770.243 1.029e-15
8771.120 9.436e-18
8771.997 9.434e-18
8772.873 1.025e-17
8773.750 9.431e-18
8774.627 9.428e-18
8775.503 9.427e-18
8776.380 9.425e-18
8777.257 9.424e-18
8778.133 9.422e-18
8779.010 9.420e-18
8779.887 9.418e-18
8780.763 4.214e-15
8781.640 9.415e-18
8782.517 9.391e-18
8783.393 9.410e-18
8784.270 9.415e-18
8785.147 9.416e-18
8786.023 9.417e-18
8786.900 9.418e-18
8787.777 9.419e-18
8788.653 9.420e-18
8789.530 9.419e-18
8790.407 9.422e-18
8791.283 9.423e-18
8792.160 9.424e-18
8793.037 9.425e-18
8793.913 9.426e-18
8794.790 9.415e-18
8795.667 9.428e-18
8796.543 9.429e-18
8797.420 9.430e-18
8798.297 9.431e-18
8799.173 9.432e-18
8800.050 9.433e-18
8800.927 9.434e-18
8801.803 9.435e-18
8802.680 9.435e-18
8803.557 9.435e-18
8804.433 1.775e-17
8805.310 9.434e-18
8806.187 9.433e-18
8807.063 9.433e-18
8807.940 9.430e-18
8808.817 9.432e-18
8809.693 9.432e-18
8810.570 9.432e-18
8811.447 9.431e-18
8812.323 9.430e-18
8813.200 9.430e-18
8814.077 9.375e-18
8814.953 9.429e-18
8815.830 9.429e-18
8816.707 9.428e-18
8817.583 9.428e-18
8818.460 9.427e-18
8819.337 9.427e-18
8820.213 9.426e-18
8821.090 9.420e-18
8821.967 9.422e-18
8822.843 9.418e-18
8823.720 9.428e-18
8824.597 9.429e-18
8825.473 9.432e-18
8826.350 9.434e-18
8827.227 9.437e-18
8828.103 9.439e-18
8828.980 9.441e-18
8829.857 9.443e-18
8830.733 9.445e-18
8831.610 9.448e-18
8832.487 9.450e-18
8833.363 9.450e-18
8834.240 9.454e-18
8835.117 9.456e-18
8835.993 3.783e-17
8836.870 1.252e-17
8837.747 9.458e-18
8838.623 9.465e-18
8839.500 9.467e-18
8840.377 9.469e-18
8841.253 9.471e-18
8842.130 9.474e-18
8843.007 9.474e-18
8843.883 9.473e-18
8844.760 9.472e-18
8845.637 9.471e-18
8846.513 9.470e-18
8847.390 9.469e-18
8848.267 9.464e-18
8849.143 9.467e-18
8850.020 9.464e-18
8850.897 9.465e-18
8851.773 9.464e-18
8852.650 9.463e-18
8853.527 9.461e-18
8854.403 9.459e-18
8855.280 9.459e-18
8856.157 9.459e-18
8857.033 9.458e-18
8857.910 9.457e-18
8858.787 9.455e-18
8859.663 9.386e-18
8860.540 9.450e-18
8861.417 9.430e-18
8862.293 1.113e-17
8863.170 1.076e-17
8864.047 2.246e-17
8864.923 3.226e-17
8865.800 5.419e-17
8866.677 9.456e-18
8867.553 9.451e-18
8868.430 9.451e-18
8869.307 9.547e-18
8870.183 9.459e-18
8871.060 9.459e-18
8871.937 9.460e-18
8872.813 9.462e-18
8873.690 9.463e-18
8874.567 9.462e-18
8875.443 9.464e-18
8876.320 9.465e-18
8877.197 9.466e-18
8878.073 9.467e-18
8878.950 9.468e-18
8879.827 9.467e-18
8880.703 9.467e-18
8881.580 9.425e-18
8882.457 9.469e-18
8883.333 9.471e-18
8884.210 9.465e-18
8885.087 9.471e-18
8885.963 9.472e-18
8886.840 9.472e-18
8887.717 9.472e-18
8888.593 9.473e-18
8889.470 9.472e-18
8890.347 9.471e-18
8891.223 1.064e-17
8892.100 9.473e-18
8892.977 9.474e-18
8893.853 9.474e-18
8894.730 9.474e-18
8895.607 9.474e-18
8896.483 9.473e-18
8897.360 9.474e-18
8898.237 9.474e-18
8899.113 1.228e-17
8899.990 9.475e-18
8900.867 9.475e-18
8901.743 9.474e-18
8902.620 9.473e-18
8903.497 9.473e-18
8904.373 9.475e-18
8905.250 9.475e-18
8906.127 9.474e-18
8907.003 9.474e-18
8907.880 9.474e-18
8908.757 9.473e-18
8909.633 9.431e-18
8910.510 9.472e-18
8911.387 9.472e-18
8912.263 9.472e-18
8913.140 9.469e-18
8914.017 9.470e-18
8914.893 9.471e-18
8915.770 9.471e-18
8916.647 9.470e-18
8917.523 9.470e-18
8918.400 9.402e-18
8919.277 1.523e-17
8920.153 9.435e-18
8921.030 9.467e-18
8921.907 9.444e-18
8922.783 9.463e-18
8923.660 9.469e-18
8924.537 9.470e-18
8925.413 9.469e-18
8926.290 9.472e-18
8927.167 9.455e-18
8928.043 9.474e-18
8928.920 9.468e-18
8929.797 1.004e-17
8930.673 1.207e-17
8931.550 1.400e-17
8932.427 9.440e-18
8933.303 9.455e-18
8934.180 1.063e-17
8935.057 9.476e-18
8935.933 9.475e-18
8936.810 1.440e-17
8937.687 9.490e-18
8938.563 9.482e-18
8939.440 9.485e-18
8940.317 9.482e-18
8941.193 9.488e-18
8942.070 9.486e-18
8942.947 9.348e-18
8943.823 1.001e-17
8944.700 9.233e-18
8945.577 9.490e-18
8946.453 9.484e-18
8947.330 9.494e-18
8948.207 9.490e-18
8949.083 9.397e-18
8949.960 1.399e-17
8950.837 9.469e-18
8951.713 9.490e-18
8952.590 9.500e-18
8953.467 9.488e-18
8954.343 9.310e-18
8955.220 9.494e-18
8956.097 9.495e-18
8956.973 9.352e-18
8957.850 9.437e-18
8958.727 9.503e-18
8959.603 9.507e-18
8960.480 3.893e-16
8961.357 9.498e-18
8962.233 9.513e-18
8963.110 9.449e-18
8963.987 9.473e-18
8964.863 7.780e-18
8965.740 9.655e-18
8966.617 9.480e-18
8967.493 1.966e-17
8968.370 9.393e-18
8969.247 9.431e-18
8970.123 9.491e-18
8971.000 1.702e-17
8971.877 1.614e-17
8972.753 9.476e-18
8973.630 9.641e-17
8974.507 9.390e-18
8975.383 8.678e-18
8976.260 1.061e-17
8977.137 8.497e-18
8978.013 9.710e-18
8978.890 8.703e-18
8979.767 9.467e-18
8980.643 9.466e-18
8981.520 9.457e-18
8982.397 9.382e-18
8983.273 8.824e-18
8984.150 9.427e-18
8985.027 9.459e-18
8985.903 9.460e-18
8986.780 9.402e-18
8987.657 9.452e-18
8988.533 9.377e-18
8989.410 1.389e-17
8990.287 8.435e-18
8991.163 9.341e-18
8992.040 8.815e-18
8992.917 9.187e-18
8993.793 9.090e-18
8994.670 8.982e-18
8995.547 1.871e-17
8996.423 9.434e-18
8997.300 9.454e-18
8998.177 9.458e-18
8999.053 9.460e-18
8999.930 9.455e-18
9000.807 9.452e-18
9001.683 9.419e-18
9002.560 8.076e-18
9003.437 9.144e-18
9004.313 9.438e-18
9005.190 9.431e-18
9006.067 6.096e-18
9006.943 9.396e-18
9007.820 9.456e-18
9008.697 9.452e-18
9009.573 8.284e-18
9010.450 9.212e-18
9011.327 9.382e-18
9012.203 9.462e-18
9013.080 9.460e-18
9013.957 9.278e-18
9014.833 9.360e-18
9015.710 9.456e-18
9016.587 9.469e-18
9017.463 9.445e-18
9018.340 9.381e-18
9019.217 3.557e-18
9020.093 9.382e-18
9020.970 9.450e-18
9021.847 9.473e-18
9022.723 9.399e-18
9023.600 9.471e-18
9024.477 9.387e-18
9025.353 8.797e-18
9026.230 9.450e-18
9027.107 9.390e-18
9027.983 9.147e-18
9028.860 9.256e-18
9029.737 9.460e-18
9030.613 9.473e-18
9031.490 1.817e-17
9032.367 9.459e-18
9033.243 9.449e-18
9034.120 9.243e-18
9034.997 9.467e-18
9035.873 9.477e-18
9036.750 9.476e-18
9037.627 9.449e-18
9038.503 9.478e-18
9039.380 9.478e-18
9040.257 9.477e-18
9041.133 9.473e-18
9042.010 9.469e-18
9042.887 9.454e-18
9043.763 9.416e-18
9044.640 9.248e-18
9045.517 9.223e-18
9046.393 9.472e-18
9047.270 9.480e-18
9048.147 9.481e-18
9049.023 9.480e-18
9049.900 8.616e-18
9050.777 9.463e-18
9051.653 5.311e-16
9052.530 9.482e-18
9053.407 9.412e-18
9054.283 9.473e-18
9055.160 9.290e-18
9056.037 9.438e-18
9056.913 9.461e-18
9057.790 9.488e-18
9058.667 9.488e-18
9059.543 1.793e-17
9060.420 9.486e-18
9061.297 9.488e-18
9062.173 9.472e-18
9063.050 8.587e-18
9063.927 9.454e-18
9064.803 9.424e-18
9065.680 9.436e-18
9066.557 7.559e-18
9067.433 9.471e-18
9068.310 9.443e-18
9069.187 9.471e-18
9070.063 9.342e-18
9070.940 1.986e-17
9071.817 8.410e-18
9072.693 9.424e-18
9073.570 9.404e-18
9074.447 2.252e-18
9075.323 9.385e-18
9076.200 9.401e-18
9077.077 1.099e-17
9077.953 9.441e-18
9078.830 1.053e-17
9079.707 9.445e-18
9080.583 9.425e-18
9081.460 8.427e-18
9082.337 5.132e-18
9083.213 9.251e-18
9084.090 9.114e-18
9084.967 9.429e-18
9085.843 9.395e-18
9086.720 9.446e-18
9087.597 9.389e-18
9088.473 9.388e-18
9089.350 7.862e-18
9090.227 9.376e-18
9091.103 9.443e-18
9091.980 9.412e-18
9092.857 1.692e-17
9093.733 1.301e-17
9094.610 9.839e-18
9095.487 9.416e-18
9096.363 8.008e-18
9097.240 9.423e-18
9098.117 9.398e-18
9098.993 9.470e-18
9099.870 1.128e-17
9100.747 9.146e-18
9101.623 9.383e-18
9102.500 8.756e-18
