4500.000 2.017e-16
4500.877 2.026e-16
4501.753 2.035e-16
4502.630 2.044e-16
4503.507 2.052e-16
4504.383 2.061e-16
4505.260 2.070e-16
4506.137 2.079e-16
4507.013 2.077e-16
4507.890 2.074e-16
4508.767 2.070e-16
4509.643 2.066e-16
4510.520 2.062e-16
4511.397 2.058e-16
4512.273 2.054e-16
4513.150 2.050e-16
4514.027 2.046e-16
4514.903 2.042e-16
4515.780 2.038e-16
4516.657 2.030e-16
4517.533 2.015e-16
4518.410 2.000e-16
4519.287 1.985e-16
4520.163 1.970e-16
4521.040 1.955e-16
4521.917 1.941e-16
4522.793 1.926e-16
4523.670 1.911e-16
4524.547 1.896e-16
4525.423 1.881e-16
4526.300 1.867e-16
4527.177 1.868e-16
4528.053 1.869e-16
4528.930 1.871e-16
4529.807 1.873e-16
4530.683 1.874e-16
4531.560 1.875e-16
4532.437 1.877e-16
4533.313 1.878e-16
4534.190 1.880e-16
4535.067 1.881e-16
4535.943 1.883e-16
4536.820 1.883e-16
4537.697 1.883e-16
4538.573 1.883e-16
4539.450 1.883e-16
4540.327 1.882e-16
4541.203 1.882e-16
4542.080 1.882e-16
4542.957 1.985e-16
4543.833 1.882e-16
4544.710 1.881e-16
4545.587 1.917e-16
4546.463 1.882e-16
4547.340 1.885e-16
4548.217 1.889e-16
4549.093 1.892e-16
4549.970 1.896e-16
4550.847 1.899e-16
4551.723 1.903e-16
4552.600 1.907e-16
4553.477 1.910e-16
4554.353 1.948e-16
4555.230 1.917e-16
4556.107 1.921e-16
4556.983 1.923e-16
4557.860 1.926e-16
4558.737 1.928e-16
4559.613 1.931e-16
4560.490 1.933e-16
4561.367 1.936e-16
4562.243 1.938e-16
4563.120 1.941e-16
4563.997 1.943e-16
4564.873 1.946e-16
4565.750 1.948e-16
4566.627 1.950e-16
4567.503 1.951e-16
4568.380 1.952e-16
4569.257 1.969e-16
4570.133 1.953e-16
4571.010 1.954e-16
4571.887 1.955e-16
4572.763 1.956e-16
4573.640 1.957e-16
4574.517 1.957e-16
4575.393 1.958e-16
4576.270 1.959e-16
4577.147 1.948e-16
4578.023 1.937e-16
4578.900 1.925e-16
4579.777 1.914e-16
4580.653 1.903e-16
4581.530 1.891e-16
4582.407 1.880e-16
4583.283 1.869e-16
4584.160 1.865e-16
4585.037 1.846e-16
4585.913 1.835e-16
4586.790 1.831e-16
4587.667 1.833e-16
4588.543 1.835e-16
4589.420 1.837e-16
4590.297 1.839e-16
4591.173 1.841e-16
4592.050 1.843e-16
4592.927 1.845e-16
4593.803 1.847e-16
4594.680 1.849e-16
4595.557 1.851e-16
4596.433 1.853e-16
4597.310 1.855e-16
4598.187 1.856e-16
4599.063 1.858e-16
4599.940 1.859e-16
4600.817 1.860e-16
4601.693 1.862e-16
4602.570 1.863e-16
4603.447 1.865e-16
4604.323 1.866e-16
4605.200 1.868e-16
4606.077 1.869e-16
4606.953 1.870e-16
4607.830 1.870e-16
4608.707 1.870e-16
4609.583 1.870e-16
4610.460 1.870e-16
4611.337 1.871e-16
4612.213 1.871e-16
4613.090 1.871e-16
4613.967 1.871e-16
4614.843 1.871e-16
4615.720 1.872e-16
4616.597 1.873e-16
4617.473 1.875e-16
4618.350 1.878e-16
4619.227 1.881e-16
4620.103 1.884e-16
4620.980 1.887e-16
4621.857 1.890e-16
4622.733 1.892e-16
4623.610 1.895e-16
4624.487 1.898e-16
4625.363 1.901e-16
4626.240 1.904e-16
4627.117 1.898e-16
4627.993 1.892e-16
4628.870 1.886e-16
4629.747 1.880e-16
4630.623 1.875e-16
4631.500 1.869e-16
4632.377 1.863e-16
4633.253 1.857e-16
4634.130 1.851e-16
4635.007 1.845e-16
4635.883 1.839e-16
4636.760 1.833e-16
4637.637 1.827e-16
4638.513 1.821e-16
4639.390 1.815e-16
4640.267 1.810e-16
4641.143 1.804e-16
4642.020 1.798e-16
4642.897 1.792e-16
4643.773 1.786e-16
4644.650 1.780e-16
4645.527 1.774e-16
4646.403 1.770e-16
4647.280 1.774e-16
4648.157 1.778e-16
4649.033 1.782e-16
4649.910 1.786e-16
4650.787 1.791e-16
4651.663 1.795e-16
4652.540 1.799e-16
4653.417 1.803e-16
4654.293 1.807e-16
4655.170 1.811e-16
4656.047 1.815e-16
4656.923 1.809e-16
4657.800 1.799e-16
4658.677 1.789e-16
4659.553 1.780e-16
4660.430 1.770e-16
4661.307 1.761e-16
4662.183 1.752e-16
4663.060 1.742e-16
4663.937 1.733e-16
4664.813 1.724e-16
4665.690 1.714e-16
4666.567 1.710e-16
4667.443 1.717e-16
4668.320 1.724e-16
4669.197 1.731e-16
4670.073 1.738e-16
4670.950 1.745e-16
4671.827 1.752e-16
4672.703 1.759e-16
4673.580 1.791e-16
4674.457 1.773e-16
4675.333 1.780e-16
4676.210 1.787e-16
4677.087 1.903e-16
4677.963 1.784e-16
4678.840 1.782e-16
4679.717 1.780e-16
4680.593 1.778e-16
4681.470 1.777e-16
4682.347 1.775e-16
4683.223 1.773e-16
4684.100 1.771e-16
4684.977 1.769e-16
4685.853 1.768e-16
4686.730 1.766e-16
4687.607 1.766e-16
4688.483 1.765e-16
4689.360 1.765e-16
4690.237 1.764e-16
4691.113 1.764e-16
4691.990 1.763e-16
4692.867 1.763e-16
4693.743 1.762e-16
4694.620 1.762e-16
4695.497 1.761e-16
4696.373 1.760e-16
4697.250 1.751e-16
4698.127 1.742e-16
4699.003 1.733e-16
4699.880 1.725e-16
4700.757 1.716e-16
4701.633 1.707e-16
4702.510 1.699e-16
4703.387 1.690e-16
4704.263 1.682e-16
4705.140 1.673e-16
4706.017 1.664e-16
4706.893 1.669e-16
4707.770 1.680e-16
4708.647 1.690e-16
4709.523 1.701e-16
4710.400 1.712e-16
4711.277 1.722e-16
4712.153 1.733e-16
4713.030 1.744e-16
4713.907 1.754e-16
4714.783 1.765e-16
4715.660 1.776e-16
4716.537 1.784e-16
4717.413 1.785e-16
4718.290 1.787e-16
4719.167 1.789e-16
4720.043 1.791e-16
4720.920 1.792e-16
4721.797 1.794e-16
4722.673 1.796e-16
4723.550 1.798e-16
4724.427 1.799e-16
4725.303 1.801e-16
4726.180 1.803e-16
4727.057 1.800e-16
4727.933 1.796e-16
4728.810 1.792e-16
4729.687 1.788e-16
4730.563 1.784e-16
4731.440 1.780e-16
4732.317 1.776e-16
4733.193 1.773e-16
4734.070 1.769e-16
4734.947 1.765e-16
4735.823 1.761e-16
4736.700 1.761e-16
4737.577 1.765e-16
4738.453 1.770e-16
4739.330 1.774e-16
4740.207 1.779e-16
4741.083 1.783e-16
4741.960 1.787e-16
4742.837 1.792e-16
4743.713 1.796e-16
4744.590 1.801e-16
4745.467 1.805e-16
4746.343 1.809e-16
4747.220 1.806e-16
4748.097 1.803e-16
4748.973 1.800e-16
4749.850 1.797e-16
4750.727 1.794e-16
4751.603 1.790e-16
4752.480 1.787e-16
4753.357 1.783e-16
4754.233 1.780e-16
4755.110 1.776e-16
4755.987 1.773e-16
4756.863 1.768e-16
4757.740 1.762e-16
4758.617 1.757e-16
4759.493 1.752e-16
4760.370 1.746e-16
4761.247 1.740e-16
4762.123 1.735e-16
4763.000 1.730e-16
4763.877 1.724e-16
4764.753 1.719e-16
4765.630 1.714e-16
4766.507 1.712e-16
4767.383 1.720e-16
4768.260 1.728e-16
4769.137 1.736e-16
4770.013 1.744e-16
4770.890 1.752e-16
4771.767 1.760e-16
4772.643 1.769e-16
4773.520 1.777e-16
4774.397 1.785e-16
4775.273 1.793e-16
4776.150 1.802e-16
4777.027 1.798e-16
4777.903 1.793e-16
4778.780 1.787e-16
4779.657 1.782e-16
4780.533 1.776e-16
4781.410 1.771e-16
4782.287 1.765e-16
4783.163 1.760e-16
4784.040 1.754e-16
4784.917 1.749e-16
4785.793 1.743e-16
4786.670 1.742e-16
4787.547 1.747e-16
4788.423 1.751e-16
4789.300 1.756e-16
4790.177 1.760e-16
4791.053 1.764e-16
4791.930 1.769e-16
4792.807 1.773e-16
4793.683 1.778e-16
4794.560 1.782e-16
4795.437 1.787e-16
4796.313 1.791e-16
4797.190 1.787e-16
4798.067 1.784e-16
4798.943 1.780e-16
4799.820 1.777e-16
4800.697 1.773e-16
4801.573 1.770e-16
4802.450 1.766e-16
4803.327 1.762e-16
4804.203 1.759e-16
4805.080 1.755e-16
4805.957 1.752e-16
4806.833 1.752e-16
4807.710 1.756e-16
4808.587 1.759e-16
4809.463 1.763e-16
4810.340 1.766e-16
4811.217 1.769e-16
4812.093 1.773e-16
4812.970 1.811e-16
4813.847 1.796e-16
4814.723 1.783e-16
4815.600 1.787e-16
4816.477 1.789e-16
4817.353 1.784e-16
4818.230 1.778e-16
4819.107 1.773e-16
4819.983 1.767e-16
4820.860 1.762e-16
4821.737 1.756e-16
4822.613 1.751e-16
4823.490 1.745e-16
4824.367 1.740e-16
4825.243 1.781e-16
4826.120 1.733e-16
4826.997 1.726e-16
4827.873 1.725e-16
4828.750 1.724e-16
4829.627 1.723e-16
4830.503 1.723e-16
4831.380 1.722e-16
4832.257 1.721e-16
4833.133 1.720e-16
4834.010 1.719e-16
4834.887 1.718e-16
4835.763 1.717e-16
4836.640 1.716e-16
4837.517 1.711e-16
4838.393 1.707e-16
4839.270 1.703e-16
4840.147 1.698e-16
4841.023 1.694e-16
4841.900 1.690e-16
4842.777 1.686e-16
4843.653 1.681e-16
4844.530 1.677e-16
4845.407 1.673e-16
4846.283 1.669e-16
4847.160 1.658e-16
4848.037 1.647e-16
4848.913 1.637e-16
4849.790 1.626e-16
4850.667 1.616e-16
4851.543 1.605e-16
4852.420 1.595e-16
4853.297 1.584e-16
4854.173 1.573e-16
4855.050 1.563e-16
4855.927 1.552e-16
4856.803 1.540e-16
4857.680 1.524e-16
4858.557 1.509e-16
4859.433 1.493e-16
4860.310 1.478e-16
4861.187 1.462e-16
4862.063 1.447e-16
4862.940 1.431e-16
4863.817 1.416e-16
4864.693 1.401e-16
4865.570 1.385e-16
4866.447 1.371e-16
4867.323 1.386e-16
4868.200 1.400e-16
4869.077 1.414e-16
4869.953 1.429e-16
4870.830 1.443e-16
4871.707 1.457e-16
4872.583 1.471e-16
4873.460 1.485e-16
4874.337 1.500e-16
4875.213 1.514e-16
4876.090 1.528e-16
4876.967 1.537e-16
4877.843 1.542e-16
4878.720 1.548e-16
4879.597 1.553e-16
4880.473 1.558e-16
4881.350 1.564e-16
4882.227 1.569e-16
4883.103 1.574e-16
4883.980 1.643e-16
4884.857 1.585e-16
4885.733 1.590e-16
4886.610 1.595e-16
4887.487 1.598e-16
4888.363 1.600e-16
4889.240 1.603e-16
4890.117 1.605e-16
4890.993 1.608e-16
4891.870 1.611e-16
4892.747 1.613e-16
4893.623 1.616e-16
4894.500 1.618e-16
4895.377 1.621e-16
4896.253 1.624e-16
4897.130 1.626e-16
4898.007 1.629e-16
4898.883 1.631e-16
4899.760 1.634e-16
4900.637 1.637e-16
4901.513 1.639e-16
4902.390 1.642e-16
4903.267 1.645e-16
4904.143 1.647e-16
4905.020 1.650e-16
4905.897 1.652e-16
4906.773 1.650e-16
4907.650 1.642e-16
4908.527 1.633e-16
4909.403 1.625e-16
4910.280 1.616e-16
4911.157 1.608e-16
4912.033 1.599e-16
4912.910 1.591e-16
4913.787 1.582e-16
4914.663 1.574e-16
4915.540 1.565e-16
4916.417 1.557e-16
4917.293 1.556e-16
4918.170 1.555e-16
4919.047 1.555e-16
4919.923 1.554e-16
4920.800 1.553e-16
4921.677 1.553e-16
4922.553 1.552e-16
4923.430 1.551e-16
4924.307 1.551e-16
4925.183 1.550e-16
4926.060 1.549e-16
4926.937 1.548e-16
4927.813 1.547e-16
4928.690 1.546e-16
4929.567 1.545e-16
4930.443 1.543e-16
4931.320 1.542e-16
4932.197 1.541e-16
4933.073 1.540e-16
4933.950 1.539e-16
4934.827 1.537e-16
4935.703 1.536e-16
4936.580 1.537e-16
4937.457 1.549e-16
4938.333 1.560e-16
4939.210 1.831e-16
4940.087 1.582e-16
4940.963 1.593e-16
4941.840 1.604e-16
4942.717 1.615e-16
4943.593 1.626e-16
4944.470 1.638e-16
4945.347 1.649e-16
4946.223 1.660e-16
4947.100 1.654e-16
4947.977 1.644e-16
4948.853 1.634e-16
4949.730 1.624e-16
4950.607 1.615e-16
4951.483 1.605e-16
4952.360 1.595e-16
4953.237 1.585e-16
4954.113 1.575e-16
4954.990 1.565e-16
4955.867 1.555e-16
4956.743 1.552e-16
4957.620 1.557e-16
4958.497 1.563e-16
4959.373 1.568e-16
4960.250 1.574e-16
4961.127 1.579e-16
4962.003 1.585e-16
4962.880 1.590e-16
4963.757 1.596e-16
4964.633 1.624e-16
4965.510 1.607e-16
4966.387 1.612e-16
4967.263 1.612e-16
4968.140 1.611e-16
4969.017 1.610e-16
4969.893 1.609e-16
4970.770 1.609e-16
4971.647 1.608e-16
4972.523 1.607e-16
4973.400 1.607e-16
4974.277 1.606e-16
4975.153 1.605e-16
4976.030 1.604e-16
4976.907 1.598e-16
4977.783 1.586e-16
4978.660 1.575e-16
4979.537 1.564e-16
4980.413 1.553e-16
4981.290 1.542e-16
4982.167 1.531e-16
4983.043 1.520e-16
4983.920 1.509e-16
4984.797 1.497e-16
4985.673 1.486e-16
4986.550 1.478e-16
4987.427 1.485e-16
4988.303 1.491e-16
4989.180 1.497e-16
4990.057 1.503e-16
4990.933 1.510e-16
4991.810 1.516e-16
4992.687 1.522e-16
4993.563 1.528e-16
4994.440 1.534e-16
4995.317 1.541e-16
4996.193 1.547e-16
4997.070 1.542e-16
4997.947 1.533e-16
4998.823 1.525e-16
4999.700 1.517e-16
5000.577 1.508e-16
5001.453 1.500e-16
5002.330 1.492e-16
5003.207 1.484e-16
5004.083 1.476e-16
5004.960 1.468e-16
5005.837 1.497e-16
5006.713 1.453e-16
5007.590 1.450e-16
5008.467 1.446e-16
5009.343 1.443e-16
5010.220 1.439e-16
5011.097 1.436e-16
5011.973 1.432e-16
5012.850 1.429e-16
5013.727 1.425e-16
5014.603 1.422e-16
5015.480 1.418e-16
5016.357 1.415e-16
5017.233 1.419e-16
5018.110 1.424e-16
5018.987 1.429e-16
5019.863 1.434e-16
5020.740 1.439e-16
5021.617 1.444e-16
5022.493 1.449e-16
5023.370 1.454e-16
5024.247 1.459e-16
5025.123 1.464e-16
5026.000 1.467e-16
5026.877 1.473e-16
5027.753 1.475e-16
5028.630 1.477e-16
5029.507 1.479e-16
5030.383 1.481e-16
5031.260 1.483e-16
5032.137 1.486e-16
5033.013 1.488e-16
5033.890 1.490e-16
5034.767 1.492e-16
5035.643 1.493e-16
5036.520 1.495e-16
5037.397 1.491e-16
5038.273 1.486e-16
5039.150 1.470e-16
5040.027 1.476e-16
5040.903 1.470e-16
5041.780 1.467e-16
5042.657 1.462e-16
5043.533 1.452e-16
5044.410 1.450e-16
5045.287 1.447e-16
5046.163 1.443e-16
5047.040 1.447e-16
5047.917 1.455e-16
5048.793 1.463e-16
5049.670 1.471e-16
5050.547 1.479e-16
5051.423 1.486e-16
5052.300 1.494e-16
5053.177 1.502e-16
5054.053 1.509e-16
5054.930 1.517e-16
5055.807 1.525e-16
5056.683 1.529e-16
5057.560 1.527e-16
5058.437 1.524e-16
5059.313 1.522e-16
5060.190 1.519e-16
5061.067 1.517e-16
5061.943 1.514e-16
5062.820 1.512e-16
5063.697 1.509e-16
5064.573 1.507e-16
5065.450 1.504e-16
5066.327 1.502e-16
5067.203 1.497e-16
5068.080 1.494e-16
5068.957 1.490e-16
5069.833 1.486e-16
5070.710 1.482e-16
5071.587 1.475e-16
5072.463 1.473e-16
5073.340 1.470e-16
5074.217 1.464e-16
5075.093 1.462e-16
5075.970 1.458e-16
5076.847 1.456e-16
5077.723 1.456e-16
5078.600 1.457e-16
5079.477 1.458e-16
5080.353 1.458e-16
5081.230 1.459e-16
5082.107 1.459e-16
5082.983 1.460e-16
5083.860 1.460e-16
5084.737 1.461e-16
5085.613 1.459e-16
5086.490 1.462e-16
5087.367 1.461e-16
5088.243 1.460e-16
5089.120 1.460e-16
5089.997 1.459e-16
5090.873 1.459e-16
5091.750 1.458e-16
5092.627 1.458e-16
5093.503 1.457e-16
5094.380 1.456e-16
5095.257 1.455e-16
5096.133 1.455e-16
5097.010 1.456e-16
5097.887 1.458e-16
5098.763 1.459e-16
5099.640 1.461e-16
5100.517 1.463e-16
5101.393 1.464e-16
5102.270 1.466e-16
5103.147 1.467e-16
5104.023 1.469e-16
5104.900 1.471e-16
5105.777 1.473e-16
5106.653 1.474e-16
5107.530 1.477e-16
5108.407 1.480e-16
5109.283 1.483e-16
5110.160 1.486e-16
5111.037 1.489e-16
5111.913 1.491e-16
5112.790 1.494e-16
5113.667 1.497e-16
5114.543 1.500e-16
5115.420 1.503e-16
5116.297 1.506e-16
5117.173 1.498e-16
5118.050 1.489e-16
5118.927 1.480e-16
5119.803 1.472e-16
5120.680 1.463e-16
5121.557 1.454e-16
5122.433 1.445e-16
5123.310 1.436e-16
5124.187 1.427e-16
5125.063 1.419e-16
5125.940 1.410e-16
5126.817 1.405e-16
5127.693 1.404e-16
5128.570 1.403e-16
5129.447 1.402e-16
5130.323 1.401e-16
5131.200 1.401e-16
5132.077 1.400e-16
5132.953 1.399e-16
5133.830 1.398e-16
5134.707 1.397e-16
5135.583 1.397e-16
5136.460 1.396e-16
5137.337 1.396e-16
5138.213 1.397e-16
5139.090 1.397e-16
5139.967 1.397e-16
5140.843 1.398e-16
5141.720 1.398e-16
5142.597 1.399e-16
5143.473 1.399e-16
5144.350 1.399e-16
5145.227 1.400e-16
5146.103 1.400e-16
5146.980 1.401e-16
5147.857 1.402e-16
5148.733 1.404e-16
5149.610 1.405e-16
5150.487 1.406e-16
5151.363 1.407e-16
5152.240 1.408e-16
5153.117 1.410e-16
5153.993 1.411e-16
5154.870 1.412e-16
5155.747 1.413e-16
5156.623 1.410e-16
5157.500 1.395e-16
5158.377 1.380e-16
5159.253 1.365e-16
5160.130 1.350e-16
5161.007 1.334e-16
5161.883 1.319e-16
5162.760 1.304e-16
5163.637 1.289e-16
5164.513 1.274e-16
5165.390 1.259e-16
5166.267 1.243e-16
5167.143 1.244e-16
5168.020 1.247e-16
5168.897 1.250e-16
5169.773 1.254e-16
5170.650 1.257e-16
5171.527 1.260e-16
5172.403 1.263e-16
5173.280 1.266e-16
5174.157 1.270e-16
5175.033 1.273e-16
5175.910 1.276e-16
5176.787 1.276e-16
5177.663 1.271e-16
5178.540 1.266e-16
5179.417 1.261e-16
5180.293 1.256e-16
5181.170 1.251e-16
5182.047 1.246e-16
5182.923 1.241e-16
5183.800 1.236e-16
5184.677 1.231e-16
5185.553 1.226e-16
5186.430 1.222e-16
5187.307 1.232e-16
5188.183 1.243e-16
5189.060 1.253e-16
5189.937 1.264e-16
5190.813 1.274e-16
5191.690 1.285e-16
5192.567 1.295e-16
5193.443 1.306e-16
5194.320 1.316e-16
5195.197 1.327e-16
5196.073 1.337e-16
5196.950 1.342e-16
5197.827 1.342e-16
5198.703 1.342e-16
5199.580 1.342e-16
5200.457 1.341e-16
5201.333 1.341e-16
5202.210 1.341e-16
5203.087 1.340e-16
5203.963 1.340e-16
5204.840 1.340e-16
5205.717 1.340e-16
5206.593 1.340e-16
5207.470 1.344e-16
5208.347 1.348e-16
5209.223 1.352e-16
5210.100 1.357e-16
5210.977 1.361e-16
5211.853 1.365e-16
5212.730 1.369e-16
5213.607 1.374e-16
5214.483 1.378e-16
5215.360 1.382e-16
5216.237 1.386e-16
5217.113 1.383e-16
5217.990 1.378e-16
5218.867 1.414e-16
5219.743 1.366e-16
5220.620 1.361e-16
5221.497 1.355e-16
5222.373 1.349e-16
5223.250 1.343e-16
5224.127 1.338e-16
5225.003 1.332e-16
5225.880 1.326e-16
5226.757 1.325e-16
5227.633 1.328e-16
5228.510 1.332e-16
5229.387 1.336e-16
5230.263 1.340e-16
5231.140 1.344e-16
5232.017 1.348e-16
5232.893 1.351e-16
5233.770 1.355e-16
5234.647 1.359e-16
5235.523 1.363e-16
5236.400 1.367e-16
5237.277 1.370e-16
5238.153 1.374e-16
5239.030 1.377e-16
5239.907 1.380e-16
5240.783 1.384e-16
5241.660 1.387e-16
5242.537 1.391e-16
5243.413 1.394e-16
5244.290 1.397e-16
5245.167 1.401e-16
5246.043 1.404e-16
5246.920 1.405e-16
5247.797 1.403e-16
5248.673 1.400e-16
5249.550 1.398e-16
5250.427 1.396e-16
5251.303 1.510e-16
5252.180 1.391e-16
5253.057 1.389e-16
5253.933 1.387e-16
5254.810 1.384e-16
5255.687 1.385e-16
5256.563 1.379e-16
5257.440 1.406e-16
5258.317 1.349e-16
5259.193 1.330e-16
5260.070 1.314e-16
5260.947 1.298e-16
5261.823 1.282e-16
5262.700 1.302e-16
5263.577 1.249e-16
5264.453 1.233e-16
5265.330 1.217e-16
5266.207 1.201e-16
5267.083 1.201e-16
5267.960 1.210e-16
5268.837 1.219e-16
5269.713 1.228e-16
5270.590 1.237e-16
5271.467 1.246e-16
5272.343 1.255e-16
5273.220 1.264e-16
5274.097 1.273e-16
5274.973 1.282e-16
5275.850 1.290e-16
5276.727 1.298e-16
5277.603 1.521e-16
5278.480 1.305e-16
5279.357 1.309e-16
5280.233 1.313e-16
5281.110 1.316e-16
5281.987 1.320e-16
5282.863 1.323e-16
5283.740 1.327e-16
5284.617 1.331e-16
5285.493 1.334e-16
5286.370 1.338e-16
5287.247 1.339e-16
5288.123 1.340e-16
5289.000 1.341e-16
5289.877 1.341e-16
5290.753 1.342e-16
5291.630 1.343e-16
5292.507 1.344e-16
5293.383 1.344e-16
5294.260 1.345e-16
5295.137 1.346e-16
5296.013 1.346e-16
5296.890 1.348e-16
5297.767 1.349e-16
5298.643 1.351e-16
5299.520 1.352e-16
5300.397 1.354e-16
5301.273 1.355e-16
5302.150 1.357e-16
5303.027 1.358e-16
5303.903 1.360e-16
5304.780 1.361e-16
5305.657 1.363e-16
5306.533 1.364e-16
5307.410 1.364e-16
5308.287 1.364e-16
5309.163 1.364e-16
5310.040 1.365e-16
5310.917 1.365e-16
5311.793 1.365e-16
5312.670 1.365e-16
5313.547 1.365e-16
5314.423 1.365e-16
5315.300 1.365e-16
5316.177 1.366e-16
5317.053 1.358e-16
5317.930 1.346e-16
5318.807 1.334e-16
5319.683 1.322e-16
5320.560 1.310e-16
5321.437 1.298e-16
5322.313 1.287e-16
5323.190 1.275e-16
5324.067 1.263e-16
5324.943 1.251e-16
5325.820 1.239e-16
5326.697 1.237e-16
5327.573 1.240e-16
5328.450 1.249e-16
5329.327 1.258e-16
5330.203 1.266e-16
5331.080 1.277e-16
5331.957 1.443e-16
5332.833 1.292e-16
5333.710 1.301e-16
5334.587 1.309e-16
5335.463 1.318e-16
5336.340 1.326e-16
5337.217 1.324e-16
5338.093 1.320e-16
5338.970 1.316e-16
5339.847 1.312e-16
5340.723 1.307e-16
5341.600 1.303e-16
5342.477 1.299e-16
5343.353 1.295e-16
5344.230 1.290e-16
5345.107 1.286e-16
5345.983 1.282e-16
5346.860 1.283e-16
5347.737 1.290e-16
5348.613 1.297e-16
5349.490 1.305e-16
5350.367 1.312e-16
5351.243 1.319e-16
5352.120 1.327e-16
5352.997 1.334e-16
5353.873 1.341e-16
5354.750 1.349e-16
5355.627 1.384e-16
5356.503 1.363e-16
5357.380 1.356e-16
5358.257 1.348e-16
5359.133 1.341e-16
5360.010 1.334e-16
5360.887 1.326e-16
5361.763 1.319e-16
5362.640 1.312e-16
5363.517 1.304e-16
5364.393 1.297e-16
5365.270 1.289e-16
5366.147 1.282e-16
5367.023 1.279e-16
5367.900 1.279e-16
5368.777 1.280e-16
5369.653 1.280e-16
5370.530 1.280e-16
5371.407 1.280e-16
5372.283 1.281e-16
5373.160 1.281e-16
5374.037 1.281e-16
5374.913 1.281e-16
5375.790 1.281e-16
5376.667 1.282e-16
5377.543 1.282e-16
5378.420 1.283e-16
5379.297 1.284e-16
5380.173 1.285e-16
5381.050 1.286e-16
5381.927 1.287e-16
5382.803 1.287e-16
5383.680 1.288e-16
5384.557 1.289e-16
5385.433 1.290e-16
5386.310 1.291e-16
5387.187 1.287e-16
5388.063 1.283e-16
5388.940 1.278e-16
5389.817 1.273e-16
5390.693 1.269e-16
5391.570 1.264e-16
5392.447 1.259e-16
5393.323 1.255e-16
5394.200 1.250e-16
5395.077 1.246e-16
5395.953 1.241e-16
5396.830 1.237e-16
5397.707 1.232e-16
5398.583 1.228e-16
5399.460 1.224e-16
5400.337 1.220e-16
5401.213 1.216e-16
5402.090 1.212e-16
5402.967 1.208e-16
5403.843 1.203e-16
5404.720 1.200e-16
5405.597 1.196e-16
5406.473 1.192e-16
5407.350 1.197e-16
5408.227 1.203e-16
5409.103 1.209e-16
5409.980 1.215e-16
5410.857 1.221e-16
5411.733 1.227e-16
5412.610 1.233e-16
5413.487 1.239e-16
5414.363 1.244e-16
5415.240 1.251e-16
5416.117 1.256e-16
5416.993 1.257e-16
5417.870 1.253e-16
5418.747 1.249e-16
5419.623 1.246e-16
5420.500 1.242e-16
5421.377 1.239e-16
5422.253 1.235e-16
5423.130 1.231e-16
5424.007 1.227e-16
5424.883 1.224e-16
5425.760 1.220e-16
5426.637 1.217e-16
5427.513 1.220e-16
5428.390 1.223e-16
5429.267 1.225e-16
5430.143 1.227e-16
5431.020 1.230e-16
5431.897 1.233e-16
5432.773 1.235e-16
5433.650 1.238e-16
5434.527 1.241e-16
5435.403 1.242e-16
5436.280 1.245e-16
5437.157 1.244e-16
5438.033 1.245e-16
5438.910 1.245e-16
5439.787 1.245e-16
5440.663 1.245e-16
5441.540 1.245e-16
5442.417 1.245e-16
5443.293 1.245e-16
5444.170 1.245e-16
5445.047 1.245e-16
5445.923 1.245e-16
5446.800 1.246e-16
5447.677 1.247e-16
5448.553 1.249e-16
5449.430 1.250e-16
5450.307 1.251e-16
5451.183 1.253e-16
5452.060 1.254e-16
5452.937 1.256e-16
5453.813 1.257e-16
5454.690 1.258e-16
5455.567 1.260e-16
5456.443 1.261e-16
5457.320 1.260e-16
5458.197 1.259e-16
5459.073 1.258e-16
5459.950 1.257e-16
5460.827 1.255e-16
5461.703 1.255e-16
5462.580 1.253e-16
5463.457 1.252e-16
5464.333 1.251e-16
5465.210 1.250e-16
5466.087 1.249e-16
5466.963 1.247e-16
5467.840 1.245e-16
5468.717 1.242e-16
5469.593 1.240e-16
5470.470 1.237e-16
5471.347 1.235e-16
5472.223 1.232e-16
5473.100 1.230e-16
5473.977 1.227e-16
5474.853 1.225e-16
5475.730 1.222e-16
5476.607 1.220e-16
5477.483 1.222e-16
5478.360 1.224e-16
5479.237 1.225e-16
5480.113 1.228e-16
5480.990 1.229e-16
5481.867 1.231e-16
5482.743 1.233e-16
5483.620 1.235e-16
5484.497 1.237e-16
5485.373 1.239e-16
5486.250 1.240e-16
5487.127 1.242e-16
5488.003 1.244e-16
5488.880 1.246e-16
5489.757 1.248e-16
5490.633 1.250e-16
5491.510 1.251e-16
5492.387 1.252e-16
5493.263 1.253e-16
5494.140 1.253e-16
5495.017 1.254e-16
5495.893 1.255e-16
5496.770 1.254e-16
5497.647 1.251e-16
5498.523 1.248e-16
5499.400 1.245e-16
5500.277 1.242e-16
5501.153 1.239e-16
5502.030 1.237e-16
5502.907 1.234e-16
5503.783 1.231e-16
5504.660 1.228e-16
5505.537 1.226e-16
5506.413 1.223e-16
5507.290 1.222e-16
5508.167 1.222e-16
5509.043 1.221e-16
5509.920 1.221e-16
5510.797 1.221e-16
5511.673 1.220e-16
5512.550 1.220e-16
5513.427 1.219e-16
5514.303 1.219e-16
5515.180 1.219e-16
5516.057 1.218e-16
5516.933 1.217e-16
5517.810 1.215e-16
5518.687 1.212e-16
5519.563 1.210e-16
5520.440 1.208e-16
5521.317 1.205e-16
5522.193 1.203e-16
5523.070 1.201e-16
5523.947 1.199e-16
5524.823 1.196e-16
5525.700 1.194e-16
5526.577 1.192e-16
5527.453 1.193e-16
5528.330 1.194e-16
5529.207 1.195e-16
5530.083 1.196e-16
5530.960 1.197e-16
5531.837 1.198e-16
5532.713 1.199e-16
5533.590 1.201e-16
5534.467 1.202e-16
5535.343 1.203e-16
5536.220 1.204e-16
5537.097 1.204e-16
5537.973 1.204e-16
5538.850 1.205e-16
5539.727 1.205e-16
5540.603 1.206e-16
5541.480 1.207e-16
5542.357 1.207e-16
5543.233 1.208e-16
5544.110 1.209e-16
5544.987 1.271e-16
5545.863 1.210e-16
5546.740 1.210e-16
5547.617 1.210e-16
5548.493 1.210e-16
5549.370 1.209e-16
5550.247 1.209e-16
5551.123 1.209e-16
5552.000 1.209e-16
5552.877 1.208e-16
5553.753 1.208e-16
5554.630 1.208e-16
5555.507 1.207e-16
5556.383 1.207e-16
5557.260 1.203e-16
5558.137 1.199e-16
5559.013 1.195e-16
5559.890 1.190e-16
5560.767 1.186e-16
5561.643 1.182e-16
5562.520 1.177e-16
5563.397 1.173e-16
5564.273 1.169e-16
5565.150 1.164e-16
5566.027 1.160e-16
5566.903 1.158e-16
5567.780 1.159e-16
5568.657 1.161e-16
5569.533 1.162e-16
5570.410 1.163e-16
5571.287 1.164e-16
5572.163 1.165e-16
5573.040 1.166e-16
5573.917 1.167e-16
5574.793 1.168e-16
5575.670 1.169e-16
5576.547 1.170e-16
5577.423 1.167e-16
5578.300 1.163e-16
5579.177 1.160e-16
5580.053 1.157e-16
5580.930 1.153e-16
5581.807 1.150e-16
5582.683 1.146e-16
5583.560 1.143e-16
5584.437 1.139e-16
5585.313 1.136e-16
5586.190 1.133e-16
5587.067 1.132e-16
5587.943 1.133e-16
5588.820 1.134e-16
5589.697 1.135e-16
5590.573 1.135e-16
5591.450 1.136e-16
5592.327 1.137e-16
5593.203 1.138e-16
5594.080 1.139e-16
5594.957 1.140e-16
5595.833 1.141e-16
5596.710 1.142e-16
5597.587 1.143e-16
5598.463 1.145e-16
5599.340 1.431e-16
5600.217 1.148e-16
5601.093 1.150e-16
5601.970 1.151e-16
5602.847 1.153e-16
5603.723 1.154e-16
5604.600 1.156e-16
5605.477 1.157e-16
5606.353 1.159e-16
5607.230 1.159e-16
5608.107 1.157e-16
5608.983 1.156e-16
5609.860 1.155e-16
5610.737 1.153e-16
5611.613 1.152e-16
5612.490 1.151e-16
5613.367 1.150e-16
5614.243 1.148e-16
5615.120 1.147e-16
5615.997 1.146e-16
5616.873 1.145e-16
5617.750 1.146e-16
5618.627 1.147e-16
5619.503 1.148e-16
5620.380 1.150e-16
5621.257 1.151e-16
5622.133 1.152e-16
5623.010 1.153e-16
5623.887 1.154e-16
5624.763 1.155e-16
5625.640 1.156e-16
5626.517 1.157e-16
5627.393 1.158e-16
5628.270 1.158e-16
5629.147 1.158e-16
5630.023 1.159e-16
5630.900 1.159e-16
5631.777 1.159e-16
5632.653 1.159e-16
5633.530 1.160e-16
5634.407 1.160e-16
5635.283 1.160e-16
5636.160 1.161e-16
5637.037 1.160e-16
5637.913 1.160e-16
5638.790 1.159e-16
5639.667 1.159e-16
5640.543 1.158e-16
5641.420 1.157e-16
5642.297 1.157e-16
5643.173 1.156e-16
5644.050 1.155e-16
5644.927 1.155e-16
5645.803 1.154e-16
5646.680 1.178e-16
5647.557 1.150e-16
5648.433 1.147e-16
5649.310 1.143e-16
5650.187 1.140e-16
5651.063 1.137e-16
5651.940 1.134e-16
5652.817 1.131e-16
5653.693 1.127e-16
5654.570 1.124e-16
5655.447 1.121e-16
5656.323 1.118e-16
5657.200 1.118e-16
5658.077 1.119e-16
5658.953 1.120e-16
5659.830 1.122e-16
5660.707 1.123e-16
5661.583 1.124e-16
5662.460 1.126e-16
5663.337 1.127e-16
5664.213 1.128e-16
5665.090 1.130e-16
5665.967 1.131e-16
5666.843 1.133e-16
5667.720 1.136e-16
5668.597 1.138e-16
5669.473 1.141e-16
5670.350 1.144e-16
5671.227 1.177e-16
5672.103 1.149e-16
5672.980 1.152e-16
5673.857 1.155e-16
5674.733 1.157e-16
5675.610 1.160e-16
5676.487 1.163e-16
5677.363 1.159e-16
5678.240 1.155e-16
5679.117 1.151e-16
5679.993 1.146e-16
5680.870 1.142e-16
5681.747 1.138e-16
5682.623 1.133e-16
5683.500 1.129e-16
5684.377 1.123e-16
5685.253 1.120e-16
5686.130 1.116e-16
5687.007 1.110e-16
5687.883 1.117e-16
5688.760 1.119e-16
5689.637 1.122e-16
5690.513 1.124e-16
5691.390 1.126e-16
5692.267 1.128e-16
5693.143 1.131e-16
5694.020 1.122e-16
5694.897 1.135e-16
5695.773 1.136e-16
5696.650 1.140e-16
5697.527 1.130e-16
5698.403 1.159e-16
5699.280 1.124e-16
5700.157 1.119e-16
5701.033 1.114e-16
5701.910 1.109e-16
5702.787 1.104e-16
5703.663 1.099e-16
5704.540 1.094e-16
5705.417 1.089e-16
5706.293 1.084e-16
5707.170 1.084e-16
5708.047 1.086e-16
5708.923 1.089e-16
5709.800 1.092e-16
5710.677 1.094e-16
5711.553 1.097e-16
5712.430 1.098e-16
5713.307 1.101e-16
5714.183 1.104e-16
5715.060 1.106e-16
5715.937 1.109e-16
5716.813 1.112e-16
5717.690 1.115e-16
5718.567 1.118e-16
5719.443 1.121e-16
5720.320 1.124e-16
5721.197 1.121e-16
5722.073 1.127e-16
5722.950 1.134e-16
5723.827 1.137e-16
5724.703 1.141e-16
5725.580 1.143e-16
5726.457 1.147e-16
5727.333 1.147e-16
5728.210 1.145e-16
5729.087 1.144e-16
5729.963 1.143e-16
5730.840 1.142e-16
5731.717 1.140e-16
5732.593 1.140e-16
5733.470 1.139e-16
5734.347 1.138e-16
5735.223 1.136e-16
5736.100 1.135e-16
5736.977 1.134e-16
5737.853 1.134e-16
5738.730 1.133e-16
5739.607 1.132e-16
5740.483 1.132e-16
5741.360 1.131e-16
5742.237 1.130e-16
5743.113 1.129e-16
5743.990 1.129e-16
5744.867 1.128e-16
5745.743 1.127e-16
5746.620 1.125e-16
5747.497 1.123e-16
5748.373 1.122e-16
5749.250 1.120e-16
5750.127 1.118e-16
5751.003 1.116e-16
5751.880 1.114e-16
5752.757 1.112e-16
5753.633 1.109e-16
5754.510 1.105e-16
5755.387 1.105e-16
5756.263 1.103e-16
5757.140 1.102e-16
5758.017 1.103e-16
5758.893 1.104e-16
5759.770 1.104e-16
5760.647 1.105e-16
5761.523 1.105e-16
5762.400 1.106e-16
5763.277 1.106e-16
5764.153 1.107e-16
5765.030 1.106e-16
5765.907 1.108e-16
5766.783 1.109e-16
5767.660 1.109e-16
5768.537 1.110e-16
5769.413 1.110e-16
5770.290 1.110e-16
5771.167 1.111e-16
5772.043 1.111e-16
5772.920 1.111e-16
5773.797 1.112e-16
5774.673 1.112e-16
5775.550 1.113e-16
5776.427 1.113e-16
5777.303 1.110e-16
5778.180 1.106e-16
5779.057 1.102e-16
5779.933 1.098e-16
5780.810 1.094e-16
5781.687 1.090e-16
5782.563 1.087e-16
5783.440 1.082e-16
5784.317 1.079e-16
5785.193 1.075e-16
5786.070 1.071e-16
5786.947 1.070e-16
5787.823 1.072e-16
5788.700 1.074e-16
5789.577 1.076e-16
5790.453 1.078e-16
5791.330 1.081e-16
5792.207 1.083e-16
5793.083 1.085e-16
5793.960 1.088e-16
5794.837 1.090e-16
5795.713 1.092e-16
5796.590 1.094e-16
5797.467 1.095e-16
5798.343 1.095e-16
5799.220 1.096e-16
5800.097 1.096e-16
5800.973 1.097e-16
5801.850 1.097e-16
5802.727 1.098e-16
5803.603 1.099e-16
5804.480 1.099e-16
5805.357 1.099e-16
5806.233 1.100e-16
5807.110 1.101e-16
5807.987 1.101e-16
5808.863 1.102e-16
5809.740 1.103e-16
5810.617 1.104e-16
5811.493 1.104e-16
5812.370 1.105e-16
5813.247 1.106e-16
5814.123 1.107e-16
5815.000 1.107e-16
5815.877 1.108e-16
5816.753 1.109e-16
5817.630 1.110e-16
5818.507 1.111e-16
5819.383 1.112e-16
5820.260 1.113e-16
5821.137 1.114e-16
5822.013 1.114e-16
5822.890 1.115e-16
5823.767 1.116e-16
5824.643 1.117e-16
5825.520 1.118e-16
5826.397 1.119e-16
5827.273 1.119e-16
5828.150 1.118e-16
5829.027 1.117e-16
5829.903 1.116e-16
5830.780 1.115e-16
5831.657 1.114e-16
5832.533 1.113e-16
5833.410 1.112e-16
5834.287 1.111e-16
5835.163 1.110e-16
5836.040 1.109e-16
5836.917 1.109e-16
5837.793 1.109e-16
5838.670 1.109e-16
5839.547 1.109e-16
5840.423 1.109e-16
5841.300 1.109e-16
5842.177 1.109e-16
5843.053 1.109e-16
5843.930 1.109e-16
5844.807 1.109e-16
5845.683 1.109e-16
5846.560 1.109e-16
5847.437 1.105e-16
5848.313 1.101e-16
5849.190 1.097e-16
5850.067 1.093e-16
5850.943 1.089e-16
5851.820 1.085e-16
5852.697 1.081e-16
5853.573 1.077e-16
5854.450 1.073e-16
5855.327 1.069e-16
5856.203 1.064e-16
5857.080 1.064e-16
5857.957 1.066e-16
5858.833 1.069e-16
5859.710 1.071e-16
5860.587 1.073e-16
5861.463 1.075e-16
5862.340 1.077e-16
5863.217 1.077e-16
5864.093 1.082e-16
5864.970 1.084e-16
5865.847 1.086e-16
5866.723 1.088e-16
5867.600 1.359e-16
5868.477 1.089e-16
5869.353 1.090e-16
5870.230 1.090e-16
5871.107 1.305e-16
5871.983 1.092e-16
5872.860 1.091e-16
5873.737 1.093e-16
5874.613 1.094e-16
5875.490 1.094e-16
5876.367 1.095e-16
5877.243 1.087e-16
5878.120 1.083e-16
5878.997 1.079e-16
5879.873 1.076e-16
5880.750 1.070e-16
5881.627 1.064e-16
5882.503 1.056e-16
5883.380 1.053e-16
5884.257 1.050e-16
5885.133 1.045e-16
5886.010 1.040e-16
5886.887 1.034e-16
5887.763 1.026e-16
5888.640 1.019e-16
5889.517 1.009e-16
5890.393 1.000e-16
5891.270 9.647e-17
5892.147 9.912e-17
5893.023 9.831e-17
5893.900 9.751e-17
5894.777 9.683e-17
5895.653 9.632e-17
5896.530 9.521e-17
5897.407 9.646e-17
5898.283 9.727e-17
5899.160 9.793e-17
5900.037 9.905e-17
5900.913 1.003e-16
5901.790 1.009e-16
5902.667 1.023e-16
5903.543 1.032e-16
5904.420 1.042e-16
5905.297 1.059e-16
5906.173 1.062e-16
5907.050 1.063e-16
5907.927 1.063e-16
5908.803 1.062e-16
5909.680 1.060e-16
5910.557 1.054e-16
5911.433 1.058e-16
5912.310 1.049e-16
5913.187 1.055e-16
5914.063 1.053e-16
5914.940 1.052e-16
5915.817 1.035e-16
5916.693 1.048e-16
5917.570 1.049e-16
5918.447 1.050e-16
5919.323 1.051e-16
5920.200 1.049e-16
5921.077 1.051e-16
5921.953 1.053e-16
5922.830 1.052e-16
5923.707 1.054e-16
5924.583 1.056e-16
5925.460 1.030e-16
5926.337 1.647e-16
5927.213 1.057e-16
5928.090 1.056e-16
5928.967 1.055e-16
5929.843 1.050e-16
5930.720 1.050e-16
5931.597 1.053e-16
5932.473 1.051e-16
5933.350 1.051e-16
5934.227 1.049e-16
5935.103 1.049e-16
5935.980 1.048e-16
5936.857 1.044e-16
5937.733 1.045e-16
5938.610 1.044e-16
5939.487 1.042e-16
5940.363 1.041e-16
5941.240 1.040e-16
5942.117 1.028e-16
5942.993 1.035e-16
5943.870 1.032e-16
5944.747 1.034e-16
5945.623 1.032e-16
5946.500 1.030e-16
5947.377 1.026e-16
5948.253 1.029e-16
5949.130 1.030e-16
5950.007 1.031e-16
5950.883 1.017e-16
5951.760 1.029e-16
5952.637 1.027e-16
5953.513 1.032e-16
5954.390 1.032e-16
5955.267 1.032e-16
5956.143 1.032e-16
5957.020 1.032e-16
5957.897 1.032e-16
5958.773 1.033e-16
5959.650 1.032e-16
5960.527 1.034e-16
5961.403 1.036e-16
5962.280 1.037e-16
5963.157 1.036e-16
5964.033 1.037e-16
5964.910 1.040e-16
5965.787 1.040e-16
5966.663 1.040e-16
5967.540 1.038e-16
5968.417 1.036e-16
5969.293 1.031e-16
5970.170 1.034e-16
5971.047 1.033e-16
5971.923 1.665e-16
5972.800 1.030e-16
5973.677 1.029e-16
5974.553 1.027e-16
5975.430 1.026e-16
5976.307 1.024e-16
5977.183 1.023e-16
5978.060 1.021e-16
5978.937 1.019e-16
5979.813 1.017e-16
5980.690 1.016e-16
5981.567 1.016e-16
5982.443 1.014e-16
5983.320 1.011e-16
5984.197 1.011e-16
5985.073 1.010e-16
5985.950 1.007e-16
5986.827 1.003e-16
5987.703 1.008e-16
5988.580 1.008e-16
5989.457 1.009e-16
5990.333 1.008e-16
5991.210 1.010e-16
5992.087 1.009e-16
5992.963 1.011e-16
5993.840 1.011e-16
5994.717 1.009e-16
5995.593 1.011e-16
5996.470 1.013e-16
5997.347 1.012e-16
5998.223 1.010e-16
5999.100 1.007e-16
5999.977 1.006e-16
6000.853 1.005e-16
6001.730 1.003e-16
6002.607 1.002e-16
6003.483 1.001e-16
6004.360 9.976e-17
6005.237 9.974e-17
6006.113 9.958e-17
6006.990 9.948e-17
6007.867 9.949e-17
6008.743 9.946e-17
6009.620 9.950e-17
6010.497 9.951e-17
6011.373 9.951e-17
6012.250 9.952e-17
6013.127 9.948e-17
6014.003 9.953e-17
6014.880 9.954e-17
6015.757 9.954e-17
6016.633 9.951e-17
6017.510 9.899e-17
6018.387 9.922e-17
6019.263 9.905e-17
6020.140 9.888e-17
6021.017 9.872e-17
6021.893 9.855e-17
6022.770 9.838e-17
6023.647 9.821e-17
6024.523 9.804e-17
6025.400 9.787e-17
6026.277 9.771e-17
6027.153 9.779e-17
6028.030 9.804e-17
6028.907 9.842e-17
6029.783 9.872e-17
6030.660 9.904e-17
6031.537 9.937e-17
6032.413 9.968e-17
6033.290 1.000e-16
6034.167 1.003e-16
6035.043 1.006e-16
6035.920 1.097e-16
6036.797 1.012e-16
6037.673 1.011e-16
6038.550 1.011e-16
6039.427 1.010e-16
6040.303 1.010e-16
6041.180 1.009e-16
6042.057 1.008e-16
6042.933 1.008e-16
6043.810 1.007e-16
6044.687 1.006e-16
6045.563 1.006e-16
6046.440 1.005e-16
6047.317 1.004e-16
6048.193 1.003e-16
6049.070 1.003e-16
6049.947 1.002e-16
6050.823 1.001e-16
6051.700 1.000e-16
6052.577 9.998e-17
6053.453 9.990e-17
6054.330 9.983e-17
6055.207 9.976e-17
6056.083 9.968e-17
6056.960 9.962e-17
6057.837 9.959e-17
6058.713 9.956e-17
6059.590 9.953e-17
6060.467 9.950e-17
6061.343 9.947e-17
6062.220 9.944e-17
6063.097 9.941e-17
6063.973 9.938e-17
6064.850 9.935e-17
6065.727 9.932e-17
6066.603 9.929e-17
6067.480 9.927e-17
6068.357 9.924e-17
6069.233 9.922e-17
6070.110 9.921e-17
6070.987 9.919e-17
6071.863 9.917e-17
6072.740 9.915e-17
6073.617 9.913e-17
6074.493 9.911e-17
6075.370 9.909e-17
6076.247 9.907e-17
6077.123 9.902e-17
6078.000 9.894e-17
6078.877 9.886e-17
6079.753 9.878e-17
6080.630 9.869e-17
6081.507 9.861e-17
6082.383 9.852e-17
6083.260 9.844e-17
6084.137 9.836e-17
6085.013 9.828e-17
6085.890 9.820e-17
6086.767 9.812e-17
6087.643 9.811e-17
6088.520 9.811e-17
6089.397 9.810e-17
6090.273 9.809e-17
6091.150 9.808e-17
6092.027 9.808e-17
6092.903 9.807e-17
6093.780 9.807e-17
6094.657 9.806e-17
6095.533 9.806e-17
6096.410 9.805e-17
6097.287 9.791e-17
6098.163 9.770e-17
6099.040 9.750e-17
6099.917 9.729e-17
6100.793 9.709e-17
6101.670 9.688e-17
6102.547 9.668e-17
6103.423 9.647e-17
6104.300 9.627e-17
6105.177 9.607e-17
6106.053 9.586e-17
6106.930 9.576e-17
6107.807 9.595e-17
6108.683 9.614e-17
6109.560 9.633e-17
6110.437 9.652e-17
6111.313 9.672e-17
6112.190 9.691e-17
6113.067 9.710e-17
6113.943 9.729e-17
6114.820 9.748e-17
6115.697 9.767e-17
6116.573 9.786e-17
6117.450 9.771e-17
6118.327 9.750e-17
6119.203 9.730e-17
6120.080 9.709e-17
6120.957 9.689e-17
6121.833 9.668e-17
6122.710 9.648e-17
6123.587 9.627e-17
6124.463 9.607e-17
6125.340 9.586e-17
6126.217 9.565e-17
6127.093 9.549e-17
6127.970 9.537e-17
6128.847 9.525e-17
6129.723 9.514e-17
6130.600 9.502e-17
6131.477 9.490e-17
6132.353 9.478e-17
6133.230 9.467e-17
6134.107 9.455e-17
6134.983 9.443e-17
6135.860 9.432e-17
6136.737 9.421e-17
6137.613 9.434e-17
6138.490 1.072e-16
6139.367 9.460e-17
6140.243 9.472e-17
6141.120 1.222e-16
6141.997 9.498e-17
6142.873 9.511e-17
6143.750 9.523e-17
6144.627 9.536e-17
6145.503 9.549e-17
6146.380 9.561e-17
6147.257 9.565e-17
6148.133 9.564e-17
6149.010 9.562e-17
6149.887 9.561e-17
6150.763 9.559e-17
6151.640 9.558e-17
6152.517 9.557e-17
6153.393 9.555e-17
6154.270 9.554e-17
6155.147 9.552e-17
6156.023 9.551e-17
6156.900 9.538e-17
6157.777 9.492e-17
6158.653 9.438e-17
6159.530 9.388e-17
6160.407 9.337e-17
6161.283 9.287e-17
6162.160 9.237e-17
6163.037 9.187e-17
6163.913 9.136e-17
6164.790 9.086e-17
6165.667 9.036e-17
6166.543 8.986e-17
6167.420 9.014e-17
6168.297 9.058e-17
6169.173 9.103e-17
6170.050 9.147e-17
6170.927 9.191e-17
6171.803 9.235e-17
6172.680 9.280e-17
6173.557 9.324e-17
6174.433 9.368e-17
6175.310 9.413e-17
6176.187 9.457e-17
6177.063 9.485e-17
6177.940 1.131e-16
6178.817 9.498e-17
6179.693 9.504e-17
6180.570 9.511e-17
6181.447 9.517e-17
6182.323 9.523e-17
6183.200 9.529e-17
6184.077 9.536e-17
6184.953 9.542e-17
6185.830 9.548e-17
6186.707 9.554e-17
6187.583 9.544e-17
6188.460 9.535e-17
6189.337 9.525e-17
6190.213 9.515e-17
6191.090 9.506e-17
6191.967 9.496e-17
6192.843 9.487e-17
6193.720 9.477e-17
6194.597 1.198e-16
6195.473 9.457e-17
6196.350 9.447e-17
6197.227 9.450e-17
6198.103 9.461e-17
6198.980 9.471e-17
6199.857 9.482e-17
6200.733 9.493e-17
6201.610 9.504e-17
6202.487 9.514e-17
6203.363 9.525e-17
6204.240 9.536e-17
6205.117 9.546e-17
6205.993 9.557e-17
6206.870 9.561e-17
6207.747 9.538e-17
6208.623 9.516e-17
6209.500 9.494e-17
6210.377 9.471e-17
6211.253 9.449e-17
6212.130 9.427e-17
6213.007 9.404e-17
6213.883 9.382e-17
6214.760 1.255e-16
6215.637 9.337e-17
6216.513 9.315e-17
6217.390 9.317e-17
6218.267 9.326e-17
6219.143 9.334e-17
6220.020 9.343e-17
6220.897 9.351e-17
6221.773 9.360e-17
6222.650 9.369e-17
6223.527 2.079e-16
6224.403 9.386e-17
6225.280 9.394e-17
6226.157 9.403e-17
6227.033 9.399e-17
6227.910 9.375e-17
6228.787 9.352e-17
6229.663 9.328e-17
6230.540 9.304e-17
6231.417 9.280e-17
6232.293 9.256e-17
6233.170 9.233e-17
6234.047 9.209e-17
6234.923 9.185e-17
6235.800 9.161e-17
6236.677 9.138e-17
6237.553 9.131e-17
6238.430 9.124e-17
6239.307 9.117e-17
6240.183 9.111e-17
6241.060 9.104e-17
6241.937 1.663e-16
6242.813 9.090e-17
6243.690 9.084e-17
6244.567 9.077e-17
6245.443 2.009e-16
6246.320 9.063e-17
6247.197 9.053e-17
6248.073 9.038e-17
6248.950 9.027e-17
6249.827 9.014e-17
6250.703 9.001e-17
6251.580 8.988e-17
6252.457 8.975e-17
6253.333 8.962e-17
6254.210 8.949e-17
6255.087 8.936e-17
6255.963 8.923e-17
6256.840 8.916e-17
6257.717 8.944e-17
6258.593 9.032e-17
6259.470 9.000e-17
6260.347 9.026e-17
6261.223 9.055e-17
6262.100 9.083e-17
6262.977 9.110e-17
6263.853 9.138e-17
6264.730 9.167e-17
6265.607 9.194e-17
6266.483 9.222e-17
6267.360 9.227e-17
6268.237 9.225e-17
6269.113 9.222e-17
6269.990 1.040e-16
6270.867 9.218e-17
6271.743 9.217e-17
6272.620 9.215e-17
6273.497 9.212e-17
6274.373 9.201e-17
6275.250 9.209e-17
6276.127 9.207e-17
6277.003 9.164e-17
6277.880 9.203e-17
6278.757 9.144e-17
6279.633 9.134e-17
6280.510 9.129e-17
6281.387 9.185e-17
6282.263 9.137e-17
6283.140 9.181e-17
6284.017 9.184e-17
6284.893 9.187e-17
6285.770 9.181e-17
6286.647 9.177e-17
6287.523 9.077e-17
6288.400 9.164e-17
6289.277 9.146e-17
6290.153 9.142e-17
6291.030 9.064e-17
6291.907 8.553e-17
6292.783 9.109e-17
6293.660 9.091e-17
6294.537 9.059e-17
6295.413 9.077e-17
6296.290 9.059e-17
6297.167 9.045e-17
6298.043 9.455e-17
6298.920 9.008e-17
6299.797 9.013e-17
6300.673 8.995e-17
6301.550 8.988e-17
6302.427 8.976e-17
6303.303 8.962e-17
6304.180 8.945e-17
6305.057 8.936e-17
6305.933 8.924e-17
6306.810 8.910e-17
6307.687 8.870e-17
6308.563 8.880e-17
6309.440 8.872e-17
6310.317 9.708e-17
6311.193 8.827e-17
6312.070 8.836e-17
6312.947 8.840e-17
6313.823 8.842e-17
6314.700 8.837e-17
6315.577 8.844e-17
6316.453 8.843e-17
6317.330 8.847e-17
6318.207 8.844e-17
6319.083 8.840e-17
6319.960 8.851e-17
6320.837 8.851e-17
6321.713 8.804e-17
6322.590 8.855e-17
6323.467 8.857e-17
6324.343 8.853e-17
6325.220 8.858e-17
6326.097 8.857e-17
6326.973 8.863e-17
6327.850 8.863e-17
6328.727 8.866e-17
6329.603 8.868e-17
6330.480 8.862e-17
6331.357 8.791e-17
6332.233 8.872e-17
6333.110 8.872e-17
6333.987 8.870e-17
6334.863 8.870e-17
6335.740 8.872e-17
6336.617 8.872e-17
6337.493 8.872e-17
6338.370 8.872e-17
6339.247 8.871e-17
6340.123 8.872e-17
6341.000 8.873e-17
6341.877 8.856e-17
6342.753 8.872e-17
6343.630 8.873e-17
6344.507 8.873e-17
6345.383 8.874e-17
6346.260 8.874e-17
6347.137 8.874e-17
6348.013 8.874e-17
6348.890 8.868e-17
6349.767 8.874e-17
6350.643 8.874e-17
6351.520 8.874e-17
6352.397 8.861e-17
6353.273 8.865e-17
6354.150 8.868e-17
6355.027 8.869e-17
6355.903 8.868e-17
6356.780 8.866e-17
6357.657 8.865e-17
6358.533 8.863e-17
6359.410 8.861e-17
6360.287 8.858e-17
6361.163 8.848e-17
6362.040 8.857e-17
6362.917 8.844e-17
6363.793 8.854e-17
6364.670 8.852e-17
6365.547 2.853e-15
6366.423 8.849e-17
6367.300 8.848e-17
6368.177 8.846e-17
6369.053 8.845e-17
6369.930 8.843e-17
6370.807 8.840e-17
6371.683 8.840e-17
6372.560 8.838e-17
6373.437 8.833e-17
6374.313 8.835e-17
6375.190 8.829e-17
6376.067 8.831e-17
6376.943 8.827e-17
6377.820 8.828e-17
6378.697 8.826e-17
6379.573 8.824e-17
6380.450 8.822e-17
6381.327 8.820e-17
6382.203 8.818e-17
6383.080 8.815e-17
6383.957 8.814e-17
6384.833 8.812e-17
6385.710 8.810e-17
6386.587 8.808e-17
6387.463 8.806e-17
6388.340 1.075e-16
6389.217 8.801e-17
6390.093 8.800e-17
6390.970 8.799e-17
6391.847 8.797e-17
6392.723 8.786e-17
6393.600 8.778e-17
6394.477 8.767e-17
6395.353 8.759e-17
6396.230 8.745e-17
6397.107 8.739e-17
6397.983 8.730e-17
6398.860 8.720e-17
6399.737 8.711e-17
6400.613 8.699e-17
6401.490 8.691e-17
6402.367 8.679e-17
6403.243 8.672e-17
6404.120 8.662e-17
6404.997 8.652e-17
6405.873 8.640e-17
6406.750 8.633e-17
6407.627 8.624e-17
6408.503 8.612e-17
6409.380 8.603e-17
6410.257 8.594e-17
6411.133 8.584e-17
6412.010 8.577e-17
6412.887 8.576e-17
6413.763 8.578e-17
6414.640 8.576e-17
6415.517 1.176e-16
6416.393 8.578e-17
6417.270 8.578e-17
6418.147 8.577e-17
6419.023 8.578e-17
6419.900 8.578e-17
6420.777 8.579e-17
6421.653 8.578e-17
6422.530 8.578e-17
6423.407 8.579e-17
6424.283 8.579e-17
6425.160 8.578e-17
6426.037 8.579e-17
6426.913 8.579e-17
6427.790 8.580e-17
6428.667 8.579e-17
6429.543 8.580e-17
6430.420 8.580e-17
6431.297 8.576e-17
6432.173 8.577e-17
6433.050 8.579e-17
6433.927 8.580e-17
6434.803 8.568e-17
6435.680 8.579e-17
6436.557 8.579e-17
6437.433 8.580e-17
6438.310 8.580e-17
6439.187 8.579e-17
6440.063 8.579e-17
6440.940 8.579e-17
6441.817 8.577e-17
6442.693 8.578e-17
6443.570 8.578e-17
6444.447 8.578e-17
6445.323 8.565e-17
6446.200 8.573e-17
6447.077 8.571e-17
6447.953 8.577e-17
6448.830 8.573e-17
6449.707 8.531e-17
6450.583 8.576e-17
6451.460 8.570e-17
6452.337 8.571e-17
6453.213 8.555e-17
6454.090 8.558e-17
6454.967 8.543e-17
6455.843 8.526e-17
6456.720 8.535e-17
6457.597 8.530e-17
6458.473 8.522e-17
6459.350 8.514e-17
6460.227 8.508e-17
6461.103 8.501e-17
6461.980 8.469e-17
6462.857 8.487e-17
6463.733 8.457e-17
6464.610 8.474e-17
6465.487 8.457e-17
6466.363 8.454e-17
6467.240 8.446e-17
6468.117 8.411e-17
6468.993 8.438e-17
6469.870 8.427e-17
6470.747 8.424e-17
6471.623 8.410e-17
6472.500 8.407e-17
6473.377 8.396e-17
6474.253 8.188e-17
6475.130 8.362e-17
6476.007 8.355e-17
6476.883 8.165e-17
6477.760 8.310e-17
6478.637 8.320e-17
6479.513 8.310e-17
6480.390 8.302e-17
6481.267 8.219e-17
6482.143 8.273e-17
6483.020 8.266e-17
6483.897 8.255e-17
6484.773 8.237e-17
6485.650 8.129e-17
6486.527 8.190e-17
6487.403 8.172e-17
6488.280 8.191e-17
6489.157 8.158e-17
6490.033 8.170e-17
6490.910 8.032e-17
6491.787 8.150e-17
6492.663 8.042e-17
6493.540 8.168e-17
6494.417 8.172e-17
6495.293 8.183e-17
6496.170 8.225e-17
6497.047 8.201e-17
6497.923 8.204e-17
6498.800 8.221e-17
6499.677 8.228e-17
6500.553 4.648e-16
6501.430 8.249e-17
6502.307 8.259e-17
6503.183 8.263e-17
6504.060 8.277e-17
6504.937 8.287e-17
6505.813 8.293e-17
6506.690 8.307e-17
6507.567 8.316e-17
6508.443 8.326e-17
6509.320 8.333e-17
6510.197 8.339e-17
6511.073 8.354e-17
6511.950 8.362e-17
6512.827 8.360e-17
6513.703 8.334e-17
6514.580 8.354e-17
6515.457 8.325e-17
6516.333 8.334e-17
6517.210 8.345e-17
6518.087 8.331e-17
6518.963 8.277e-17
6519.840 8.230e-17
6520.717 8.332e-17
6521.593 8.332e-17
6522.470 8.329e-17
6523.347 8.330e-17
6524.223 2.451e-16
6525.100 8.280e-17
6525.977 8.319e-17
6526.853 8.320e-17
6527.730 8.315e-17
6528.607 8.316e-17
6529.483 8.308e-17
6530.360 8.311e-17
6531.237 8.308e-17
6532.113 8.300e-17
6532.990 8.285e-17
6533.867 8.265e-17
6534.743 8.370e-17
6535.620 8.232e-17
6536.497 8.198e-17
6537.373 8.207e-17
6538.250 8.190e-17
6539.127 8.174e-17
6540.003 8.158e-17
6540.880 8.145e-17
6541.757 8.129e-17
6542.633 8.397e-17
6543.510 8.098e-17
6544.387 8.080e-17
6545.263 8.064e-17
6546.140 8.047e-17
6547.017 8.035e-17
6547.893 9.538e-17
6548.770 8.002e-17
6549.647 7.977e-17
6550.523 7.908e-17
6551.400 7.958e-17
6552.277 7.933e-17
6553.153 7.900e-17
6554.030 7.863e-17
6554.907 7.831e-17
6555.783 7.795e-17
6556.660 7.765e-17
6557.537 7.732e-17
6558.413 7.700e-17
6559.290 7.665e-17
6560.167 7.632e-17
6561.043 7.601e-17
6561.920 7.567e-17
6562.797 7.528e-17
6563.673 7.499e-17
6564.550 1.546e-16
6565.427 7.420e-17
6566.303 7.398e-17
6567.180 7.368e-17
6568.057 7.335e-17
6568.933 7.302e-17
6569.810 7.269e-17
6570.687 7.357e-17
6571.563 7.203e-17
6572.440 7.204e-17
6573.317 7.250e-17
6574.193 7.287e-17
6575.070 7.325e-17
6575.947 7.360e-17
6576.823 7.373e-17
6577.700 7.430e-17
6578.577 7.465e-17
6579.453 7.500e-17
6580.330 7.535e-17
6581.207 7.570e-17
6582.083 7.602e-17
6582.960 7.639e-17
6583.837 7.673e-17
6584.713 7.709e-17
6585.590 8.147e-17
6586.467 7.779e-17
6587.343 7.813e-17
6588.220 7.836e-17
6589.097 7.884e-17
6589.973 7.919e-17
6590.850 7.954e-17
6591.727 7.989e-17
6592.603 7.995e-17
6593.480 7.998e-17
6594.357 8.003e-17
6595.233 7.998e-17
6596.110 7.997e-17
6596.987 8.014e-17
6597.863 8.017e-17
6598.740 8.020e-17
6599.617 8.026e-17
6600.493 8.027e-17
6601.370 8.031e-17
6602.247 8.032e-17
6603.123 8.041e-17
6604.000 8.015e-17
6604.877 8.049e-17
6605.753 8.054e-17
6606.630 8.053e-17
6607.507 8.058e-17
6608.383 8.064e-17
6609.260 8.067e-17
6610.137 8.071e-17
6611.013 8.075e-17
6611.890 8.074e-17
6612.767 8.073e-17
6613.643 8.059e-17
6614.520 8.063e-17
6615.397 8.060e-17
6616.273 8.055e-17
6617.150 8.051e-17
6618.027 8.046e-17
6618.903 8.042e-17
6619.780 8.037e-17
6620.657 8.030e-17
6621.533 8.027e-17
6622.410 8.024e-17
6623.287 8.018e-17
6624.163 8.015e-17
6625.040 8.010e-17
6625.917 8.006e-17
6626.793 8.001e-17
6627.670 7.997e-17
6628.547 7.992e-17
6629.423 1.157e-16
6630.300 7.983e-17
6631.177 7.979e-17
6632.053 7.976e-17
6632.930 7.974e-17
6633.807 7.975e-17
6634.683 7.975e-17
6635.560 7.975e-17
6636.437 7.976e-17
6637.313 7.976e-17
6638.190 7.976e-17
6639.067 7.976e-17
6639.943 7.976e-17
6640.820 7.976e-17
6641.697 7.976e-17
6642.573 7.976e-17
6643.450 7.976e-17
6644.327 7.976e-17
6645.203 7.976e-17
6646.080 7.976e-17
6646.957 7.976e-17
6647.833 7.976e-17
6648.710 7.976e-17
6649.587 7.976e-17
6650.463 7.976e-17
6651.340 7.975e-17
6652.217 7.971e-17
6653.093 7.963e-17
6653.970 7.954e-17
6654.847 7.946e-17
6655.723 7.938e-17
6656.600 7.930e-17
6657.477 7.922e-17
6658.353 7.913e-17
6659.230 7.905e-17
6660.107 7.897e-17
6660.983 7.889e-17
6661.860 7.881e-17
6662.737 7.873e-17
6663.613 7.992e-17
6664.490 7.856e-17
6665.367 7.848e-17
6666.243 7.840e-17
6667.120 7.832e-17
6667.997 7.824e-17
6668.873 7.816e-17
6669.750 8.207e-17
6670.627 7.800e-17
6671.503 7.791e-17
6672.380 7.788e-17
6673.257 7.788e-17
6674.133 7.786e-17
6675.010 7.787e-17
6675.887 7.787e-17
6676.763 7.785e-17
6677.640 7.786e-17
6678.517 7.785e-17
6679.393 7.785e-17
6680.270 7.784e-17
6681.147 7.784e-17
6682.023 7.784e-17
6682.900 7.783e-17
6683.777 7.783e-17
6684.653 7.782e-17
6685.530 7.776e-17
6686.407 7.781e-17
6687.283 7.781e-17
6688.160 7.781e-17
6689.037 7.780e-17
6689.913 7.779e-17
6690.790 7.779e-17
6691.667 7.779e-17
6692.543 7.771e-17
6693.420 7.762e-17
6694.297 7.753e-17
6695.173 7.744e-17
6696.050 7.734e-17
6696.927 7.725e-17
6697.803 7.716e-17
6698.680 7.707e-17
6699.557 7.698e-17
6700.433 7.689e-17
6701.310 7.680e-17
6702.187 7.671e-17
6703.063 7.662e-17
6703.940 7.653e-17
6704.817 7.644e-17
6705.693 7.635e-17
6706.570 8.198e-17
6707.447 7.616e-17
6708.323 7.607e-17
6709.200 7.598e-17
6710.077 7.589e-17
6710.953 7.580e-17
6711.830 7.571e-17
6712.707 7.569e-17
6713.583 7.567e-17
6714.460 7.566e-17
6715.337 7.564e-17
6716.213 7.562e-17
6717.090 7.561e-17
6717.967 7.559e-17
6718.843 7.640e-17
6719.720 7.556e-17
6720.597 7.554e-17
6721.473 7.552e-17
6722.350 7.550e-17
6723.227 7.549e-17
6724.103 7.547e-17
6724.980 7.545e-17
6725.857 7.543e-17
6726.733 7.542e-17
6727.610 7.540e-17
6728.487 7.538e-17
6729.363 7.537e-17
6730.240 7.535e-17
6731.117 7.533e-17
6731.993 7.890e-17
6732.870 7.526e-17
6733.747 7.521e-17
6734.623 7.516e-17
6735.500 7.511e-17
6736.377 7.506e-17
6737.253 7.501e-17
6738.130 7.496e-17
6739.007 7.491e-17
6739.883 7.486e-17
6740.760 7.481e-17
6741.637 7.476e-17
6742.513 7.471e-17
6743.390 7.465e-17
6744.267 7.460e-17
6745.143 7.455e-17
6746.020 7.502e-17
6746.897 7.445e-17
6747.773 7.440e-17
6748.650 7.435e-17
6749.527 7.430e-17
6750.403 7.425e-17
6751.280 7.420e-17
6752.157 7.416e-17
6753.033 7.413e-17
6753.910 7.410e-17
6754.787 7.407e-17
6755.663 7.404e-17
6756.540 7.400e-17
6757.417 7.397e-17
6758.293 7.394e-17
6759.170 7.391e-17
6760.047 7.388e-17
6760.923 7.385e-17
6761.800 7.382e-17
6762.677 7.379e-17
6763.553 7.376e-17
6764.430 7.373e-17
6765.307 7.370e-17
6766.183 7.367e-17
6767.060 7.364e-17
6767.937 7.361e-17
6768.813 7.358e-17
6769.690 7.355e-17
6770.567 7.352e-17
6771.443 7.349e-17
6772.320 7.345e-17
6773.197 7.340e-17
6774.073 7.335e-17
6774.950 7.331e-17
6775.827 7.326e-17
6776.703 7.321e-17
6777.580 7.316e-17
6778.457 7.312e-17
6779.333 7.307e-17
6780.210 7.302e-17
6781.087 7.298e-17
6781.963 7.293e-17
6782.840 7.288e-17
6783.717 7.284e-17
6784.593 7.279e-17
6785.470 7.274e-17
6786.347 7.270e-17
6787.223 7.265e-17
6788.100 7.260e-17
6788.977 7.255e-17
6789.853 7.251e-17
6790.730 7.246e-17
6791.607 7.241e-17
6792.483 7.237e-17
6793.360 7.233e-17
6794.237 7.229e-17
6795.113 7.226e-17
6795.990 7.222e-17
6796.867 7.218e-17
6797.743 7.214e-17
6798.620 7.209e-17
6799.497 7.206e-17
6800.373 7.202e-17
6801.250 7.198e-17
6802.127 7.194e-17
6803.003 7.191e-17
6803.880 7.187e-17
6804.757 7.183e-17
6805.633 7.177e-17
6806.510 7.175e-17
6807.387 7.171e-17
6808.263 7.167e-17
6809.140 7.163e-17
6810.017 7.160e-17
6810.893 7.156e-17
6811.770 7.152e-17
6812.647 7.146e-17
6813.523 7.141e-17
6814.400 7.136e-17
6815.277 7.131e-17
6816.153 7.126e-17
6817.030 7.120e-17
6817.907 7.115e-17
6818.783 7.106e-17
6819.660 7.104e-17
6820.537 7.099e-17
6821.413 7.094e-17
6822.290 7.089e-17
6823.167 7.083e-17
6824.043 7.078e-17
6824.920 7.071e-17
6825.797 7.067e-17
6826.673 7.062e-17
6827.550 7.056e-17
6828.427 7.052e-17
6829.303 8.579e-17
6830.180 7.041e-17
6831.057 7.033e-17
6831.933 7.031e-17
6832.810 7.023e-17
6833.687 7.016e-17
6834.563 1.401e-16
6835.440 7.000e-17
6836.317 4.671e-16
6837.193 6.986e-17
6838.070 6.979e-17
6838.947 6.971e-17
6839.823 6.964e-17
6840.700 6.956e-17
6841.577 7.903e-17
6842.453 6.942e-17
6843.330 6.934e-17
6844.207 6.923e-17
6845.083 6.920e-17
6845.960 6.912e-17
6846.837 6.905e-17
6847.713 6.897e-17
6848.590 6.890e-17
6849.467 6.883e-17
6850.343 6.876e-17
6851.220 6.868e-17
6852.097 6.863e-17
6852.973 6.862e-17
6853.850 6.862e-17
6854.727 6.862e-17
6855.603 6.861e-17
6856.480 6.861e-17
6857.357 6.861e-17
6858.233 6.861e-17
6859.110 6.861e-17
6859.987 6.860e-17
6860.863 6.860e-17
6861.740 6.860e-17
6862.617 6.858e-17
6863.493 6.858e-17
6864.370 6.858e-17
6865.247 6.857e-17
6866.123 6.852e-17
6867.000 7.338e-17
6867.877 6.844e-17
6868.753 6.805e-17
6869.630 6.504e-17
6870.507 4.022e-17
6871.383 6.453e-17
6872.260 6.581e-17
6873.137 1.185e-17
6874.013 5.241e-17
6874.890 5.504e-17
6875.767 3.244e-17
6876.643 3.971e-17
6877.520 1.582e-17
6878.397 6.293e-17
6879.273 6.521e-17
6880.150 7.073e-17
6881.027 4.470e-17
6881.903 5.105e-17
6882.780 7.066e-17
6883.657 6.791e-17
6884.533 7.487e-17
6885.410 6.702e-17
6886.287 6.767e-17
6887.163 6.691e-17
6888.040 6.608e-17
6888.917 6.388e-17
6889.793 6.729e-17
6890.670 6.042e-17
6891.547 6.273e-17
6892.423 6.686e-17
6893.300 6.718e-17
6894.177 3.914e-17
6895.053 5.525e-17
6895.930 6.683e-17
6896.807 6.642e-17
6897.683 6.350e-17
6898.560 6.341e-17
6899.437 6.613e-17
6900.313 6.699e-17
6901.190 6.668e-17
6902.067 6.254e-17
6902.943 5.926e-17
6903.820 6.676e-17
6904.697 6.682e-17
6905.573 6.625e-17
6906.450 6.486e-17
6907.327 6.575e-17
6908.203 6.666e-17
6909.080 6.663e-17
6909.957 6.634e-17
6910.833 6.583e-17
6911.710 6.592e-17
6912.587 6.628e-17
6913.463 6.614e-17
6914.340 6.646e-17
6915.217 5.990e-17
6916.093 5.589e-17
6916.970 6.641e-17
6917.847 6.639e-17
6918.723 6.637e-17
6919.600 6.620e-17
6920.477 6.609e-17
6921.353 6.607e-17
6922.230 6.622e-17
6923.107 6.623e-17
6923.983 6.618e-17
6924.860 6.598e-17
6925.737 6.583e-17
6926.613 6.637e-17
6927.490 6.589e-17
6928.367 6.600e-17
6929.243 7.145e-17
6930.120 6.602e-17
6930.997 6.420e-17
6931.873 6.486e-17
6932.750 6.575e-17
6933.627 6.515e-17
6934.503 6.585e-17
6935.380 6.447e-17
6936.257 6.436e-17
6937.133 5.831e-17
6938.010 6.547e-17
6938.887 6.540e-17
6939.763 6.513e-17
6940.640 6.552e-17
6941.517 1.450e-16
6942.393 6.491e-17
6943.270 6.480e-17
6944.147 6.270e-17
6945.023 6.529e-17
6945.900 6.489e-17
6946.777 6.520e-17
6947.653 6.518e-17
6948.530 6.289e-17
6949.407 5.671e-17
6950.283 6.500e-17
6951.160 2.456e-16
6952.037 6.493e-17
6952.913 6.480e-17
6953.790 6.480e-17
6954.667 6.476e-17
6955.543 6.229e-17
6956.420 6.497e-17
6957.297 6.448e-17
6958.173 6.754e-17
6959.050 6.441e-17
6959.927 6.434e-17
6960.803 6.426e-17
6961.680 6.401e-17
6962.557 6.380e-17
6963.433 6.392e-17
6964.310 6.409e-17
6965.187 6.404e-17
6966.063 6.396e-17
6966.940 6.353e-17
6967.817 6.386e-17
6968.693 6.373e-17
6969.570 6.358e-17
6970.447 6.368e-17
6971.323 6.362e-17
6972.200 6.355e-17
6973.077 6.333e-17
6973.953 6.358e-17
6974.830 6.356e-17
6975.707 6.355e-17
6976.583 6.350e-17
6977.460 6.354e-17
6978.337 6.353e-17
6979.213 6.341e-17
6980.090 6.351e-17
6980.967 6.349e-17
6981.843 6.351e-17
6982.720 6.350e-17
6983.597 6.341e-17
6984.473 6.560e-17
6985.350 6.724e-17
6986.227 6.346e-17
6987.103 6.343e-17
6987.980 6.341e-17
6988.857 6.337e-17
6989.733 6.264e-17
6990.610 6.331e-17
6991.487 6.340e-17
6992.363 6.186e-17
6993.240 6.327e-17
6994.117 6.318e-17
6994.993 6.304e-17
6995.870 6.270e-17
6996.747 6.286e-17
6997.623 6.281e-17
6998.500 6.740e-17
6999.377 6.262e-17
7000.253 6.244e-17
7001.130 6.207e-17
7002.007 6.235e-17
7002.883 6.908e-17
7003.760 6.225e-17
7004.637 6.199e-17
7005.513 6.199e-17
7006.390 6.116e-17
7007.267 6.380e-17
7008.143 6.114e-17
7009.020 6.157e-17
7009.897 6.153e-17
7010.773 6.145e-17
7011.650 6.124e-17
7012.527 6.117e-17
7013.403 6.106e-17
7014.280 6.123e-17
7015.157 6.127e-17
7016.033 6.121e-17
7016.910 6.079e-17
7017.787 6.053e-17
7018.663 6.106e-17
7019.540 6.118e-17
7020.417 6.120e-17
7021.293 6.009e-17
7022.170 6.097e-17
7023.047 6.115e-17
7023.923 6.115e-17
7024.800 6.109e-17
7025.677 6.096e-17
7026.553 6.107e-17
7027.430 6.110e-17
7028.307 6.020e-17
7029.183 6.080e-17
7030.060 6.094e-17
7030.937 6.074e-17
7031.813 6.102e-17
7032.690 6.097e-17
7033.567 6.108e-17
7034.443 6.112e-17
7035.320 6.116e-17
7036.197 6.118e-17
7037.073 6.122e-17
7037.950 6.117e-17
7038.827 6.127e-17
7039.703 6.122e-17
7040.580 6.129e-17
7041.457 6.126e-17
7042.333 6.144e-17
7043.210 1.068e-16
7044.087 6.153e-17
7044.963 6.158e-17
7045.840 6.160e-17
7046.717 6.158e-17
7047.593 6.170e-17
7048.470 6.169e-17
7049.347 6.139e-17
7050.223 6.165e-17
7051.100 7.552e-17
7051.977 6.188e-17
7052.853 6.007e-17
7053.730 6.168e-17
7054.607 6.118e-17
7055.483 6.161e-17
7056.360 6.615e-17
7057.237 6.166e-17
7058.113 6.157e-17
7058.990 5.999e-17
7059.867 6.153e-17
7060.743 6.144e-17
7061.620 6.132e-17
7062.497 6.097e-17
7063.373 6.118e-17
7064.250 6.738e-17
7065.127 6.131e-17
7066.003 6.123e-17
7066.880 6.119e-17
7067.757 6.109e-17
7068.633 6.115e-17
7069.510 7.136e-17
7070.387 6.109e-17
7071.263 6.106e-17
7072.140 6.103e-17
7073.017 6.099e-17
7073.893 6.064e-17
7074.770 6.091e-17
7075.647 6.076e-17
7076.523 6.081e-17
7077.400 6.075e-17
7078.277 6.075e-17
7079.153 6.067e-17
7080.030 6.054e-17
7080.907 6.052e-17
7081.783 6.047e-17
7082.660 6.056e-17
7083.537 6.052e-17
7084.413 6.083e-17
7085.290 6.045e-17
7086.167 6.040e-17
7087.043 6.034e-17
7087.920 6.026e-17
7088.797 6.716e-17
7089.673 6.800e-17
7090.550 6.007e-17
7091.427 6.015e-17
7092.303 6.811e-17
7093.180 5.985e-17
7094.057 6.013e-17
7094.933 6.007e-17
7095.810 6.009e-17
7096.687 6.009e-17
7097.563 5.989e-17
7098.440 6.003e-17
7099.317 6.000e-17
7100.193 6.007e-17
7101.070 6.003e-17
7101.947 6.000e-17
7102.823 6.000e-17
7103.700 6.001e-17
7104.577 6.002e-17
7105.453 6.001e-17
7106.330 5.995e-17
7107.207 5.991e-17
7108.083 5.951e-17
7108.960 5.991e-17
7109.837 5.997e-17
7110.713 5.996e-17
7111.590 5.993e-17
7112.467 5.990e-17
7113.343 5.979e-17
7114.220 5.987e-17
7115.097 5.983e-17
7115.973 5.972e-17
7116.850 5.978e-17
7117.727 5.964e-17
7118.603 5.972e-17
7119.480 5.969e-17
7120.357 5.922e-17
7121.233 5.953e-17
7122.110 5.959e-17
7122.987 5.956e-17
7123.863 5.952e-17
7124.740 5.927e-17
7125.617 5.946e-17
7126.493 5.943e-17
7127.370 5.936e-17
7128.247 5.937e-17
7129.123 5.933e-17
7130.000 5.916e-17
7130.877 5.924e-17
7131.753 5.922e-17
7132.630 5.920e-17
7133.507 5.916e-17
7134.383 5.916e-17
7135.260 6.162e-17
7136.137 5.875e-17
7137.013 5.905e-17
7137.890 5.907e-17
7138.767 5.904e-17
7139.643 5.896e-17
7140.520 5.901e-17
7141.397 5.895e-17
7142.273 5.832e-17
7143.150 6.332e-17
7144.027 5.878e-17
7144.903 5.822e-17
7145.780 5.886e-17
7146.657 6.867e-17
7147.533 5.907e-17
7148.410 5.872e-17
7149.287 5.874e-17
7150.163 5.873e-17
7151.040 5.873e-17
7151.917 5.949e-17
7152.793 5.834e-17
7153.670 5.857e-17
7154.547 5.853e-17
7155.423 5.852e-17
7156.300 5.854e-17
7157.177 5.845e-17
7158.053 5.845e-17
7158.930 5.840e-17
7159.807 5.835e-17
7160.683 5.743e-17
7161.560 5.828e-17
7162.437 5.826e-17
7163.313 5.827e-17
7164.190 5.809e-17
7165.067 5.812e-17
7165.943 5.797e-17
7166.820 5.776e-17
7167.697 5.733e-17
7168.573 5.777e-17
7169.450 5.713e-17
7170.327 5.787e-17
7171.203 5.948e-17
7172.080 5.404e-17
7172.957 5.710e-17
7173.833 5.734e-17
7174.710 4.631e-17
7175.587 6.928e-17
7176.463 5.754e-17
7177.340 5.711e-17
7178.217 5.544e-17
7179.093 4.804e-17
7179.970 5.721e-17
7180.847 5.718e-17
7181.723 5.722e-17
7182.600 5.723e-17
7183.477 4.100e-17
7184.353 5.670e-17
7185.230 5.704e-17
7186.107 5.897e-17
7186.983 5.607e-17
7187.860 5.637e-17
7188.737 5.615e-17
7189.613 5.543e-17
7190.490 5.665e-17
7191.367 5.748e-17
7192.243 5.661e-17
7193.120 5.596e-17
7193.997 5.550e-17
7194.873 5.647e-17
7195.750 4.089e-17
7196.627 5.646e-17
7197.503 5.649e-17
7198.380 5.641e-17
7199.257 5.159e-17
7200.133 5.618e-17
7201.010 5.643e-17
7201.887 5.913e-17
7202.763 5.914e-17
7203.640 5.580e-17
7204.517 5.624e-17
7205.393 5.646e-17
7206.270 3.069e-17
7207.147 5.643e-17
7208.023 5.594e-17
7208.900 5.627e-17
7209.777 5.628e-17
7210.653 5.655e-17
7211.530 4.659e-17
7212.407 5.619e-17
7213.283 5.553e-17
7214.160 5.637e-17
7215.037 5.665e-17
7215.913 5.654e-17
7216.790 5.663e-17
7217.667 5.661e-17
7218.543 4.787e-17
7219.420 5.669e-17
7220.297 5.659e-17
7221.173 5.667e-17
7222.050 5.668e-17
7222.927 5.681e-17
7223.803 5.686e-17
7224.680 5.683e-17
7225.557 5.277e-17
7226.433 5.685e-17
7227.310 5.693e-17
7228.187 5.694e-17
7229.063 5.684e-17
7229.940 5.661e-17
7230.817 5.772e-17
7231.693 5.701e-17
7232.570 5.678e-17
7233.447 5.699e-17
7234.323 5.441e-17
7235.200 7.102e-17
7236.077 5.663e-17
7236.953 5.504e-17
7237.830 5.664e-17
7238.707 5.689e-17
7239.583 5.698e-17
7240.460 5.696e-17
7241.337 5.690e-17
7242.213 6.926e-16
7243.090 5.618e-17
7243.967 1.217e-16
7244.843 5.689e-17
7245.720 3.037e-17
7246.597 6.177e-17
7247.473 5.591e-17
7248.350 5.686e-17
7249.227 5.176e-17
7250.103 5.690e-17
7250.980 5.378e-17
7251.857 5.680e-17
7252.733 6.218e-17
7253.610 5.673e-17
7254.487 5.023e-17
7255.363 5.469e-17
7256.240 5.667e-17
7257.117 5.681e-17
7257.993 5.640e-17
7258.870 5.659e-17
7259.747 5.604e-17
7260.623 5.544e-17
7261.500 5.634e-17
7262.377 5.650e-17
7263.253 5.836e-17
7264.130 5.525e-17
7265.007 5.297e-17
7265.883 5.649e-17
7266.760 5.517e-17
7267.637 3.561e-17
7268.513 5.735e-17
7269.390 5.666e-17
7270.267 5.628e-17
7271.143 9.073e-17
7272.020 5.567e-17
7272.897 5.624e-17
7273.773 5.637e-17
7274.650 5.569e-17
7275.527 5.607e-17
7276.403 5.616e-17
7277.280 5.396e-17
7278.157 5.572e-17
7279.033 6.054e-17
7279.910 5.533e-17
7280.787 5.396e-17
7281.663 5.354e-17
7282.540 5.551e-17
7283.417 5.566e-17
7284.293 5.020e-17
7285.170 5.460e-17
7286.047 5.560e-17
7286.923 5.963e-17
7287.800 5.704e-17
7288.677 5.541e-17
7289.553 5.419e-17
7290.430 5.509e-17
7291.307 5.525e-17
7292.183 5.422e-17
7293.060 6.808e-17
7293.937 5.495e-17
7294.813 5.463e-17
7295.690 5.516e-17
7296.567 5.508e-17
7297.443 5.506e-17
7298.320 5.383e-17
7299.197 5.520e-17
7300.073 5.488e-17
7300.950 5.525e-17
7301.827 5.273e-17
7302.703 5.471e-17
7303.580 5.525e-17
7304.457 5.494e-17
7305.333 5.291e-17
7306.210 4.086e-17
7307.087 5.507e-17
7307.963 5.485e-17
7308.840 5.528e-17
7309.717 5.523e-17
7310.593 5.479e-17
7311.470 4.952e-17
7312.347 5.445e-17
7313.223 5.437e-17
7314.100 5.519e-17
7314.977 5.400e-17
7315.853 5.518e-17
7316.730 5.504e-17
7317.607 5.295e-17
7318.483 5.504e-17
7319.360 5.012e-17
7320.237 5.405e-17
7321.113 5.496e-17
7321.990 5.503e-17
7322.867 5.241e-17
7323.743 5.498e-17
7324.620 5.496e-17
7325.497 5.492e-17
7326.373 5.486e-17
7327.250 5.489e-17
7328.127 5.486e-17
7329.003 5.437e-17
7329.880 5.478e-17
7330.757 5.479e-17
7331.633 5.474e-17
7332.510 5.470e-17
7333.387 5.470e-17
7334.263 6.248e-17
7335.140 5.300e-17
7336.017 5.457e-17
7336.893 5.458e-17
7337.770 5.407e-17
7338.647 5.457e-17
7339.523 5.453e-17
7340.400 5.453e-17
7341.277 5.439e-17
7342.153 5.418e-17
7343.030 1.065e-16
7343.907 5.434e-17
7344.783 5.440e-17
7345.660 5.429e-17
7346.537 5.891e-17
7347.413 5.431e-17
7348.290 5.427e-17
7349.167 5.425e-17
7350.043 5.321e-17
7350.920 5.418e-17
7351.797 5.411e-17
7352.673 8.134e-17
7353.550 5.416e-17
7354.427 5.414e-17
7355.303 5.420e-17
7356.180 5.409e-17
7357.057 5.410e-17
7357.933 5.408e-17
7358.810 5.403e-17
7359.687 5.405e-17
7360.563 5.403e-17
7361.440 5.402e-17
7362.317 5.507e-17
7363.193 5.386e-17
7364.070 5.356e-17
7364.947 5.393e-17
7365.823 5.193e-17
7366.700 5.862e-17
7367.577 5.676e-17
7368.453 5.392e-17
7369.330 5.392e-17
7370.207 5.385e-17
7371.083 5.355e-17
7371.960 5.374e-17
7372.837 5.340e-17
7373.713 5.367e-17
7374.590 5.369e-17
7375.467 5.438e-17
7376.343 5.354e-17
7377.220 5.352e-17
7378.097 5.345e-17
7378.973 5.339e-17
7379.850 5.361e-17
7380.727 5.327e-17
7381.603 5.322e-17
7382.480 5.294e-17
7383.357 5.303e-17
7384.233 5.290e-17
7385.110 5.273e-17
7385.987 5.282e-17
7386.863 5.284e-17
7387.740 5.281e-17
7388.617 5.275e-17
7389.493 5.267e-17
7390.370 5.537e-17
7391.247 5.254e-17
7392.123 5.918e-17
7393.000 5.243e-17
7393.877 5.233e-17
7394.753 5.377e-17
7395.630 5.230e-17
7396.507 5.230e-17
7397.383 5.306e-17
7398.260 5.204e-17
7399.137 5.124e-17
7400.013 5.210e-17
7400.890 5.208e-17
7401.767 5.203e-17
7402.643 5.198e-17
7403.520 5.187e-17
7404.397 5.190e-17
7405.273 5.186e-17
7406.150 5.179e-17
7407.027 5.177e-17
7407.903 5.173e-17
7408.780 5.167e-17
7409.657 5.162e-17
7410.533 5.159e-17
7411.410 5.154e-17
7412.287 5.138e-17
7413.163 5.153e-17
7414.040 5.728e-17
7414.917 5.164e-17
7415.793 6.780e-17
7416.670 5.134e-17
7417.547 5.157e-17
7418.423 5.156e-17
7419.300 5.182e-17
7420.177 5.186e-17
7421.053 5.190e-17
7421.930 5.194e-17
7422.807 5.196e-17
7423.683 5.198e-17
7424.560 5.204e-17
7425.437 5.208e-17
7426.313 5.211e-17
7427.190 5.210e-17
7428.067 5.214e-17
7428.943 5.222e-17
7429.820 5.223e-17
7430.697 5.229e-17
7431.573 5.233e-17
7432.450 5.234e-17
7433.327 5.227e-17
7434.203 5.229e-17
7435.080 5.227e-17
7435.957 5.225e-17
7436.833 5.221e-17
7437.710 5.220e-17
7438.587 5.218e-17
7439.463 5.215e-17
7440.340 2.857e-16
7441.217 5.414e-17
7442.093 5.209e-17
7442.970 5.205e-17
7443.847 5.205e-17
7444.723 5.203e-17
7445.600 5.200e-17
7446.477 5.198e-17
7447.353 5.196e-17
7448.230 5.194e-17
7449.107 5.663e-17
7449.983 5.189e-17
7450.860 5.187e-17
7451.737 5.185e-17
7452.613 5.184e-17
7453.490 5.177e-17
7454.367 5.182e-17
7455.243 5.182e-17
7456.120 5.180e-17
7456.997 5.180e-17
7457.873 5.179e-17
7458.750 5.179e-17
7459.627 5.178e-17
7460.503 5.170e-17
7461.380 5.177e-17
7462.257 5.174e-17
7463.133 5.176e-17
7464.010 5.175e-17
7464.887 5.174e-17
7465.763 5.190e-17
7466.640 5.173e-17
7467.517 5.172e-17
7468.393 5.171e-17
7469.270 5.170e-17
7470.147 5.169e-17
7471.023 5.168e-17
7471.900 5.725e-17
7472.777 1.063e-16
7473.653 1.703e-16
7474.530 5.158e-17
7475.407 5.155e-17
7476.283 5.152e-17
7477.160 5.148e-17
7478.037 5.145e-17
7478.913 5.141e-17
7479.790 5.138e-17
7480.667 5.134e-17
7481.543 5.131e-17
7482.420 5.128e-17
7483.297 5.124e-17
7484.173 5.121e-17
7485.050 5.117e-17
7485.927 5.114e-17
7486.803 5.110e-17
7487.680 5.107e-17
7488.557 5.103e-17
7489.433 5.100e-17
7490.310 7.016e-17
7491.187 5.093e-17
7492.063 5.089e-17
7492.940 5.087e-17
7493.817 5.085e-17
7494.693 5.082e-17
7495.570 5.079e-17
7496.447 5.077e-17
7497.323 5.074e-17
7498.200 5.072e-17
7499.077 5.069e-17
7499.953 5.067e-17
7500.830 5.064e-17
7501.707 5.159e-17
7502.583 5.060e-17
7503.460 5.058e-17
7504.337 5.769e-17
7505.213 5.053e-17
7506.090 5.051e-17
7506.967 5.049e-17
7507.843 5.046e-17
7508.720 5.044e-17
7509.597 5.042e-17
7510.473 5.040e-17
7511.350 5.038e-17
7512.227 5.036e-17
7513.103 5.034e-17
7513.980 5.033e-17
7514.857 5.032e-17
7515.733 5.030e-17
7516.610 5.029e-17
7517.487 5.026e-17
7518.363 5.026e-17
7519.240 7.479e-17
7520.117 5.023e-17
7520.993 5.022e-17
7521.870 5.021e-17
7522.747 5.019e-17
7523.623 5.018e-17
7524.500 5.016e-17
7525.377 5.015e-17
7526.253 5.014e-17
7527.130 5.012e-17
7528.007 5.011e-17
7528.883 5.009e-17
7529.760 5.008e-17
7530.637 5.007e-17
7531.513 5.005e-17
7532.390 5.004e-17
7533.267 5.002e-17
7534.143 5.001e-17
7535.020 4.999e-17
7535.897 4.998e-17
7536.773 4.996e-17
7537.650 4.995e-17
7538.527 4.993e-17
7539.403 4.992e-17
7540.280 4.990e-17
7541.157 4.988e-17
7542.033 4.986e-17
7542.910 4.985e-17
7543.787 4.984e-17
7544.663 4.982e-17
7545.540 4.981e-17
7546.417 4.979e-17
7547.293 4.977e-17
7548.170 4.976e-17
7549.047 5.043e-17
7549.923 4.973e-17
7550.800 4.971e-17
7551.677 4.970e-17
7552.553 4.968e-17
7553.430 4.966e-17
7554.307 4.964e-17
7555.183 4.962e-17
7556.060 4.960e-17
7556.937 4.958e-17
7557.813 4.956e-17
7558.690 4.953e-17
7559.567 3.610e-16
7560.443 4.949e-17
7561.320 4.947e-17
7562.197 4.945e-17
7563.073 4.943e-17
7563.950 4.941e-17
7564.827 4.939e-17
7565.703 5.626e-17
7566.580 4.935e-17
7567.457 4.933e-17
7568.333 4.931e-17
7569.210 4.929e-17
7570.087 4.927e-17
7570.963 4.925e-17
7571.840 4.923e-17
7572.717 4.921e-17
7573.593 4.918e-17
7574.470 4.916e-17
7575.347 4.914e-17
7576.223 4.912e-17
7577.100 4.909e-17
7577.977 4.907e-17
7578.853 4.905e-17
7579.730 4.903e-17
7580.607 4.901e-17
7581.483 4.898e-17
7582.360 4.896e-17
7583.237 4.893e-17
7584.113 4.891e-17
7584.990 4.889e-17
7585.867 4.887e-17
7586.743 4.884e-17
7587.620 4.881e-17
7588.497 4.878e-17
7589.373 4.875e-17
7590.250 4.871e-17
7591.127 4.866e-17
7592.003 4.860e-17
7592.880 4.853e-17
7593.757 4.843e-17
7594.633 4.824e-17
7595.510 4.703e-17
7596.387 3.513e-17
7597.263 8.515e-18
7598.140 2.620e-17
7599.017 3.655e-17
7599.893 3.369e-17
7600.770 3.603e-20
7601.647 3.327e-17
7602.523 2.500e-19
7603.400 2.788e-17
7604.277 4.150e-18
7605.153 2.537e-17
7606.030 2.081e-17
7606.907 2.138e-17
7607.783 1.153e-20
7608.660 4.900e-18
7609.537 2.549e-17
7610.413 2.511e-17
7611.290 1.502e-19
7612.167 2.349e-17
7613.043 3.116e-17
7613.920 1.214e-17
7614.797 3.108e-17
7615.673 3.252e-17
7616.550 4.075e-17
7617.427 2.537e-17
7618.303 2.806e-18
7619.180 4.630e-17
7620.057 7.423e-17
7620.933 4.729e-17
7621.810 4.897e-17
7622.687 3.692e-17
7623.563 3.908e-17
7624.440 4.392e-17
7625.317 2.315e-19
7626.193 2.876e-17
7627.070 3.410e-17
7627.947 4.329e-17
7628.823 2.385e-17
7629.700 3.047e-17
7630.577 7.284e-17
7631.453 4.263e-17
7632.330 4.029e-17
7633.207 4.646e-19
7634.083 3.141e-18
7634.960 3.817e-17
7635.837 4.373e-17
7636.713 3.677e-17
7637.590 1.935e-17
7638.467 2.082e-20
7639.343 5.043e-17
7640.220 4.429e-17
7641.097 5.106e-17
7641.973 2.036e-17
7642.850 5.897e-21
7643.727 4.856e-17
7644.603 4.511e-17
7645.480 4.326e-17
7646.357 2.308e-19
7647.233 8.581e-18
7648.110 4.109e-17
7648.987 4.586e-17
7649.863 4.581e-17
7650.740 3.688e-17
7651.617 3.720e-17
7652.493 2.666e-17
7653.370 4.569e-17
7654.247 4.643e-17
7655.123 4.602e-17
7656.000 2.426e-17
7656.877 3.889e-17
7657.753 4.194e-17
7658.630 4.636e-17
7659.507 4.662e-17
7660.383 4.630e-17
7661.260 3.362e-17
7662.137 4.200e-17
7663.013 4.356e-17
7663.890 4.644e-17
7664.767 4.664e-17
7665.643 4.652e-17
7666.520 4.502e-17
7667.397 4.390e-17
7668.273 3.891e-17
7669.150 4.629e-17
7670.027 4.647e-17
7670.903 4.646e-17
7671.780 4.627e-17
7672.657 1.484e-17
7673.533 4.297e-17
7674.410 4.598e-17
7675.287 4.612e-17
7676.163 4.664e-17
7677.040 4.649e-17
7677.917 4.663e-17
7678.793 3.948e-17
7679.670 2.302e-17
7680.547 4.677e-17
7681.423 4.690e-17
7682.300 4.692e-17
7683.177 4.699e-17
7684.053 4.690e-17
7684.930 3.173e-17
7685.807 4.032e-17
7686.683 4.713e-17
7687.560 4.718e-17
7688.437 4.722e-17
7689.313 4.726e-17
7690.190 4.685e-17
7691.067 4.704e-17
7691.943 4.725e-17
7692.820 4.734e-17
7693.697 4.815e-17
7694.573 4.741e-17
7695.450 4.741e-17
7696.327 4.744e-17
7697.203 4.744e-17
7698.080 4.626e-17
7698.957 3.921e-17
7699.833 4.747e-17
7700.710 4.748e-17
7701.587 1.006e-16
7702.463 4.751e-17
7703.340 4.749e-17
7704.217 4.751e-17
7705.093 4.750e-17
7705.970 4.925e-17
7706.847 4.756e-17
7707.723 4.757e-17
7708.600 4.758e-17
7709.477 4.759e-17
7710.353 4.760e-17
7711.230 4.761e-17
7712.107 4.734e-17
7712.983 4.793e-17
7713.860 4.765e-17
7714.737 1.511e-15
7715.613 4.766e-17
7716.490 4.770e-17
7717.367 4.771e-17
7718.243 4.769e-17
7719.120 4.062e-16
7719.997 4.775e-17
7720.873 4.777e-17
7721.750 4.778e-17
7722.627 4.778e-17
7723.503 4.770e-17
7724.380 4.783e-17
7725.257 4.784e-17
7726.133 4.786e-17
7727.010 4.752e-17
7727.887 4.702e-17
7728.763 4.790e-17
7729.640 4.792e-17
7730.517 4.793e-17
7731.393 4.792e-17
7732.270 4.790e-17
7733.147 4.793e-17
7734.023 4.826e-17
7734.900 4.922e-17
7735.777 4.783e-17
7736.653 4.783e-17
7737.530 4.781e-17
7738.407 4.778e-17
7739.283 4.776e-17
7740.160 4.774e-17
7741.037 5.404e-17
7741.913 4.768e-17
7742.790 4.766e-17
7743.667 4.764e-17
7744.543 4.761e-17
7745.420 4.759e-17
7746.297 4.751e-17
7747.173 4.753e-17
7748.050 4.752e-17
7748.927 4.748e-17
7749.803 4.744e-17
7750.680 4.740e-17
7751.557 4.387e-16
7752.433 4.733e-17
7753.310 4.734e-17
7754.187 4.734e-17
7755.063 4.735e-17
7755.940 4.735e-17
7756.817 4.736e-17
7757.693 4.736e-17
7758.570 4.997e-17
7759.447 4.737e-17
7760.323 4.738e-17
7761.200 4.738e-17
7762.077 7.700e-17
7762.953 4.739e-17
7763.830 4.740e-17
7764.707 4.740e-17
7765.583 4.741e-17
7766.460 4.949e-17
7767.337 4.742e-17
7768.213 4.742e-17
7769.090 4.743e-17
7769.967 4.743e-17
7770.843 4.744e-17
7771.720 4.744e-17
7772.597 4.743e-17
7773.473 4.741e-17
7774.350 4.739e-17
7775.227 4.737e-17
7776.103 4.734e-17
7776.980 4.732e-17
7777.857 4.729e-17
7778.733 4.727e-17
7779.610 4.725e-17
7780.487 4.723e-17
7781.363 5.792e-17
7782.240 4.719e-17
7783.117 4.717e-17
7783.993 4.714e-17
7784.870 4.712e-17
7785.747 5.110e-17
7786.623 4.708e-17
7787.500 4.706e-17
7788.377 4.722e-17
7789.253 4.701e-17
7790.130 4.699e-17
7791.007 4.697e-17
7791.883 5.383e-17
7792.760 6.884e-17
7793.637 4.693e-17
7794.513 4.691e-17
7795.390 4.691e-17
7796.267 2.427e-15
7797.143 4.697e-17
7798.020 4.689e-17
7798.897 4.688e-17
7799.773 4.688e-17
7800.650 4.687e-17
7801.527 5.127e-17
7802.403 4.686e-17
7803.280 4.685e-17
7804.157 4.684e-17
7805.033 4.682e-17
7805.910 4.683e-17
7806.787 4.682e-17
7807.663 4.681e-17
7808.540 5.384e-17
7809.417 4.680e-17
7810.293 4.679e-17
7811.170 4.678e-17
7812.047 4.677e-17
7812.923 4.675e-17
7813.800 4.782e-17
7814.677 4.670e-17
7815.553 4.691e-17
7816.430 4.665e-17
7817.307 4.663e-17
7818.183 4.661e-17
7819.060 4.658e-17
7819.937 4.655e-17
7820.813 4.653e-17
7821.690 4.651e-17
7822.567 4.648e-17
7823.443 4.646e-17
7824.320 5.400e-17
7825.197 4.641e-17
7826.073 4.638e-17
7826.950 4.636e-17
7827.827 5.067e-17
7828.703 4.631e-17
7829.580 4.629e-17
7830.457 4.654e-17
7831.333 4.624e-17
7832.210 4.622e-17
7833.087 4.622e-17
7833.963 4.621e-17
7834.840 4.621e-17
7835.717 9.227e-17
7836.593 4.621e-17
7837.470 4.621e-17
7838.347 4.621e-17
7839.223 4.621e-17
7840.100 4.621e-17
7840.977 4.620e-17
7841.853 4.609e-17
7842.730 4.619e-17
7843.607 4.621e-17
7844.483 4.621e-17
7845.360 4.621e-17
7846.237 4.620e-17
7847.113 4.620e-17
7847.990 4.859e-17
7848.867 4.619e-17
7849.743 4.620e-17
7850.620 4.620e-17
7851.497 4.620e-17
7852.373 4.619e-17
7853.250 4.619e-17
7854.127 7.920e-17
7855.003 4.616e-17
7855.880 4.614e-17
7856.757 4.603e-17
7857.633 4.612e-17
7858.510 4.611e-17
7859.387 4.610e-17
7860.263 7.359e-17
7861.140 4.602e-17
7862.017 4.607e-17
7862.893 7.632e-17
7863.770 4.604e-17
7864.647 4.603e-17
7865.523 4.600e-17
7866.400 4.598e-17
7867.277 4.599e-17
7868.153 4.559e-17
7869.030 4.596e-17
7869.907 3.852e-16
7870.783 4.595e-17
7871.660 4.593e-17
7872.537 4.590e-17
7873.413 4.591e-17
7874.290 4.590e-17
7875.167 4.586e-17
7876.043 4.586e-17
7876.920 4.586e-17
7877.797 4.584e-17
7878.673 4.491e-17
7879.550 4.582e-17
7880.427 1.146e-16
7881.303 4.580e-17
7882.180 4.571e-17
7883.057 4.556e-17
7883.933 1.120e-16
7884.810 4.575e-17
7885.687 4.574e-17
7886.563 5.678e-17
7887.440 4.570e-17
7888.317 4.552e-17
7889.193 4.527e-17
7890.070 5.824e-17
7890.947 6.025e-17
7891.823 4.863e-16
7892.700 5.626e-17
7893.577 4.558e-17
7894.453 4.555e-17
7895.330 4.555e-17
7896.207 7.770e-17
7897.083 4.511e-17
7897.960 4.527e-17
7898.837 4.539e-17
7899.713 4.538e-17
7900.590 4.535e-17
7901.467 4.531e-17
7902.343 4.528e-17
7903.220 4.520e-17
7904.097 4.443e-17
7904.973 4.603e-17
7905.850 4.508e-17
7906.727 4.512e-17
7907.603 4.509e-17
7908.480 4.503e-17
7909.357 4.493e-17
7910.233 4.498e-17
7911.110 4.465e-17
7911.987 4.491e-17
7912.863 4.371e-17
7913.740 4.486e-17
7914.617 4.484e-17
7915.493 4.481e-17
7916.370 4.478e-17
7917.247 5.118e-17
7918.123 4.468e-17
7919.000 4.457e-17
7919.877 4.435e-17
7920.753 4.462e-17
7921.630 4.459e-17
7922.507 4.450e-17
7923.383 2.325e-16
7924.260 4.451e-17
7925.137 4.448e-17
7926.013 4.443e-17
7926.890 4.438e-17
7927.767 4.439e-17
7928.643 4.436e-17
7929.520 4.432e-17
7930.397 4.954e-17
7931.273 4.419e-17
7932.150 4.400e-17
7933.027 1.695e-16
7933.903 4.368e-17
7934.780 4.416e-17
7935.657 4.423e-17
7936.533 4.413e-17
7937.410 4.924e-17
7938.287 4.409e-17
7939.163 4.396e-17
7940.040 4.405e-17
7940.917 4.517e-17
7941.793 4.400e-17
7942.670 4.717e-17
7943.547 4.396e-17
7944.423 5.196e-17
7945.300 4.392e-17
7946.177 5.668e-17
7947.053 4.388e-17
7947.930 4.385e-17
7948.807 4.381e-17
7949.683 4.378e-17
7950.560 4.379e-17
7951.437 8.656e-16
7952.313 4.374e-17
7953.190 4.360e-17
7954.067 4.377e-17
7954.943 4.382e-17
7955.820 4.378e-17
7956.697 4.386e-17
7957.573 4.388e-17
7958.450 4.375e-17
7959.327 4.392e-17
7960.203 4.391e-17
7961.080 4.392e-17
7961.957 4.397e-17
7962.833 4.313e-17
7963.710 4.362e-17
7964.587 4.400e-17
7965.463 4.375e-17
7966.340 4.398e-17
7967.217 4.388e-17
7968.093 4.412e-17
7968.970 4.413e-17
7969.847 4.411e-17
7970.723 4.395e-17
7971.600 4.739e-17
7972.477 4.418e-17
7973.353 4.413e-17
7974.230 4.407e-17
7975.107 4.410e-17
7975.983 4.404e-17
7976.860 4.401e-17
7977.737 4.900e-17
7978.613 4.384e-17
7979.490 4.393e-17
7980.367 4.389e-17
7981.243 4.385e-17
7982.120 4.365e-17
7982.997 4.379e-17
7983.873 4.375e-17
7984.750 4.373e-17
7985.627 4.369e-17
7986.503 4.208e-17
7987.380 4.363e-17
7988.257 5.123e-17
7989.133 4.365e-17
7990.010 4.353e-17
7990.887 4.350e-17
7991.763 4.347e-17
7992.640 4.344e-17
7993.517 4.345e-17
7994.393 4.346e-17
7995.270 4.338e-17
7996.147 4.337e-17
7997.023 4.346e-17
7997.900 4.345e-17
7998.777 4.332e-17
7999.653 5.326e-17
8000.530 4.287e-17
8001.407 4.336e-17
8002.283 4.968e-17
8003.160 4.323e-17
8004.037 5.153e-17
8004.913 4.351e-17
8005.790 4.346e-17
8006.667 4.345e-17
8007.543 4.352e-17
8008.420 4.353e-17
8009.297 4.344e-17
8010.173 4.347e-17
8011.050 4.355e-17
8011.927 4.356e-17
8012.803 5.386e-17
8013.680 4.351e-17
8014.557 4.326e-17
8015.433 4.333e-17
8016.310 4.638e-16
8017.187 4.341e-17
8018.063 4.339e-17
8018.940 4.335e-17
8019.817 4.329e-17
8020.693 4.329e-17
8021.570 4.330e-17
8022.447 4.311e-17
8023.323 4.323e-17
8024.200 4.293e-17
8025.077 4.300e-17
8025.953 6.485e-17
8026.830 4.314e-17
8027.707 4.311e-17
8028.583 4.309e-17
8029.460 4.307e-17
8030.337 9.578e-17
8031.213 9.152e-17
8032.090 4.751e-17
8032.967 4.298e-17
8033.843 4.297e-17
8034.720 4.293e-17
8035.597 4.286e-17
8036.473 4.169e-17
8037.350 4.280e-17
8038.227 4.281e-17
8039.103 4.278e-17
8039.980 4.271e-17
8040.857 4.275e-17
8041.733 4.972e-17
8042.610 4.270e-17
8043.487 4.267e-17
8044.363 4.259e-17
8045.240 4.247e-17
8046.117 4.217e-17
8046.993 4.255e-17
8047.870 4.213e-17
8048.747 4.476e-17
8049.623 4.250e-17
8050.500 4.247e-17
8051.377 4.241e-17
8052.253 4.252e-17
8053.130 4.242e-17
8054.007 4.242e-17
8054.883 4.239e-17
8055.760 4.243e-17
8056.637 4.212e-17
8057.513 4.243e-17
8058.390 4.242e-17
8059.267 4.277e-17
8060.143 4.244e-17
8061.020 4.216e-17
8061.897 4.237e-17
8062.773 4.244e-17
8063.650 4.245e-17
8064.527 2.169e-16
8065.403 4.222e-17
8066.280 4.245e-17
8067.157 4.245e-17
8068.033 4.231e-17
8068.910 4.246e-17
8069.787 4.816e-17
8070.663 4.244e-17
8071.540 4.242e-17
8072.417 4.234e-17
8073.293 4.222e-17
8074.170 4.238e-17
8075.047 4.234e-17
8075.923 4.229e-17
8076.800 4.223e-17
8077.677 4.206e-17
8078.553 4.180e-17
8079.430 4.641e-17
8080.307 4.207e-17
8081.183 4.202e-17
8082.060 4.198e-17
8082.937 4.195e-17
8083.813 4.176e-17
8084.690 4.187e-17
8085.567 4.183e-17
8086.443 4.178e-17
8087.320 4.117e-17
8088.197 4.168e-17
8089.073 4.166e-17
8089.950 4.162e-17
8090.827 4.148e-17
8091.703 4.154e-17
8092.580 4.125e-17
8093.457 4.147e-17
8094.333 4.152e-17
8095.210 4.159e-17
8096.087 4.156e-17
8096.963 4.155e-17
8097.840 4.164e-17
8098.717 4.113e-17
8099.593 4.162e-17
8100.470 4.167e-17
8101.347 4.170e-17
8102.223 4.177e-17
8103.100 4.179e-17
8103.977 4.175e-17
8104.853 4.183e-17
8105.730 4.184e-17
8106.607 4.410e-17
8107.483 4.190e-17
8108.360 4.189e-17
8109.237 4.191e-17
8110.113 4.033e-17
8110.990 4.339e-17
8111.867 4.200e-17
8112.743 4.132e-17
8113.620 4.761e-17
8114.497 4.178e-17
8115.373 4.560e-17
8116.250 4.046e-17
8117.127 4.175e-17
8118.003 4.200e-17
8118.880 4.196e-17
8119.757 4.199e-17
8120.633 4.165e-17
8121.510 4.196e-17
8122.387 4.194e-17
8123.263 4.192e-17
8124.140 4.195e-17
8125.017 4.121e-17
8125.893 4.152e-17
8126.770 4.195e-17
8127.647 3.979e-17
8128.523 4.516e-17
8129.400 4.159e-17
8130.277 4.193e-17
8131.153 4.192e-17
8132.030 4.181e-17
8132.907 4.825e-17
8133.783 4.894e-17
8134.660 4.146e-17
8135.537 4.132e-17
8136.413 4.158e-17
8137.290 3.397e-17
8138.167 4.175e-17
8139.043 5.421e-17
8139.920 4.178e-17
8140.797 4.172e-17
8141.673 4.171e-17
8142.550 4.158e-17
8143.427 4.159e-17
8144.303 3.906e-17
8145.180 4.166e-17
8146.057 3.599e-17
8146.933 4.156e-17
8147.810 4.161e-17
8148.687 1.163e-16
8149.563 4.054e-17
8150.440 4.032e-17
8151.317 4.135e-17
8152.193 3.913e-17
8153.070 4.153e-17
8153.947 4.150e-17
8154.823 3.669e-17
8155.700 4.116e-17
8156.577 3.931e-17
8157.453 4.136e-17
8158.330 4.140e-17
8159.207 4.129e-17
8160.083 3.973e-17
8160.960 4.135e-17
8161.837 4.142e-17
8162.713 4.139e-17
8163.590 3.290e-17
8164.467 3.676e-17
8165.343 4.126e-17
8166.220 4.080e-17
8167.097 4.001e-17
8167.973 4.125e-17
8168.850 4.121e-17
8169.727 4.134e-17
8170.603 4.118e-17
8171.480 3.999e-17
8172.357 3.313e-17
8173.233 4.119e-17
8174.110 4.113e-17
8174.987 4.109e-17
8175.863 4.097e-17
8176.740 4.087e-17
8177.617 4.090e-17
8178.493 4.064e-17
8179.370 3.401e-17
8180.247 3.375e-17
8181.123 3.917e-17
8182.000 4.040e-17
8182.877 4.050e-17
8183.753 4.004e-17
8184.630 4.008e-17
8185.507 4.007e-17
8186.383 4.018e-17
8187.260 4.023e-17
8188.137 4.000e-17
8189.013 3.982e-17
8189.890 3.991e-17
8190.767 3.980e-17
8191.643 3.128e-17
8192.520 3.979e-17
8193.397 3.974e-17
8194.273 3.969e-17
8195.150 3.820e-17
8196.027 3.958e-17
8196.903 3.994e-17
8197.780 4.138e-17
8198.657 3.999e-17
8199.533 3.945e-17
8200.410 3.953e-17
8201.287 3.627e-17
8202.163 3.754e-17
8203.040 3.609e-17
8203.917 4.008e-17
8204.793 4.017e-17
8205.670 4.019e-17
8206.547 4.021e-17
8207.423 4.020e-17
8208.300 4.484e-17
8209.177 4.028e-17
8210.053 4.029e-17
8210.930 4.029e-17
8211.807 3.772e-17
8212.683 3.969e-17
8213.560 4.022e-17
8214.437 3.478e-17
8215.313 4.029e-17
8216.190 4.988e-17
8217.067 4.026e-17
8217.943 4.027e-17
8218.820 4.024e-17
8219.697 4.017e-17
8220.573 3.899e-17
8221.450 4.018e-17
8222.327 4.020e-17
8223.203 4.011e-17
8224.080 3.984e-17
8224.957 4.013e-17
8225.833 3.997e-17
8226.710 3.877e-17
8227.587 3.997e-17
8228.463 3.989e-17
8229.340 3.093e-17
8230.217 2.722e-17
8231.093 3.327e-17
8231.970 3.231e-17
8232.847 3.932e-17
8233.723 3.487e-17
8234.600 3.991e-17
8235.477 3.995e-17
8236.353 3.832e-17
8237.230 3.999e-17
8238.107 3.976e-17
8238.983 4.002e-17
8239.860 3.985e-17
8240.737 3.985e-17
8241.613 4.001e-17
8242.490 3.981e-17
8243.367 4.003e-17
8244.243 5.122e-17
8245.120 3.981e-17
8245.997 3.878e-17
8246.873 4.001e-17
8247.750 4.006e-17
8248.627 4.004e-17
8249.503 4.066e-17
8250.380 4.006e-17
8251.257 4.004e-17
8252.133 4.005e-17
8253.010 4.005e-17
8253.887 3.997e-17
8254.763 3.971e-17
8255.640 4.000e-17
8256.517 4.004e-17
8257.393 5.592e-17
8258.270 3.974e-17
8259.147 3.936e-17
8260.023 3.967e-17
8260.900 4.001e-17
8261.777 3.899e-17
8262.653 3.946e-17
8263.530 4.002e-17
8264.407 4.001e-17
8265.283 3.991e-17
8266.160 3.957e-17
8267.037 3.993e-17
8267.913 3.999e-17
8268.790 4.000e-17
8269.667 4.002e-17
8270.543 4.002e-17
8271.420 3.919e-17
8272.297 4.001e-17
8273.173 3.998e-17
8274.050 3.953e-17
8274.927 3.989e-17
8275.803 3.982e-17
8276.680 2.387e-17
8277.557 3.982e-17
8278.433 3.973e-17
8279.310 3.969e-17
8280.187 3.991e-17
8281.063 3.960e-17
8281.940 3.152e-17
8282.817 3.985e-17
8283.693 3.970e-17
8284.570 4.555e-17
8285.447 1.108e-16
8286.323 3.987e-17
8287.200 5.704e-17
8288.077 3.985e-17
8288.953 3.976e-17
8289.830 3.920e-17
8290.707 3.926e-17
8291.583 3.919e-17
8292.460 3.974e-17
8293.337 3.974e-17
8294.213 3.979e-17
8295.090 3.977e-17
8295.967 3.954e-17
8296.843 3.344e-17
8297.720 3.930e-17
8298.597 5.485e-16
8299.473 3.973e-17
8300.350 3.956e-17
8301.227 2.609e-15
8302.103 3.953e-17
8302.980 3.919e-17
8303.857 3.966e-17
8304.733 6.912e-17
8305.610 3.961e-17
8306.487 3.643e-17
8307.363 1.978e-17
8308.240 3.956e-17
8309.117 3.958e-17
8309.993 3.942e-17
8310.870 3.948e-17
8311.747 3.958e-17
8312.623 3.949e-17
8313.500 3.947e-17
8314.377 3.816e-17
8315.253 3.932e-17
8316.130 3.768e-17
8317.007 3.927e-17
8317.883 3.916e-17
8318.760 3.894e-17
8319.637 3.908e-17
8320.513 3.336e-17
8321.390 3.901e-17
8322.267 3.897e-17
8323.143 3.866e-17
8324.020 3.691e-17
8324.897 3.880e-17
8325.773 3.878e-17
8326.650 3.870e-17
8327.527 3.866e-17
8328.403 3.858e-17
8329.280 3.812e-17
8330.157 3.851e-17
8331.033 3.841e-17
8331.910 3.396e-17
8332.787 3.809e-17
8333.663 3.841e-17
8334.540 3.774e-17
8335.417 3.842e-17
8336.293 3.837e-17
8337.170 3.851e-17
8338.047 3.842e-17
8338.923 3.857e-17
8339.800 7.617e-17
8340.677 4.985e-17
8341.553 3.809e-17
8342.430 3.866e-17
8343.307 3.869e-17
8344.183 3.836e-17
8345.060 3.871e-17
8345.937 3.875e-17
8346.813 5.383e-17
8347.690 3.880e-17
8348.567 3.881e-17
8349.443 3.881e-17
8350.320 3.887e-17
8351.197 3.879e-17
8352.073 3.887e-17
8352.950 3.891e-17
8353.827 3.891e-17
8354.703 3.889e-17
8355.580 3.883e-17
8356.457 3.887e-17
8357.333 3.886e-17
8358.210 3.888e-17
8359.087 3.868e-17
8359.963 3.879e-17
8360.840 3.888e-17
8361.717 3.870e-17
8362.593 3.887e-17
8363.470 4.021e-17
8364.347 3.735e-17
8365.223 4.034e-17
8366.100 3.884e-17
8366.977 3.882e-17
8367.853 4.925e-17
8368.730 8.666e-17
8369.607 3.617e-17
8370.483 3.882e-17
8371.360 3.874e-17
8372.237 3.880e-17
8373.113 3.862e-17
8373.990 3.878e-17
8374.867 3.870e-17
8375.743 3.865e-17
8376.620 3.870e-17
8377.497 3.870e-17
8378.373 4.337e-17
8379.250 3.862e-17
8380.127 3.865e-17
8381.003 3.864e-17
8381.880 3.863e-17
8382.757 3.861e-17
8383.633 3.851e-17
8384.510 3.854e-17
8385.387 3.853e-17
8386.263 3.842e-17
8387.140 3.827e-17
8388.017 3.816e-17
8388.893 3.848e-17
8389.770 3.845e-17
8390.647 3.839e-17
8391.523 3.843e-17
8392.400 4.842e-17
8393.277 3.843e-17
8394.153 3.843e-17
8395.030 3.843e-17
8395.907 3.836e-17
8396.783 3.822e-17
8397.660 3.842e-17
8398.537 3.841e-17
8399.413 3.771e-17
8400.290 3.842e-17
8401.167 3.842e-17
8402.043 3.841e-17
8402.920 3.815e-17
8403.797 3.843e-17
8404.673 3.843e-17
8405.550 3.842e-17
8406.427 3.820e-17
8407.303 3.839e-17
8408.180 3.841e-17
8409.057 3.843e-17
8409.933 3.843e-17
8410.810 3.798e-17
8411.687 3.840e-17
8412.563 3.843e-17
8413.440 3.820e-17
8414.317 3.838e-17
8415.193 3.835e-17
8416.070 3.831e-17
8416.947 3.828e-17
8417.823 3.766e-17
8418.700 3.822e-17
8419.577 3.793e-17
8420.453 3.816e-17
8421.330 3.815e-17
8422.207 3.814e-17
8423.083 3.810e-17
8423.960 3.807e-17
8424.837 3.805e-17
8425.713 3.862e-17
8426.590 3.800e-17
8427.467 3.797e-17
8428.343 3.794e-17
8429.220 3.789e-17
8430.097 3.769e-17
8430.973 3.787e-17
8431.850 3.769e-17
8432.727 3.781e-17
8433.603 3.782e-17
8434.480 6.500e-17
8435.357 3.784e-17
8436.233 3.784e-17
8437.110 3.782e-17
8437.987 3.784e-17
8438.863 3.767e-17
8439.740 3.781e-17
8440.617 3.784e-17
8441.493 3.786e-17
8442.370 3.783e-17
8443.247 3.780e-17
8444.123 3.787e-17
8445.000 3.783e-17
8445.877 3.788e-17
8446.753 3.788e-17
8447.630 3.788e-17
8448.507 3.776e-17
8449.383 3.789e-17
8450.260 3.789e-17
8451.137 3.790e-17
8452.013 3.790e-17
8452.890 3.788e-17
8453.767 3.787e-17
8454.643 1.349e-15
8455.520 3.785e-17
8456.397 3.947e-17
8457.273 3.781e-17
8458.150 3.781e-17
8459.027 3.917e-17
8459.903 3.778e-17
8460.780 3.776e-17
8461.657 3.775e-17
8462.533 3.713e-17
8463.410 3.772e-17
8464.287 3.770e-17
8465.163 3.767e-17
8466.040 3.765e-17
8466.917 3.766e-17
8467.793 1.945e-15
8468.670 3.763e-17
8469.547 3.762e-17
8470.423 3.760e-17
8471.300 3.758e-17
8472.177 3.757e-17
8473.053 3.751e-17
8473.930 3.743e-17
8474.807 3.736e-17
8475.683 3.728e-17
8476.560 3.717e-17
8477.437 3.713e-17
8478.313 3.705e-17
8479.190 3.698e-17
8480.067 3.687e-17
8480.943 3.682e-17
8481.820 3.674e-17
8482.697 3.666e-17
8483.573 3.660e-17
8484.450 3.652e-17
8485.327 3.645e-17
8486.203 3.637e-17
8487.080 3.630e-17
8487.957 3.622e-17
8488.833 3.614e-17
8489.710 3.606e-17
8490.587 3.591e-17
8491.463 3.592e-17
8492.340 3.585e-17
8493.217 3.589e-17
8494.093 3.555e-17
8494.970 3.596e-17
8495.847 3.616e-17
8496.723 4.324e-17
8497.600 3.608e-17
8498.477 3.612e-17
8499.353 3.900e-17
8500.230 3.623e-17
8501.107 3.623e-17
8501.983 3.627e-17
8502.860 3.632e-17
8503.737 3.636e-17
8504.613 3.638e-17
8505.490 4.352e-17
8506.367 3.648e-17
8507.243 3.652e-17
8508.120 3.631e-17
8508.997 3.660e-17
8509.873 3.665e-17
8510.750 3.669e-17
8511.627 3.673e-17
8512.503 3.675e-17
8513.380 3.670e-17
8514.257 3.585e-17
8515.133 3.661e-17
8516.010 3.658e-17
8516.887 3.654e-17
8517.763 3.648e-17
8518.640 3.645e-17
8519.517 3.641e-17
8520.393 3.637e-17
8521.270 3.631e-17
8522.147 3.620e-17
8523.023 3.637e-17
8523.900 3.621e-17
8524.777 3.616e-17
8525.653 3.612e-17
8526.530 3.608e-17
8527.407 3.604e-17
8528.283 3.600e-17
8529.160 3.596e-17
8530.037 3.592e-17
8530.913 3.588e-17
8531.790 3.584e-17
8532.667 3.575e-17
8533.543 3.563e-17
8534.420 3.550e-17
8535.297 3.538e-17
8536.173 3.524e-17
8537.050 3.497e-17
8537.927 3.499e-17
8538.803 3.468e-17
8539.680 3.473e-17
8540.557 3.461e-17
8541.433 3.448e-17
8542.310 3.426e-17
8543.187 3.366e-17
8544.063 3.410e-17
8544.940 3.397e-17
8545.817 3.384e-17
8546.693 3.372e-17
8547.570 3.359e-17
8548.447 3.341e-17
8549.323 3.333e-17
8550.200 3.321e-17
8551.077 3.307e-17
8551.953 3.292e-17
8552.830 3.298e-17
8553.707 3.318e-17
8554.583 3.336e-17
8555.460 3.353e-17
8556.337 3.369e-17
8557.213 3.384e-17
8558.090 3.406e-17
8558.967 3.423e-17
8559.843 3.441e-17
8560.720 3.458e-17
8561.597 3.476e-17
8562.473 3.493e-17
8563.350 3.511e-17
8564.227 3.528e-17
8565.103 3.545e-17
8565.980 3.563e-17
8566.857 3.580e-17
8567.733 3.598e-17
8568.610 3.615e-17
8569.487 3.632e-17
8570.363 3.650e-17
8571.240 3.665e-17
8572.117 3.685e-17
8572.993 3.684e-17
8573.870 3.684e-17
8574.747 3.683e-17
8575.623 3.679e-17
8576.500 3.678e-17
8577.377 3.677e-17
8578.253 3.673e-17
8579.130 3.673e-17
8580.007 5.891e-17
8580.883 3.669e-17
8581.760 3.667e-17
8582.637 3.665e-17
8583.513 3.660e-17
8584.390 3.660e-17
8585.267 3.658e-17
8586.143 3.656e-17
8587.020 3.654e-17
8587.897 3.652e-17
8588.773 3.649e-17
8589.650 3.647e-17
8590.527 3.645e-17
8591.403 3.643e-17
8592.280 3.641e-17
8593.157 3.640e-17
8594.033 3.639e-17
8594.910 3.636e-17
8595.787 3.639e-17
8596.663 3.639e-17
8597.540 3.638e-17
8598.417 3.638e-17
8599.293 3.638e-17
8600.170 3.638e-17
8601.047 3.637e-17
8601.923 3.637e-17
8602.800 3.636e-17
8603.677 3.636e-17
8604.553 3.636e-17
8605.430 3.636e-17
8606.307 3.635e-17
8607.183 3.635e-17
8608.060 3.630e-17
8608.937 3.634e-17
8609.813 3.634e-17
8610.690 4.768e-17
8611.567 3.633e-17
8612.443 3.633e-17
8613.320 3.633e-17
8614.197 3.633e-17
8615.073 3.633e-17
8615.950 3.632e-17
8616.827 3.675e-17
8617.703 3.632e-17
8618.580 3.632e-17
8619.457 4.666e-17
8620.333 3.632e-17
8621.210 3.632e-17
8622.087 3.631e-17
8622.963 3.632e-17
8623.840 7.837e-17
8624.717 3.632e-17
8625.593 3.631e-17
8626.470 3.631e-17
8627.347 3.630e-17
8628.223 3.631e-17
8629.100 3.631e-17
8629.977 3.631e-17
8630.853 3.631e-17
8631.730 1.631e-16
8632.607 3.630e-17
8633.483 3.626e-17
8634.360 3.622e-17
8635.237 3.617e-17
8636.113 3.613e-17
8636.990 3.609e-17
8637.867 3.605e-17
8638.743 3.601e-17
8639.620 3.597e-17
8640.497 3.593e-17
8641.373 3.589e-17
8642.250 3.585e-17
8643.127 3.581e-17
8644.003 3.577e-17
8644.880 3.572e-17
8645.757 3.568e-17
8646.633 3.564e-17
8647.510 3.560e-17
8648.387 3.556e-17
8649.263 4.324e-16
8650.140 3.548e-17
8651.017 3.544e-17
8651.893 3.540e-17
8652.770 1.071e-16
8653.647 6.214e-16
8654.523 3.507e-17
8655.400 3.494e-17
8656.277 3.482e-17
8657.153 3.469e-17
8658.030 3.456e-17
8658.907 3.444e-17
8659.783 3.431e-17
8660.660 3.418e-17
8661.537 7.559e-16
8662.413 3.393e-17
8663.290 3.380e-17
8664.167 3.368e-17
8665.043 3.355e-17
8665.920 3.342e-17
8666.797 3.330e-17
8667.673 3.317e-17
8668.550 3.305e-17
8669.427 3.292e-17
8670.303 3.926e-17
8671.180 3.267e-17
8672.057 3.254e-17
8672.933 3.255e-17
8673.810 3.266e-17
8674.687 3.276e-17
8675.563 3.286e-17
8676.440 3.296e-17
8677.317 3.306e-17
8678.193 3.316e-17
8679.070 3.326e-17
8679.947 3.336e-17
8680.823 3.345e-17
8681.700 3.355e-17
8682.577 1.626e-16
8683.453 3.375e-17
8684.330 3.385e-17
8685.207 3.395e-17
8686.083 3.405e-17
8686.960 3.415e-17
8687.837 3.425e-17
8688.713 3.434e-17
8689.590 7.313e-17
8690.467 3.454e-17
8691.343 3.462e-17
8692.220 3.473e-17
8693.097 3.473e-17
8693.973 3.470e-17
8694.850 3.466e-17
8695.727 3.790e-17
8696.603 3.460e-17
8697.480 3.457e-17
8698.357 3.454e-17
8699.233 3.451e-17
8700.110 3.448e-17
8700.987 3.444e-17
8701.863 3.441e-17
8702.740 3.439e-17
8703.617 3.436e-17
8704.493 3.788e-17
8705.370 3.432e-17
8706.247 3.430e-17
8707.123 3.428e-17
8708.000 5.995e-17
8708.877 3.424e-17
8709.753 3.422e-17
8710.630 3.419e-17
8711.507 3.418e-17
8712.383 3.416e-17
8713.260 3.414e-17
8714.137 3.412e-17
8715.013 3.410e-17
8715.890 3.408e-17
8716.767 3.405e-17
8717.643 3.404e-17
8718.520 3.402e-17
8719.397 3.400e-17
8720.273 3.398e-17
8721.150 3.980e-17
8722.027 3.394e-17
8722.903 3.392e-17
8723.780 3.391e-17
8724.657 3.391e-17
8725.533 3.390e-17
8726.410 3.390e-17
8727.287 3.390e-17
8728.163 3.390e-17
8729.040 3.836e-17
8729.917 3.391e-17
8730.793 3.392e-17
8731.670 3.392e-17
8732.547 3.392e-17
8733.423 3.393e-17
8734.300 3.393e-17
8735.177 3.394e-17
8736.053 3.394e-17
8736.930 3.395e-17
8737.807 3.395e-17
8738.683 3.395e-17
8739.560 3.396e-17
8740.437 3.396e-17
8741.313 3.397e-17
8742.190 3.397e-17
8743.067 4.021e-17
8743.943 3.398e-17
8744.820 3.398e-17
8745.697 3.398e-17
8746.573 3.398e-17
8747.450 3.399e-17
8748.327 3.399e-17
8749.203 3.399e-17
8750.080 3.400e-17
8750.957 3.399e-17
8751.833 3.400e-17
8752.710 4.529e-17
8753.587 3.401e-17
8754.463 3.401e-17
8755.340 3.401e-17
8756.217 3.402e-17
8757.093 3.402e-17
8757.970 3.402e-17
8758.847 3.402e-17
8759.723 3.402e-17
8760.600 3.403e-17
8761.477 3.403e-17
8762.353 3.403e-17
8763.230 3.401e-17
8764.107 1.036e-16
8764.983 3.395e-17
8765.860 3.392e-17
8766.737 3.389e-17
8767.613 3.386e-17
8768.490 3.383e-17
8769.367 3.380e-17
8770.243 1.054e-15
8771.120 3.374e-17
8771.997 3.371e-17
8772.873 3.450e-17
8773.750 3.365e-17
8774.627 3.362e-17
8775.503 3.360e-17
8776.380 3.357e-17
8777.257 3.354e-17
8778.133 3.351e-17
8779.010 3.348e-17
8779.887 3.345e-17
8780.763 4.238e-15
8781.640 3.339e-17
8782.517 3.328e-17
8783.393 3.335e-17
8784.270 3.337e-17
8785.147 3.337e-17
8786.023 3.337e-17
8786.900 3.337e-17
8787.777 3.337e-17
8788.653 3.337e-17
8789.530 3.337e-17
8790.407 3.338e-17
8791.283 3.338e-17
8792.160 3.338e-17
8793.037 3.338e-17
8793.913 3.338e-17
8794.790 3.334e-17
8795.667 3.338e-17
8796.543 3.339e-17
8797.420 3.339e-17
8798.297 3.339e-17
8799.173 3.339e-17
8800.050 3.339e-17
8800.927 3.339e-17
8801.803 3.339e-17
8802.680 3.339e-17
8803.557 3.338e-17
8804.433 4.168e-17
8805.310 3.335e-17
8806.187 3.333e-17
8807.063 3.332e-17
8807.940 3.329e-17
8808.817 3.329e-17
8809.693 3.327e-17
8810.570 3.326e-17
8811.447 3.324e-17
8812.323 3.323e-17
8813.200 3.321e-17
8814.077 3.298e-17
8814.953 3.318e-17
8815.830 3.317e-17
8816.707 3.316e-17
8817.583 3.314e-17
8818.460 3.313e-17
8819.337 3.311e-17
8820.213 3.309e-17
8821.090 3.305e-17
8821.967 3.304e-17
8822.843 3.302e-17
8823.720 3.306e-17
8824.597 3.307e-17
8825.473 3.308e-17
8826.350 3.309e-17
8827.227 3.311e-17
8828.103 3.312e-17
8828.980 3.313e-17
8829.857 3.314e-17
8830.733 3.315e-17
8831.610 3.316e-17
8832.487 3.317e-17
8833.363 3.317e-17
8834.240 3.319e-17
8835.117 3.321e-17
8835.993 6.159e-17
8836.870 3.629e-17
8837.747 3.322e-17
8838.623 3.325e-17
8839.500 3.326e-17
8840.377 3.327e-17
8841.253 3.328e-17
8842.130 3.329e-17
8843.007 3.328e-17
8843.883 3.326e-17
8844.760 3.323e-17
8845.637 3.321e-17
8846.513 3.319e-17
8847.390 3.316e-17
8848.267 3.312e-17
8849.143 3.311e-17
8850.020 3.308e-17
8850.897 3.306e-17
8851.773 3.304e-17
8852.650 3.301e-17
8853.527 3.299e-17
8854.403 3.296e-17
8855.280 3.294e-17
8856.157 3.292e-17
8857.033 3.289e-17
8857.910 3.287e-17
8858.787 3.284e-17
8859.663 3.255e-17
8860.540 3.278e-17
8861.417 3.268e-17
8862.293 3.443e-17
8863.170 3.405e-17
8864.047 4.574e-17
8864.923 5.554e-17
8865.800 7.747e-17
8866.677 3.273e-17
8867.553 3.270e-17
8868.430 3.270e-17
8869.307 3.280e-17
8870.183 3.271e-17
8871.060 3.271e-17
8871.937 3.271e-17
8872.813 3.270e-17
8873.690 3.270e-17
8874.567 3.269e-17
8875.443 3.269e-17
8876.320 3.269e-17
8877.197 3.269e-17
8878.073 3.268e-17
8878.950 3.268e-17
8879.827 3.267e-17
8880.703 3.266e-17
8881.580 3.249e-17
8882.457 3.266e-17
8883.333 3.265e-17
8884.210 3.262e-17
8885.087 3.263e-17
8885.963 3.262e-17
8886.840 3.261e-17
8887.717 3.260e-17
8888.593 3.259e-17
8889.470 3.258e-17
8890.347 3.256e-17
8891.223 3.373e-17
8892.100 3.255e-17
8892.977 3.254e-17
8893.853 3.253e-17
8894.730 3.252e-17
8895.607 3.250e-17
8896.483 3.249e-17
8897.360 3.248e-17
8898.237 3.247e-17
8899.113 3.504e-17
8899.990 3.245e-17
8900.867 3.244e-17
8901.743 3.242e-17
8902.620 3.241e-17
8903.497 3.239e-17
8904.373 3.238e-17
8905.250 3.237e-17
8906.127 3.235e-17
8907.003 3.233e-17
8907.880 3.232e-17
8908.757 3.230e-17
8909.633 3.212e-17
8910.510 3.226e-17
8911.387 3.225e-17
8912.263 3.223e-17
8913.140 3.221e-17
8914.017 3.220e-17
8914.893 3.218e-17
8915.770 3.217e-17
8916.647 3.215e-17
8917.523 3.213e-17
8918.400 3.186e-17
8919.277 3.785e-17
8920.153 3.195e-17
8921.030 3.206e-17
8921.907 3.196e-17
8922.783 3.202e-17
8923.660 3.204e-17
8924.537 3.204e-17
8925.413 3.203e-17
8926.290 3.203e-17
8927.167 3.196e-17
8928.043 3.203e-17
8928.920 3.200e-17
8929.797 3.258e-17
8930.673 3.460e-17
8931.550 3.502e-17
8932.427 3.187e-17
8933.303 3.192e-17
8934.180 3.312e-17
8935.057 3.199e-17
8935.933 3.198e-17
8936.810 3.680e-17
8937.687 3.200e-17
8938.563 3.199e-17
8939.440 3.199e-17
8940.317 3.197e-17
8941.193 3.199e-17
8942.070 3.198e-17
8942.947 3.144e-17
8943.823 3.250e-17
8944.700 3.098e-17
8945.577 3.198e-17
8946.453 3.195e-17
8947.330 3.198e-17
8948.207 3.196e-17
8949.083 3.160e-17
8949.960 3.647e-17
8950.837 3.187e-17
8951.713 3.194e-17
8952.590 3.198e-17
8953.467 3.193e-17
8954.343 3.123e-17
8955.220 3.194e-17
8956.097 3.194e-17
8956.973 3.138e-17
8957.850 3.171e-17
8958.727 3.196e-17
8959.603 3.197e-17
8960.480 4.117e-16
8961.357 3.193e-17
8962.233 3.198e-17
8963.110 3.171e-17
8963.987 3.178e-17
8964.863 2.517e-17
8965.740 3.139e-17
8966.617 3.172e-17
8967.493 4.171e-17
8968.370 3.134e-17
8969.247 3.146e-17
8970.123 3.166e-17
8971.000 3.916e-17
8971.877 3.824e-17
8972.753 3.152e-17
8973.630 1.162e-16
8974.507 3.114e-17
8975.383 2.836e-17
8976.260 3.247e-17
8977.137 2.761e-17
8978.013 3.154e-17
8978.890 2.836e-17
8979.767 3.127e-17
8980.643 3.124e-17
8981.520 3.118e-17
8982.397 3.087e-17
8983.273 2.871e-17
8984.150 3.101e-17
8985.027 3.112e-17
8985.903 3.111e-17
8986.780 3.088e-17
8987.657 3.106e-17
8988.533 3.077e-17
8989.410 3.465e-17
8990.287 2.714e-17
8991.163 3.059e-17
8992.040 2.857e-17
8992.917 2.998e-17
8993.793 2.960e-17
8994.670 2.918e-17
8995.547 3.882e-17
8996.423 3.088e-17
8997.300 3.094e-17
8998.177 3.094e-17
8999.053 3.094e-17
8999.930 3.091e-17
9000.807 3.089e-17
9001.683 3.075e-17
9002.560 2.565e-17
9003.437 2.969e-17
9004.313 3.080e-17
9005.190 3.077e-17
9006.067 1.842e-17
9006.943 3.063e-17
9007.820 3.085e-17
9008.697 3.083e-17
9009.573 2.639e-17
9010.450 2.991e-17
9011.327 3.055e-17
9012.203 3.084e-17
9013.080 3.083e-17
9013.957 3.014e-17
9014.833 3.044e-17
9015.710 3.080e-17
9016.587 3.084e-17
9017.463 3.075e-17
9018.340 3.050e-17
9019.217 9.943e-18
9020.093 3.049e-17
9020.970 3.074e-17
9021.847 3.082e-17
9022.723 3.054e-17
9023.600 3.071e-17
9024.477 3.046e-17
9025.353 2.821e-17
9026.230 3.067e-17
9027.107 3.043e-17
9027.983 2.950e-17
9028.860 2.990e-17
9029.737 3.065e-17
9030.613 3.069e-17
9031.490 3.931e-17
9032.367 3.060e-17
9033.243 3.055e-17
9034.120 2.974e-17
9034.997 3.059e-17
9035.873 3.061e-17
9036.750 3.059e-17
9037.627 3.048e-17
9038.503 3.057e-17
9039.380 3.056e-17
9040.257 3.054e-17
9041.133 3.051e-17
9042.010 3.048e-17
9042.887 3.041e-17
9043.763 3.027e-17
9044.640 2.964e-17
9045.517 2.953e-17
9046.393 3.045e-17
9047.270 3.048e-17
9048.147 3.047e-17
9049.023 3.046e-17
9049.900 2.723e-17
9050.777 3.039e-17
9051.653 5.520e-16
9052.530 3.044e-17
9053.407 3.018e-17
9054.283 3.040e-17
9055.160 2.971e-17
9056.037 3.025e-17
9056.913 3.033e-17
9057.790 3.042e-17
9058.667 3.042e-17
9059.543 3.872e-17
9060.420 3.040e-17
9061.297 3.040e-17
9062.173 3.033e-17
9063.050 2.702e-17
9063.927 3.022e-17
9064.803 3.008e-17
9065.680 3.010e-17
9066.557 2.316e-17
9067.433 3.017e-17
9068.310 3.005e-17
9069.187 3.012e-17
9070.063 2.962e-17
9070.940 4.021e-17
9071.817 2.613e-17
9072.693 2.984e-17
9073.570 2.974e-17
9074.447 5.573e-18
9075.323 2.962e-17
9076.200 2.965e-17
9077.077 3.081e-17
9077.953 2.974e-17
9078.830 3.081e-17
9079.707 2.970e-17
9080.583 2.960e-17
9081.460 2.594e-17
9082.337 1.448e-17
9083.213 2.892e-17
9084.090 2.842e-17
9084.967 2.956e-17
9085.843 2.944e-17
9086.720 2.963e-17
9087.597 2.942e-17
9088.473 2.942e-17
9089.350 2.391e-17
9090.227 2.938e-17
9091.103 2.963e-17
9091.980 2.952e-17
9092.857 3.541e-17
9093.733 3.322e-17
9094.610 2.992e-17
9095.487 2.954e-17
9096.363 2.442e-17
9097.240 2.957e-17
9098.117 2.947e-17
9098.993 2.974e-17
9099.870 3.154e-17
9100.747 2.856e-17
9101.623 2.943e-17
9102.500 2.714e-17
