4500.000 5.966e-17
4500.877 5.992e-17
4501.753 6.017e-17
4502.630 6.043e-17
4503.507 6.068e-17
4504.383 6.094e-17
4505.260 6.119e-17
4506.137 6.145e-17
4507.013 6.141e-17
4507.890 6.130e-17
4508.767 6.119e-17
4509.643 6.108e-17
4510.520 6.097e-17
4511.397 6.086e-17
4512.273 6.076e-17
4513.150 6.065e-17
4514.027 6.054e-17
4514.903 6.043e-17
4515.780 6.033e-17
4516.657 6.009e-17
4517.533 5.967e-17
4518.410 5.925e-17
4519.287 5.882e-17
4520.163 5.840e-17
4521.040 5.798e-17
4521.917 5.756e-17
4522.793 5.714e-17
4523.670 5.672e-17
4524.547 5.630e-17
4525.423 5.588e-17
4526.300 5.547e-17
4527.177 5.551e-17
4528.053 5.555e-17
4528.930 5.560e-17
4529.807 5.572e-17
4530.683 5.569e-17
4531.560 5.573e-17
4532.437 5.578e-17
4533.313 5.582e-17
4534.190 5.587e-17
4535.067 5.592e-17
4535.943 5.596e-17
4536.820 5.598e-17
4537.697 5.597e-17
4538.573 5.597e-17
4539.450 5.597e-17
4540.327 5.597e-17
4541.203 5.597e-17
4542.080 5.596e-17
4542.957 6.624e-17
4543.833 5.596e-17
4544.710 5.595e-17
4545.587 5.955e-17
4546.463 5.597e-17
4547.340 5.607e-17
4548.217 5.618e-17
4549.093 5.628e-17
4549.970 5.639e-17
4550.847 5.649e-17
4551.723 5.660e-17
4552.600 5.670e-17
4553.477 5.680e-17
4554.353 6.033e-17
4555.230 5.701e-17
4556.107 5.711e-17
4556.983 5.720e-17
4557.860 5.727e-17
4558.737 5.735e-17
4559.613 5.742e-17
4560.490 5.750e-17
4561.367 5.757e-17
4562.243 5.764e-17
4563.120 5.772e-17
4563.997 5.779e-17
4564.873 5.787e-17
4565.750 5.794e-17
4566.627 5.800e-17
4567.503 5.802e-17
4568.380 5.805e-17
4569.257 5.969e-17
4570.133 5.811e-17
4571.010 5.813e-17
4571.887 5.816e-17
4572.763 5.819e-17
4573.640 5.822e-17
4574.517 5.824e-17
4575.393 5.827e-17
4576.270 5.829e-17
4577.147 5.798e-17
4578.023 5.766e-17
4578.900 5.734e-17
4579.777 5.702e-17
4580.653 5.669e-17
4581.530 5.637e-17
4582.407 5.605e-17
4583.283 5.573e-17
4584.160 5.617e-17
4585.037 5.509e-17
4585.913 5.477e-17
4586.790 5.466e-17
4587.667 5.473e-17
4588.543 5.479e-17
4589.420 5.485e-17
4590.297 5.491e-17
4591.173 5.497e-17
4592.050 5.503e-17
4592.927 5.510e-17
4593.803 5.516e-17
4594.680 5.522e-17
4595.557 5.528e-17
4596.433 5.534e-17
4597.310 5.538e-17
4598.187 5.543e-17
4599.063 5.547e-17
4599.940 5.552e-17
4600.817 5.556e-17
4601.693 5.561e-17
4602.570 5.565e-17
4603.447 5.570e-17
4604.323 5.574e-17
4605.200 5.579e-17
4606.077 5.583e-17
4606.953 5.585e-17
4607.830 5.586e-17
4608.707 5.587e-17
4609.583 5.587e-17
4610.460 5.588e-17
4611.337 5.589e-17
4612.213 5.590e-17
4613.090 5.591e-17
4613.967 5.592e-17
4614.843 5.592e-17
4615.720 5.593e-17
4616.597 5.597e-17
4617.473 5.605e-17
4618.350 5.614e-17
4619.227 5.622e-17
4620.103 5.631e-17
4620.980 5.639e-17
4621.857 5.648e-17
4622.733 5.656e-17
4623.610 5.664e-17
4624.487 5.673e-17
4625.363 5.681e-17
4626.240 5.690e-17
4627.117 5.674e-17
4627.993 5.658e-17
4628.870 5.641e-17
4629.747 5.624e-17
4630.623 5.607e-17
4631.500 5.591e-17
4632.377 5.574e-17
4633.253 5.557e-17
4634.130 5.540e-17
4635.007 5.524e-17
4635.883 5.507e-17
4636.760 5.491e-17
4637.637 5.474e-17
4638.513 5.457e-17
4639.390 5.441e-17
4640.267 5.424e-17
4641.143 5.407e-17
4642.020 5.391e-17
4642.897 5.374e-17
4643.773 5.358e-17
4644.650 5.341e-17
4645.527 5.325e-17
4646.403 5.312e-17
4647.280 5.324e-17
4648.157 5.336e-17
4649.033 5.348e-17
4649.910 5.361e-17
4650.787 5.373e-17
4651.663 5.385e-17
4652.540 5.397e-17
4653.417 5.409e-17
4654.293 5.421e-17
4655.170 5.433e-17
4656.047 5.445e-17
4656.923 5.428e-17
4657.800 5.399e-17
4658.677 5.372e-17
4659.553 5.345e-17
4660.430 5.318e-17
4661.307 5.292e-17
4662.183 5.265e-17
4663.060 5.238e-17
4663.937 5.211e-17
4664.813 5.185e-17
4665.690 5.158e-17
4666.567 5.146e-17
4667.443 5.166e-17
4668.320 5.186e-17
4669.197 5.207e-17
4670.073 5.227e-17
4670.950 5.248e-17
4671.827 5.268e-17
4672.703 5.289e-17
4673.580 5.564e-17
4674.457 5.329e-17
4675.333 5.350e-17
4676.210 5.370e-17
4677.087 6.538e-17
4677.963 5.363e-17
4678.840 5.358e-17
4679.717 5.353e-17
4680.593 5.348e-17
4681.470 5.343e-17
4682.347 5.338e-17
4683.223 5.334e-17
4684.100 5.329e-17
4684.977 5.324e-17
4685.853 5.319e-17
4686.730 5.316e-17
4687.607 5.314e-17
4688.483 5.313e-17
4689.360 5.312e-17
4690.237 5.311e-17
4691.113 5.309e-17
4691.990 5.307e-17
4692.867 5.307e-17
4693.743 5.306e-17
4694.620 5.304e-17
4695.497 5.303e-17
4696.373 5.300e-17
4697.250 5.274e-17
4698.127 5.247e-17
4699.003 5.224e-17
4699.880 5.199e-17
4700.757 5.174e-17
4701.633 5.150e-17
4702.510 5.125e-17
4703.387 5.100e-17
4704.263 5.076e-17
4705.140 5.052e-17
4706.017 5.027e-17
4706.893 5.040e-17
4707.770 5.071e-17
4708.647 5.102e-17
4709.523 5.133e-17
4710.400 5.164e-17
4711.277 5.196e-17
4712.153 5.226e-17
4713.030 5.258e-17
4713.907 5.289e-17
4714.783 5.320e-17
4715.660 5.351e-17
4716.537 5.376e-17
4717.413 5.380e-17
4718.290 5.386e-17
4719.167 5.391e-17
4720.043 5.396e-17
4720.920 5.401e-17
4721.797 5.406e-17
4722.673 5.412e-17
4723.550 5.417e-17
4724.427 5.422e-17
4725.303 5.427e-17
4726.180 5.432e-17
4727.057 5.424e-17
4727.933 5.413e-17
4728.810 5.402e-17
4729.687 5.391e-17
4730.563 5.378e-17
4731.440 5.370e-17
4732.317 5.359e-17
4733.193 5.348e-17
4734.070 5.337e-17
4734.947 5.326e-17
4735.823 5.315e-17
4736.700 5.315e-17
4737.577 5.328e-17
4738.453 5.341e-17
4739.330 5.354e-17
4740.207 5.367e-17
4741.083 5.380e-17
4741.960 5.393e-17
4742.837 5.406e-17
4743.713 5.419e-17
4744.590 5.432e-17
4745.467 5.445e-17
4746.343 5.457e-17
4747.220 5.449e-17
4748.097 5.441e-17
4748.973 5.433e-17
4749.850 5.424e-17
4750.727 5.415e-17
4751.603 5.405e-17
4752.480 5.395e-17
4753.357 5.384e-17
4754.233 5.374e-17
4755.110 5.364e-17
4755.987 5.354e-17
4756.863 5.341e-17
4757.740 5.325e-17
4758.617 5.310e-17
4759.493 5.294e-17
4760.370 5.278e-17
4761.247 5.262e-17
4762.123 5.247e-17
4763.000 5.231e-17
4763.877 5.216e-17
4764.753 5.201e-17
4765.630 5.186e-17
4766.507 5.180e-17
4767.383 5.203e-17
4768.260 5.227e-17
4769.137 5.251e-17
4770.013 5.275e-17
4770.890 5.299e-17
4771.767 5.323e-17
4772.643 5.347e-17
4773.520 5.371e-17
4774.397 5.395e-17
4775.273 5.419e-17
4776.150 5.443e-17
4777.027 5.434e-17
4777.903 5.419e-17
4778.780 5.403e-17
4779.657 5.387e-17
4780.533 5.371e-17
4781.410 5.355e-17
4782.287 5.340e-17
4783.163 5.324e-17
4784.040 5.309e-17
4784.917 5.293e-17
4785.793 5.278e-17
4786.670 5.274e-17
4787.547 5.287e-17
4788.423 5.300e-17
4789.300 5.314e-17
4790.177 5.327e-17
4791.053 5.340e-17
4791.930 5.353e-17
4792.807 5.366e-17
4793.683 5.380e-17
4794.560 5.393e-17
4795.437 5.406e-17
4796.313 5.418e-17
4797.190 5.408e-17
4798.067 5.398e-17
4798.943 5.388e-17
4799.820 5.378e-17
4800.697 5.368e-17
4801.573 5.358e-17
4802.450 5.347e-17
4803.327 5.337e-17
4804.203 5.327e-17
4805.080 5.316e-17
4805.957 5.306e-17
4806.833 5.308e-17
4807.710 5.318e-17
4808.587 5.328e-17
4809.463 5.339e-17
4810.340 5.349e-17
4811.217 5.359e-17
4812.093 5.369e-17
4812.970 5.729e-17
4813.847 5.547e-17
4814.723 5.399e-17
4815.600 5.409e-17
4816.477 5.417e-17
4817.353 5.401e-17
4818.230 5.385e-17
4819.107 5.369e-17
4819.983 5.353e-17
4820.860 5.337e-17
4821.737 5.322e-17
4822.613 5.306e-17
4823.490 5.290e-17
4824.367 5.274e-17
4825.243 5.724e-17
4826.120 5.283e-17
4826.997 5.235e-17
4827.873 5.233e-17
4828.750 5.230e-17
4829.627 5.228e-17
4830.503 5.225e-17
4831.380 5.223e-17
4832.257 5.220e-17
4833.133 5.218e-17
4834.010 5.216e-17
4834.887 5.213e-17
4835.763 5.211e-17
4836.640 5.206e-17
4837.517 5.194e-17
4838.393 5.181e-17
4839.270 5.169e-17
4840.147 5.156e-17
4841.023 5.144e-17
4841.900 5.132e-17
4842.777 5.119e-17
4843.653 5.107e-17
4844.530 5.095e-17
4845.407 5.083e-17
4846.283 5.070e-17
4847.160 5.040e-17
4848.037 5.009e-17
4848.913 4.978e-17
4849.790 4.947e-17
4850.667 4.917e-17
4851.543 4.887e-17
4852.420 4.856e-17
4853.297 4.825e-17
4854.173 4.795e-17
4855.050 4.765e-17
4855.927 4.734e-17
4856.803 4.697e-17
4857.680 4.652e-17
4858.557 4.607e-17
4859.433 4.563e-17
4860.310 4.518e-17
4861.187 4.473e-17
4862.063 4.428e-17
4862.940 4.384e-17
4863.817 4.339e-17
4864.693 4.294e-17
4865.570 4.249e-17
4866.447 4.209e-17
4867.323 4.251e-17
4868.200 4.293e-17
4869.077 4.335e-17
4869.953 4.377e-17
4870.830 4.418e-17
4871.707 4.459e-17
4872.583 4.502e-17
4873.460 4.543e-17
4874.337 4.585e-17
4875.213 4.627e-17
4876.090 4.668e-17
4876.967 4.693e-17
4877.843 4.709e-17
4878.720 4.725e-17
4879.597 4.741e-17
4880.473 4.757e-17
4881.350 4.773e-17
4882.227 4.788e-17
4883.103 4.804e-17
4883.980 5.448e-17
4884.857 4.836e-17
4885.733 4.851e-17
4886.610 4.865e-17
4887.487 4.873e-17
4888.363 4.881e-17
4889.240 4.889e-17
4890.117 4.896e-17
4890.993 4.904e-17
4891.870 4.912e-17
4892.747 4.919e-17
4893.623 4.927e-17
4894.500 4.934e-17
4895.377 4.942e-17
4896.253 4.950e-17
4897.130 4.958e-17
4898.007 4.966e-17
4898.883 4.974e-17
4899.760 4.981e-17
4900.637 4.989e-17
4901.513 4.997e-17
4902.390 5.005e-17
4903.267 5.013e-17
4904.143 5.020e-17
4905.020 5.028e-17
4905.897 5.036e-17
4906.773 5.030e-17
4907.650 5.005e-17
4908.527 4.980e-17
4909.403 4.956e-17
4910.280 4.931e-17
4911.157 4.906e-17
4912.033 4.881e-17
4912.910 4.857e-17
4913.787 4.832e-17
4914.663 4.807e-17
4915.540 4.783e-17
4916.417 4.759e-17
4917.293 4.757e-17
4918.170 4.755e-17
4919.047 4.753e-17
4919.923 4.751e-17
4920.800 4.750e-17
4921.677 4.748e-17
4922.553 4.746e-17
4923.430 4.744e-17
4924.307 4.742e-17
4925.183 4.741e-17
4926.060 4.739e-17
4926.937 4.736e-17
4927.813 4.733e-17
4928.690 4.729e-17
4929.567 4.726e-17
4930.443 4.722e-17
4931.320 4.719e-17
4932.197 4.715e-17
4933.073 4.712e-17
4933.950 4.708e-17
4934.827 4.705e-17
4935.703 4.702e-17
4936.580 4.706e-17
4937.457 4.738e-17
4938.333 4.771e-17
4939.210 7.401e-17
4940.087 4.837e-17
4940.963 4.869e-17
4941.840 4.902e-17
4942.717 4.935e-17
4943.593 4.967e-17
4944.470 5.000e-17
4945.347 5.032e-17
4946.223 5.065e-17
4947.100 5.048e-17
4947.977 5.020e-17
4948.853 4.991e-17
4949.730 4.962e-17
4950.607 4.933e-17
4951.483 4.905e-17
4952.360 4.876e-17
4953.237 4.847e-17
4954.113 4.818e-17
4954.990 4.790e-17
4955.867 4.761e-17
4956.743 4.750e-17
4957.620 4.766e-17
4958.497 4.783e-17
4959.373 4.799e-17
4960.250 4.815e-17
4961.127 4.832e-17
4962.003 4.848e-17
4962.880 4.864e-17
4963.757 4.880e-17
4964.633 5.120e-17
4965.510 4.913e-17
4966.387 4.929e-17
4967.263 4.927e-17
4968.140 4.925e-17
4969.017 4.923e-17
4969.893 4.921e-17
4970.770 4.919e-17
4971.647 4.917e-17
4972.523 4.915e-17
4973.400 4.913e-17
4974.277 4.911e-17
4975.153 4.909e-17
4976.030 4.907e-17
4976.907 4.888e-17
4977.783 4.855e-17
4978.660 4.823e-17
4979.537 4.790e-17
4980.413 4.757e-17
4981.290 4.725e-17
4982.167 4.693e-17
4983.043 4.660e-17
4983.920 4.628e-17
4984.797 4.595e-17
4985.673 4.563e-17
4986.550 4.539e-17
4987.427 4.558e-17
4988.303 4.576e-17
4989.180 4.595e-17
4990.057 4.613e-17
4990.933 4.631e-17
4991.810 4.650e-17
4992.687 4.668e-17
4993.563 4.687e-17
4994.440 4.705e-17
4995.317 4.723e-17
4996.193 4.741e-17
4997.070 4.727e-17
4997.947 4.702e-17
4998.823 4.678e-17
4999.700 4.653e-17
5000.577 4.629e-17
5001.453 4.605e-17
5002.330 4.582e-17
5003.207 4.558e-17
5004.083 4.534e-17
5004.960 4.511e-17
5005.837 4.859e-17
5006.713 4.468e-17
5007.590 4.458e-17
5008.467 4.448e-17
5009.343 4.438e-17
5010.220 4.428e-17
5011.097 4.417e-17
5011.973 4.407e-17
5012.850 4.397e-17
5013.727 4.386e-17
5014.603 4.377e-17
5015.480 4.366e-17
5016.357 4.356e-17
5017.233 4.370e-17
5018.110 4.383e-17
5018.987 4.399e-17
5019.863 4.414e-17
5020.740 4.428e-17
5021.617 4.443e-17
5022.493 4.458e-17
5023.370 4.473e-17
5024.247 4.488e-17
5025.123 4.502e-17
5026.000 4.512e-17
5026.877 4.527e-17
5027.753 4.533e-17
5028.630 4.540e-17
5029.507 4.546e-17
5030.383 4.552e-17
5031.260 4.560e-17
5032.137 4.566e-17
5033.013 4.573e-17
5033.890 4.579e-17
5034.767 4.585e-17
5035.643 4.589e-17
5036.520 4.595e-17
5037.397 4.582e-17
5038.273 4.568e-17
5039.150 4.519e-17
5040.027 4.540e-17
5040.903 4.522e-17
5041.780 4.512e-17
5042.657 4.498e-17
5043.533 4.467e-17
5044.410 4.463e-17
5045.287 4.453e-17
5046.163 4.443e-17
5047.040 4.455e-17
5047.917 4.479e-17
5048.793 4.500e-17
5049.670 4.525e-17
5050.547 4.548e-17
5051.423 4.570e-17
5052.300 4.594e-17
5053.177 4.616e-17
5054.053 4.639e-17
5054.930 4.662e-17
5055.807 4.685e-17
5056.683 4.697e-17
5057.560 4.690e-17
5058.437 4.683e-17
5059.313 4.676e-17
5060.190 4.669e-17
5061.067 4.661e-17
5061.943 4.654e-17
5062.820 4.647e-17
5063.697 4.638e-17
5064.573 4.633e-17
5065.450 4.625e-17
5066.327 4.618e-17
5067.203 4.605e-17
5068.080 4.595e-17
5068.957 4.583e-17
5069.833 4.572e-17
5070.710 4.560e-17
5071.587 4.539e-17
5072.463 4.535e-17
5073.340 4.525e-17
5074.217 4.509e-17
5075.093 4.502e-17
5075.970 4.491e-17
5076.847 4.486e-17
5077.723 4.484e-17
5078.600 4.489e-17
5079.477 4.490e-17
5080.353 4.490e-17
5081.230 4.493e-17
5082.107 4.495e-17
5082.983 4.496e-17
5083.860 4.498e-17
5084.737 4.499e-17
5085.613 4.495e-17
5086.490 4.502e-17
5087.367 4.500e-17
5088.243 4.499e-17
5089.120 4.498e-17
5089.997 4.496e-17
5090.873 4.494e-17
5091.750 4.493e-17
5092.627 4.491e-17
5093.503 4.489e-17
5094.380 4.488e-17
5095.257 4.484e-17
5096.133 4.485e-17
5097.010 4.488e-17
5097.887 4.492e-17
5098.763 4.497e-17
5099.640 4.503e-17
5100.517 4.508e-17
5101.393 4.512e-17
5102.270 4.517e-17
5103.147 4.519e-17
5104.023 4.527e-17
5104.900 4.532e-17
5105.777 4.537e-17
5106.653 4.543e-17
5107.530 4.552e-17
5108.407 4.561e-17
5109.283 4.569e-17
5110.160 4.578e-17
5111.037 4.586e-17
5111.913 4.595e-17
5112.790 4.603e-17
5113.667 4.612e-17
5114.543 4.620e-17
5115.420 4.629e-17
5116.297 4.637e-17
5117.173 4.615e-17
5118.050 4.589e-17
5118.927 4.564e-17
5119.803 4.538e-17
5120.680 4.512e-17
5121.557 4.486e-17
5122.433 4.460e-17
5123.310 4.435e-17
5124.187 4.408e-17
5125.063 4.383e-17
5125.940 4.357e-17
5126.817 4.343e-17
5127.693 4.340e-17
5128.570 4.338e-17
5129.447 4.336e-17
5130.323 4.334e-17
5131.200 4.332e-17
5132.077 4.330e-17
5132.953 4.327e-17
5133.830 4.325e-17
5134.707 4.323e-17
5135.583 4.321e-17
5136.460 4.319e-17
5137.337 4.320e-17
5138.213 4.322e-17
5139.090 4.323e-17
5139.967 4.324e-17
5140.843 4.326e-17
5141.720 4.327e-17
5142.597 4.328e-17
5143.473 4.330e-17
5144.350 4.331e-17
5145.227 4.333e-17
5146.103 4.334e-17
5146.980 4.337e-17
5147.857 4.341e-17
5148.733 4.344e-17
5149.610 4.348e-17
5150.487 4.352e-17
5151.363 4.356e-17
5152.240 4.360e-17
5153.117 4.363e-17
5153.993 4.367e-17
5154.870 4.371e-17
5155.747 4.375e-17
5156.623 4.366e-17
5157.500 4.322e-17
5158.377 4.277e-17
5159.253 4.232e-17
5160.130 4.188e-17
5161.007 4.143e-17
5161.883 4.099e-17
5162.760 4.054e-17
5163.637 4.010e-17
5164.513 3.965e-17
5165.390 3.921e-17
5166.267 3.876e-17
5167.143 3.878e-17
5168.020 3.887e-17
5168.897 3.897e-17
5169.773 3.907e-17
5170.650 3.917e-17
5171.527 3.926e-17
5172.403 3.936e-17
5173.280 3.946e-17
5174.157 3.955e-17
5175.033 3.965e-17
5175.910 3.975e-17
5176.787 3.974e-17
5177.663 3.959e-17
5178.540 3.945e-17
5179.417 3.931e-17
5180.293 3.916e-17
5181.170 3.902e-17
5182.047 3.887e-17
5182.923 3.873e-17
5183.800 3.858e-17
5184.677 3.844e-17
5185.553 3.830e-17
5186.430 3.817e-17
5187.307 3.848e-17
5188.183 3.880e-17
5189.060 3.911e-17
5189.937 3.942e-17
5190.813 3.973e-17
5191.690 4.005e-17
5192.567 4.036e-17
5193.443 4.067e-17
5194.320 4.098e-17
5195.197 4.129e-17
5196.073 4.160e-17
5196.950 4.175e-17
5197.827 4.175e-17
5198.703 4.174e-17
5199.580 4.174e-17
5200.457 4.173e-17
5201.333 4.173e-17
5202.210 4.172e-17
5203.087 4.171e-17
5203.963 4.171e-17
5204.840 4.170e-17
5205.717 4.170e-17
5206.593 4.171e-17
5207.470 4.183e-17
5208.347 4.196e-17
5209.223 4.209e-17
5210.100 4.221e-17
5210.977 4.234e-17
5211.853 4.247e-17
5212.730 4.259e-17
5213.607 4.272e-17
5214.483 4.285e-17
5215.360 4.297e-17
5216.237 4.310e-17
5217.113 4.302e-17
5217.990 4.285e-17
5218.867 4.688e-17
5219.743 4.252e-17
5220.620 4.235e-17
5221.497 4.219e-17
5222.373 4.202e-17
5223.250 4.185e-17
5224.127 4.169e-17
5225.003 4.152e-17
5225.880 4.135e-17
5226.757 4.130e-17
5227.633 4.142e-17
5228.510 4.154e-17
5229.387 4.165e-17
5230.263 4.177e-17
5231.140 4.188e-17
5232.017 4.200e-17
5232.893 4.212e-17
5233.770 4.223e-17
5234.647 4.235e-17
5235.523 4.246e-17
5236.400 4.258e-17
5237.277 4.268e-17
5238.153 4.278e-17
5239.030 4.289e-17
5239.907 4.299e-17
5240.783 4.310e-17
5241.660 4.318e-17
5242.537 4.330e-17
5243.413 4.340e-17
5244.290 4.350e-17
5245.167 4.361e-17
5246.043 4.371e-17
5246.920 4.373e-17
5247.797 4.367e-17
5248.673 4.360e-17
5249.550 4.354e-17
5250.427 4.347e-17
5251.303 5.509e-17
5252.180 4.334e-17
5253.057 4.328e-17
5253.933 4.321e-17
5254.810 4.314e-17
5255.687 4.341e-17
5256.563 4.299e-17
5257.440 4.686e-17
5258.317 4.229e-17
5259.193 4.155e-17
5260.070 4.107e-17
5260.947 4.059e-17
5261.823 4.012e-17
5262.700 4.326e-17
5263.577 3.916e-17
5264.453 3.868e-17
5265.330 3.821e-17
5266.207 3.773e-17
5267.083 3.775e-17
5267.960 3.801e-17
5268.837 3.828e-17
5269.713 3.855e-17
5270.590 3.881e-17
5271.467 3.908e-17
5272.343 3.935e-17
5273.220 3.961e-17
5274.097 3.988e-17
5274.973 4.015e-17
5275.850 4.041e-17
5276.727 4.064e-17
5277.603 6.268e-17
5278.480 4.085e-17
5279.357 4.097e-17
5280.233 4.108e-17
5281.110 4.119e-17
5281.987 4.130e-17
5282.863 4.141e-17
5283.740 4.152e-17
5284.617 4.163e-17
5285.493 4.174e-17
5286.370 4.185e-17
5287.247 4.189e-17
5288.123 4.191e-17
5289.000 4.193e-17
5289.877 4.196e-17
5290.753 4.198e-17
5291.630 4.201e-17
5292.507 4.203e-17
5293.383 4.205e-17
5294.260 4.208e-17
5295.137 4.210e-17
5296.013 4.212e-17
5296.890 4.216e-17
5297.767 4.221e-17
5298.643 4.225e-17
5299.520 4.230e-17
5300.397 4.235e-17
5301.273 4.239e-17
5302.150 4.244e-17
5303.027 4.249e-17
5303.903 4.253e-17
5304.780 4.258e-17
5305.657 4.263e-17
5306.533 4.267e-17
5307.410 4.268e-17
5308.287 4.269e-17
5309.163 4.269e-17
5310.040 4.270e-17
5310.917 4.271e-17
5311.793 4.271e-17
5312.670 4.272e-17
5313.547 4.272e-17
5314.423 4.273e-17
5315.300 4.274e-17
5316.177 4.274e-17
5317.053 4.252e-17
5317.930 4.217e-17
5318.807 4.182e-17
5319.683 4.146e-17
5320.560 4.111e-17
5321.437 4.076e-17
5322.313 4.041e-17
5323.190 4.006e-17
5324.067 3.971e-17
5324.943 3.935e-17
5325.820 3.900e-17
5326.697 3.928e-17
5327.573 3.905e-17
5328.450 3.931e-17
5329.327 3.956e-17
5330.203 3.982e-17
5331.080 4.027e-17
5331.957 5.630e-17
5332.833 4.060e-17
5333.710 4.086e-17
5334.587 4.111e-17
5335.463 4.137e-17
5336.340 4.163e-17
5337.217 4.157e-17
5338.093 4.145e-17
5338.970 4.133e-17
5339.847 4.120e-17
5340.723 4.108e-17
5341.600 4.095e-17
5342.477 4.083e-17
5343.353 4.070e-17
5344.230 4.058e-17
5345.107 4.046e-17
5345.983 4.033e-17
5346.860 4.035e-17
5347.737 4.057e-17
5348.613 4.080e-17
5349.490 4.102e-17
5350.367 4.124e-17
5351.243 4.146e-17
5352.120 4.168e-17
5352.997 4.190e-17
5353.873 4.212e-17
5354.750 4.234e-17
5355.627 4.532e-17
5356.503 4.277e-17
5357.380 4.256e-17
5358.257 4.234e-17
5359.133 4.212e-17
5360.010 4.190e-17
5360.887 4.169e-17
5361.763 4.147e-17
5362.640 4.125e-17
5363.517 4.103e-17
5364.393 4.082e-17
5365.270 4.060e-17
5366.147 4.038e-17
5367.023 4.030e-17
5367.900 4.031e-17
5368.777 4.032e-17
5369.653 4.033e-17
5370.530 4.033e-17
5371.407 4.034e-17
5372.283 4.035e-17
5373.160 4.036e-17
5374.037 4.037e-17
5374.913 4.038e-17
5375.790 4.038e-17
5376.667 4.039e-17
5377.543 4.042e-17
5378.420 4.045e-17
5379.297 4.048e-17
5380.173 4.050e-17
5381.050 4.053e-17
5381.927 4.056e-17
5382.803 4.058e-17
5383.680 4.061e-17
5384.557 4.063e-17
5385.433 4.066e-17
5386.310 4.069e-17
5387.187 4.059e-17
5388.063 4.045e-17
5388.940 4.031e-17
5389.817 4.018e-17
5390.693 4.004e-17
5391.570 3.991e-17
5392.447 3.977e-17
5393.323 3.963e-17
5394.200 3.950e-17
5395.077 3.936e-17
5395.953 3.923e-17
5396.830 3.910e-17
5397.707 3.898e-17
5398.583 3.886e-17
5399.460 3.872e-17
5400.337 3.862e-17
5401.213 3.850e-17
5402.090 3.838e-17
5402.967 3.826e-17
5403.843 3.811e-17
5404.720 3.802e-17
5405.597 3.790e-17
5406.473 3.778e-17
5407.350 3.795e-17
5408.227 3.812e-17
5409.103 3.830e-17
5409.980 3.849e-17
5410.857 3.866e-17
5411.733 3.885e-17
5412.610 3.902e-17
5413.487 3.920e-17
5414.363 3.936e-17
5415.240 3.956e-17
5416.117 3.973e-17
5416.993 3.975e-17
5417.870 3.965e-17
5418.747 3.951e-17
5419.623 3.943e-17
5420.500 3.932e-17
5421.377 3.921e-17
5422.253 3.909e-17
5423.130 3.900e-17
5424.007 3.889e-17
5424.883 3.878e-17
5425.760 3.867e-17
5426.637 3.860e-17
5427.513 3.867e-17
5428.390 3.875e-17
5429.267 3.883e-17
5430.143 3.887e-17
5431.020 3.899e-17
5431.897 3.907e-17
5432.773 3.915e-17
5433.650 3.923e-17
5434.527 3.931e-17
5435.403 3.936e-17
5436.280 3.943e-17
5437.157 3.940e-17
5438.033 3.947e-17
5438.910 3.945e-17
5439.787 3.945e-17
5440.663 3.945e-17
5441.540 3.946e-17
5442.417 3.947e-17
5443.293 3.948e-17
5444.170 3.949e-17
5445.047 3.949e-17
5445.923 3.950e-17
5446.800 3.952e-17
5447.677 3.957e-17
5448.553 3.961e-17
5449.430 3.966e-17
5450.307 3.970e-17
5451.183 3.975e-17
5452.060 3.980e-17
5452.937 3.984e-17
5453.813 3.989e-17
5454.690 3.993e-17
5455.567 3.998e-17
5456.443 4.003e-17
5457.320 3.999e-17
5458.197 3.997e-17
5459.073 3.994e-17
5459.950 3.991e-17
5460.827 3.988e-17
5461.703 3.986e-17
5462.580 3.983e-17
5463.457 3.978e-17
5464.333 3.976e-17
5465.210 3.973e-17
5466.087 3.972e-17
5466.963 3.967e-17
5467.840 3.960e-17
5468.717 3.952e-17
5469.593 3.946e-17
5470.470 3.938e-17
5471.347 3.931e-17
5472.223 3.925e-17
5473.100 3.918e-17
5473.977 3.911e-17
5474.853 3.904e-17
5475.730 3.897e-17
5476.607 3.891e-17
5477.483 3.897e-17
5478.360 3.902e-17
5479.237 3.906e-17
5480.113 3.915e-17
5480.990 3.921e-17
5481.867 3.925e-17
5482.743 3.932e-17
5483.620 3.938e-17
5484.497 3.945e-17
5485.373 3.950e-17
5486.250 3.956e-17
5487.127 3.962e-17
5488.003 3.968e-17
5488.880 3.975e-17
5489.757 3.981e-17
5490.633 3.987e-17
5491.510 3.990e-17
5492.387 3.993e-17
5493.263 3.995e-17
5494.140 3.998e-17
5495.017 4.000e-17
5495.893 4.002e-17
5496.770 4.000e-17
5497.647 3.992e-17
5498.523 3.983e-17
5499.400 3.974e-17
5500.277 3.965e-17
5501.153 3.957e-17
5502.030 3.949e-17
5502.907 3.940e-17
5503.783 3.932e-17
5504.660 3.924e-17
5505.537 3.916e-17
5506.413 3.908e-17
5507.290 3.906e-17
5508.167 3.905e-17
5509.043 3.903e-17
5509.920 3.902e-17
5510.797 3.901e-17
5511.673 3.900e-17
5512.550 3.899e-17
5513.427 3.898e-17
5514.303 3.897e-17
5515.180 3.896e-17
5516.057 3.895e-17
5516.933 3.891e-17
5517.810 3.884e-17
5518.687 3.877e-17
5519.563 3.870e-17
5520.440 3.864e-17
5521.317 3.857e-17
5522.193 3.850e-17
5523.070 3.843e-17
5523.947 3.837e-17
5524.823 3.830e-17
5525.700 3.823e-17
5526.577 3.817e-17
5527.453 3.821e-17
5528.330 3.824e-17
5529.207 3.827e-17
5530.083 3.830e-17
5530.960 3.834e-17
5531.837 3.837e-17
5532.713 3.840e-17
5533.590 3.843e-17
5534.467 3.847e-17
5535.343 3.850e-17
5536.220 3.853e-17
5537.097 3.854e-17
5537.973 3.854e-17
5538.850 3.856e-17
5539.727 3.859e-17
5540.603 3.861e-17
5541.480 3.863e-17
5542.357 3.866e-17
5543.233 3.868e-17
5544.110 3.870e-17
5544.987 4.490e-17
5545.863 3.875e-17
5546.740 3.876e-17
5547.617 3.876e-17
5548.493 3.875e-17
5549.370 3.875e-17
5550.247 3.874e-17
5551.123 3.874e-17
5552.000 3.873e-17
5552.877 3.873e-17
5553.753 3.872e-17
5554.630 3.872e-17
5555.507 3.871e-17
5556.383 3.871e-17
5557.260 3.860e-17
5558.137 3.847e-17
5559.013 3.834e-17
5559.890 3.822e-17
5560.767 3.809e-17
5561.643 3.796e-17
5562.520 3.783e-17
5563.397 3.771e-17
5564.273 3.758e-17
5565.150 3.746e-17
5566.027 3.733e-17
5566.903 3.728e-17
5567.780 3.732e-17
5568.657 3.735e-17
5569.533 3.739e-17
5570.410 3.742e-17
5571.287 3.746e-17
5572.163 3.750e-17
5573.040 3.753e-17
5573.917 3.757e-17
5574.793 3.760e-17
5575.670 3.764e-17
5576.547 3.767e-17
5577.423 3.757e-17
5578.300 3.747e-17
5579.177 3.737e-17
5580.053 3.727e-17
5580.930 3.717e-17
5581.807 3.707e-17
5582.683 3.697e-17
5583.560 3.687e-17
5584.437 3.677e-17
5585.313 3.667e-17
5586.190 3.657e-17
5587.067 3.656e-17
5587.943 3.659e-17
5588.820 3.662e-17
5589.697 3.664e-17
5590.573 3.667e-17
5591.450 3.670e-17
5592.327 3.673e-17
5593.203 3.676e-17
5594.080 3.679e-17
5594.957 3.682e-17
5595.833 3.685e-17
5596.710 3.688e-17
5597.587 3.693e-17
5598.463 3.698e-17
5599.340 6.545e-17
5600.217 3.709e-17
5601.093 3.714e-17
5601.970 3.719e-17
5602.847 3.724e-17
5603.723 3.729e-17
5604.600 3.734e-17
5605.477 3.739e-17
5606.353 3.744e-17
5607.230 3.743e-17
5608.107 3.739e-17
5608.983 3.736e-17
5609.860 3.732e-17
5610.737 3.729e-17
5611.613 3.725e-17
5612.490 3.722e-17
5613.367 3.718e-17
5614.243 3.714e-17
5615.120 3.711e-17
5615.997 3.707e-17
5616.873 3.706e-17
5617.750 3.710e-17
5618.627 3.713e-17
5619.503 3.717e-17
5620.380 3.720e-17
5621.257 3.724e-17
5622.133 3.728e-17
5623.010 3.731e-17
5623.887 3.735e-17
5624.763 3.739e-17
5625.640 3.742e-17
5626.517 3.746e-17
5627.393 3.747e-17
5628.270 3.749e-17
5629.147 3.750e-17
5630.023 3.751e-17
5630.900 3.752e-17
5631.777 3.753e-17
5632.653 3.755e-17
5633.530 3.756e-17
5634.407 3.757e-17
5635.283 3.758e-17
5636.160 3.760e-17
5637.037 3.759e-17
5637.913 3.758e-17
5638.790 3.756e-17
5639.667 3.754e-17
5640.543 3.753e-17
5641.420 3.751e-17
5642.297 3.749e-17
5643.173 3.748e-17
5644.050 3.746e-17
5644.927 3.745e-17
5645.803 3.743e-17
5646.680 3.986e-17
5647.557 3.731e-17
5648.433 3.722e-17
5649.310 3.712e-17
5650.187 3.703e-17
5651.063 3.693e-17
5651.940 3.684e-17
5652.817 3.675e-17
5653.693 3.665e-17
5654.570 3.656e-17
5655.447 3.647e-17
5656.323 3.637e-17
5657.200 3.637e-17
5658.077 3.642e-17
5658.953 3.646e-17
5659.830 3.650e-17
5660.707 3.655e-17
5661.583 3.659e-17
5662.460 3.663e-17
5663.337 3.668e-17
5664.213 3.672e-17
5665.090 3.676e-17
5665.967 3.681e-17
5666.843 3.686e-17
5667.720 3.695e-17
5668.597 3.703e-17
5669.473 3.712e-17
5670.350 3.721e-17
5671.227 4.031e-17
5672.103 3.737e-17
5672.980 3.746e-17
5673.857 3.755e-17
5674.733 3.763e-17
5675.610 3.770e-17
5676.487 3.780e-17
5677.363 3.770e-17
5678.240 3.757e-17
5679.117 3.745e-17
5679.993 3.732e-17
5680.870 3.719e-17
5681.747 3.706e-17
5682.623 3.693e-17
5683.500 3.681e-17
5684.377 3.664e-17
5685.253 3.654e-17
5686.130 3.642e-17
5687.007 3.625e-17
5687.883 3.644e-17
5688.760 3.653e-17
5689.637 3.661e-17
5690.513 3.668e-17
5691.390 3.674e-17
5692.267 3.682e-17
5693.143 3.690e-17
5694.020 3.662e-17
5694.897 3.704e-17
5695.773 3.706e-17
5696.650 3.717e-17
5697.527 3.687e-17
5698.403 3.996e-17
5699.280 3.671e-17
5700.157 3.656e-17
5701.033 3.640e-17
5701.910 3.627e-17
5702.787 3.612e-17
5703.663 3.598e-17
5704.540 3.583e-17
5705.417 3.568e-17
5706.293 3.553e-17
5707.170 3.553e-17
5708.047 3.560e-17
5708.923 3.569e-17
5709.800 3.576e-17
5710.677 3.584e-17
5711.553 3.592e-17
5712.430 3.597e-17
5713.307 3.607e-17
5714.183 3.614e-17
5715.060 3.623e-17
5715.937 3.630e-17
5716.813 3.639e-17
5717.690 3.649e-17
5718.567 3.658e-17
5719.443 3.668e-17
5720.320 3.679e-17
5721.197 3.667e-17
5722.073 3.688e-17
5722.950 3.709e-17
5723.827 3.717e-17
5724.703 3.729e-17
5725.580 3.738e-17
5726.457 3.750e-17
5727.333 3.749e-17
5728.210 3.744e-17
5729.087 3.742e-17
5729.963 3.738e-17
5730.840 3.736e-17
5731.717 3.731e-17
5732.593 3.730e-17
5733.470 3.727e-17
5734.347 3.724e-17
5735.223 3.719e-17
5736.100 3.718e-17
5736.977 3.715e-17
5737.853 3.713e-17
5738.730 3.711e-17
5739.607 3.709e-17
5740.483 3.707e-17
5741.360 3.705e-17
5742.237 3.704e-17
5743.113 3.702e-17
5743.990 3.699e-17
5744.867 3.698e-17
5745.743 3.696e-17
5746.620 3.690e-17
5747.497 3.685e-17
5748.373 3.681e-17
5749.250 3.675e-17
5750.127 3.670e-17
5751.003 3.663e-17
5751.880 3.657e-17
5752.757 3.651e-17
5753.633 3.644e-17
5754.510 3.630e-17
5755.387 3.631e-17
5756.263 3.624e-17
5757.140 3.623e-17
5758.017 3.625e-17
5758.893 3.627e-17
5759.770 3.629e-17
5760.647 3.630e-17
5761.523 3.633e-17
5762.400 3.635e-17
5763.277 3.635e-17
5764.153 3.638e-17
5765.030 3.634e-17
5765.907 3.642e-17
5766.783 3.643e-17
5767.660 3.644e-17
5768.537 3.644e-17
5769.413 3.645e-17
5770.290 3.645e-17
5771.167 3.646e-17
5772.043 3.646e-17
5772.920 3.647e-17
5773.797 3.647e-17
5774.673 3.648e-17
5775.550 3.648e-17
5776.427 3.648e-17
5777.303 3.649e-17
5778.180 3.649e-17
5779.057 3.650e-17
5779.933 3.650e-17
5780.810 3.651e-17
5781.687 3.651e-17
5782.563 3.652e-17
5783.440 3.652e-17
5784.317 3.653e-17
5785.193 3.653e-17
5786.070 3.653e-17
5786.947 3.654e-17
5787.823 3.654e-17
5788.700 3.655e-17
5789.577 3.655e-17
5790.453 3.656e-17
5791.330 3.656e-17
5792.207 3.657e-17
5793.083 3.657e-17
5793.960 3.658e-17
5794.837 3.658e-17
5795.713 3.658e-17
5796.590 3.659e-17
5797.467 3.659e-17
5798.343 3.660e-17
5799.220 3.660e-17
5800.097 3.661e-17
5800.973 3.661e-17
5801.850 3.662e-17
5802.727 3.662e-17
5803.603 3.663e-17
5804.480 3.663e-17
5805.357 3.663e-17
5806.233 3.664e-17
5807.110 3.664e-17
5807.987 3.665e-17
5808.863 3.665e-17
5809.740 3.666e-17
5810.617 3.666e-17
5811.493 3.667e-17
5812.370 3.667e-17
5813.247 3.667e-17
5814.123 3.668e-17
5815.000 3.668e-17
5815.877 3.669e-17
5816.753 3.669e-17
5817.630 3.670e-17
5818.507 3.670e-17
5819.383 3.671e-17
5820.260 3.671e-17
5821.137 3.672e-17
5822.013 3.672e-17
5822.890 3.672e-17
5823.767 3.673e-17
5824.643 3.673e-17
5825.520 3.674e-17
5826.397 3.674e-17
5827.273 3.675e-17
5828.150 3.675e-17
5829.027 3.676e-17
5829.903 3.676e-17
5830.780 3.677e-17
5831.657 3.677e-17
5832.533 3.677e-17
5833.410 3.678e-17
5834.287 3.678e-17
5835.163 3.679e-17
5836.040 3.679e-17
5836.917 3.680e-17
5837.793 3.680e-17
5838.670 3.681e-17
5839.547 3.681e-17
5840.423 3.682e-17
5841.300 3.682e-17
5842.177 3.682e-17
5843.053 3.683e-17
5843.930 3.683e-17
5844.807 3.684e-17
5845.683 3.684e-17
5846.560 3.685e-17
5847.437 3.685e-17
5848.313 3.686e-17
5849.190 3.686e-17
5850.067 3.687e-17
5850.943 3.687e-17
5851.820 3.687e-17
5852.697 3.688e-17
5853.573 3.688e-17
5854.450 3.689e-17
5855.327 3.689e-17
5856.203 3.690e-17
5857.080 3.690e-17
5857.957 3.691e-17
5858.833 3.691e-17
5859.710 3.692e-17
5860.587 3.692e-17
5861.463 3.692e-17
5862.340 3.693e-17
5863.217 3.693e-17
5864.093 3.694e-17
5864.970 3.694e-17
5865.847 3.695e-17
5866.723 3.695e-17
5867.600 3.696e-17
5868.477 3.696e-17
5869.353 3.697e-17
5870.230 3.697e-17
5871.107 3.697e-17
5871.983 3.698e-17
5872.860 3.698e-17
5873.737 3.699e-17
5874.613 3.699e-17
5875.490 3.700e-17
5876.367 3.700e-17
5877.243 3.701e-17
5878.120 3.701e-17
5878.997 3.701e-17
5879.873 3.702e-17
5880.750 3.702e-17
5881.627 3.703e-17
5882.503 3.703e-17
5883.380 3.704e-17
5884.257 3.704e-17
5885.133 3.705e-17
5886.010 3.705e-17
5886.887 3.706e-17
5887.763 3.706e-17
5888.640 3.706e-17
5889.517 3.707e-17
5890.393 3.707e-17
5891.270 3.708e-17
5892.147 3.708e-17
5893.023 3.709e-17
5893.900 3.709e-17
5894.777 3.710e-17
5895.653 3.710e-17
5896.530 3.711e-17
5897.407 3.711e-17
5898.283 3.711e-17
5899.160 3.712e-17
5900.037 3.712e-17
5900.913 3.713e-17
5901.790 3.713e-17
5902.667 3.714e-17
5903.543 3.714e-17
5904.420 3.715e-17
5905.297 3.715e-17
5906.173 3.716e-17
5907.050 3.716e-17
5907.927 3.716e-17
5908.803 3.717e-17
5909.680 3.717e-17
5910.557 3.718e-17
5911.433 3.718e-17
5912.310 3.719e-17
5913.187 3.719e-17
5914.063 3.720e-17
5914.940 3.720e-17
5915.817 3.721e-17
5916.693 3.721e-17
5917.570 3.721e-17
5918.447 3.722e-17
5919.323 3.722e-17
5920.200 3.723e-17
5921.077 3.723e-17
5921.953 3.724e-17
5922.830 3.724e-17
5923.707 3.725e-17
5924.583 3.725e-17
5925.460 3.726e-17
5926.337 3.726e-17
5927.213 3.726e-17
5928.090 3.727e-17
5928.967 3.727e-17
5929.843 3.728e-17
5930.720 3.728e-17
5931.597 3.729e-17
5932.473 3.729e-17
5933.350 3.730e-17
5934.227 3.730e-17
5935.103 3.731e-17
5935.980 3.731e-17
5936.857 3.731e-17
5937.733 3.732e-17
5938.610 3.732e-17
5939.487 3.733e-17
5940.363 3.733e-17
5941.240 3.734e-17
5942.117 3.734e-17
5942.993 3.735e-17
5943.870 3.735e-17
5944.747 3.736e-17
5945.623 3.736e-17
5946.500 3.736e-17
5947.377 3.737e-17
5948.253 3.737e-17
5949.130 3.738e-17
5950.007 3.738e-17
5950.883 3.739e-17
5951.760 3.739e-17
5952.637 3.740e-17
5953.513 3.740e-17
5954.390 3.740e-17
5955.267 3.741e-17
5956.143 3.741e-17
5957.020 3.742e-17
5957.897 3.742e-17
5958.773 3.743e-17
5959.650 3.743e-17
5960.527 3.744e-17
5961.403 3.744e-17
5962.280 3.745e-17
5963.157 3.745e-17
5964.033 3.745e-17
5964.910 3.746e-17
5965.787 3.746e-17
5966.663 3.747e-17
5967.540 3.747e-17
5968.417 3.748e-17
5969.293 3.748e-17
5970.170 3.749e-17
5971.047 3.749e-17
5971.923 3.750e-17
5972.800 3.750e-17
5973.677 3.750e-17
5974.553 3.751e-17
5975.430 3.751e-17
5976.307 3.752e-17
5977.183 3.752e-17
5978.060 3.753e-17
5978.937 3.753e-17
5979.813 3.754e-17
5980.690 3.754e-17
5981.567 3.755e-17
5982.443 3.755e-17
5983.320 3.755e-17
5984.197 3.756e-17
5985.073 3.756e-17
5985.950 3.757e-17
5986.827 3.757e-17
5987.703 3.758e-17
5988.580 3.758e-17
5989.457 3.759e-17
5990.333 3.759e-17
5991.210 3.760e-17
5992.087 3.760e-17
5992.963 3.760e-17
5993.840 3.761e-17
5994.717 3.761e-17
5995.593 3.762e-17
5996.470 3.762e-17
5997.347 3.763e-17
5998.223 3.763e-17
5999.100 3.764e-17
5999.977 3.764e-17
6000.853 3.765e-17
6001.730 3.765e-17
6002.607 3.765e-17
6003.483 3.766e-17
6004.360 3.766e-17
6005.237 3.767e-17
6006.113 3.767e-17
6006.990 3.768e-17
6007.867 3.768e-17
6008.743 3.769e-17
6009.620 3.769e-17
6010.497 3.770e-17
6011.373 3.770e-17
6012.250 3.770e-17
6013.127 3.771e-17
6014.003 3.771e-17
6014.880 3.772e-17
6015.757 3.772e-17
6016.633 3.773e-17
6017.510 3.773e-17
6018.387 3.774e-17
6019.263 3.774e-17
6020.140 3.775e-17
6021.017 3.775e-17
6021.893 3.775e-17
6022.770 3.776e-17
6023.647 3.776e-17
6024.523 3.777e-17
6025.400 3.777e-17
6026.277 3.778e-17
6027.153 3.778e-17
6028.030 3.779e-17
6028.907 3.779e-17
6029.783 3.779e-17
6030.660 3.780e-17
6031.537 3.780e-17
6032.413 3.781e-17
6033.290 3.781e-17
6034.167 3.782e-17
6035.043 3.782e-17
6035.920 3.783e-17
6036.797 3.783e-17
6037.673 3.784e-17
6038.550 3.784e-17
6039.427 3.784e-17
6040.303 3.785e-17
6041.180 3.785e-17
6042.057 3.786e-17
6042.933 3.786e-17
6043.810 3.787e-17
6044.687 3.787e-17
6045.563 3.788e-17
6046.440 3.788e-17
6047.317 3.789e-17
6048.193 3.789e-17
6049.070 3.789e-17
6049.947 3.790e-17
6050.823 3.790e-17
6051.700 3.791e-17
6052.577 3.791e-17
6053.453 3.792e-17
6054.330 3.792e-17
6055.207 3.793e-17
6056.083 3.793e-17
6056.960 3.794e-17
6057.837 3.794e-17
6058.713 3.794e-17
6059.590 3.795e-17
6060.467 3.795e-17
6061.343 3.796e-17
6062.220 3.796e-17
6063.097 3.797e-17
6063.973 3.797e-17
6064.850 3.798e-17
6065.727 3.798e-17
6066.603 3.799e-17
6067.480 3.799e-17
6068.357 3.799e-17
6069.233 3.800e-17
6070.110 3.800e-17
6070.987 3.801e-17
6071.863 3.801e-17
6072.740 3.802e-17
6073.617 3.802e-17
6074.493 3.803e-17
6075.370 3.803e-17
6076.247 3.804e-17
6077.123 3.804e-17
6078.000 3.804e-17
6078.877 3.805e-17
6079.753 3.805e-17
6080.630 3.806e-17
6081.507 3.806e-17
6082.383 3.807e-17
6083.260 3.807e-17
6084.137 3.808e-17
6085.013 3.808e-17
6085.890 3.809e-17
6086.767 3.809e-17
6087.643 3.809e-17
6088.520 3.810e-17
6089.397 3.810e-17
6090.273 3.811e-17
6091.150 3.811e-17
6092.027 3.812e-17
6092.903 3.812e-17
6093.780 3.813e-17
6094.657 3.813e-17
6095.533 3.813e-17
6096.410 3.814e-17
6097.287 3.814e-17
6098.163 3.815e-17
6099.040 3.815e-17
6099.917 3.816e-17
6100.793 3.816e-17
6101.670 3.817e-17
6102.547 3.817e-17
6103.423 3.818e-17
6104.300 3.818e-17
6105.177 3.818e-17
6106.053 3.819e-17
6106.930 3.819e-17
6107.807 3.820e-17
6108.683 3.820e-17
6109.560 3.821e-17
6110.437 3.821e-17
6111.313 3.822e-17
6112.190 3.822e-17
6113.067 3.823e-17
6113.943 3.823e-17
6114.820 3.823e-17
6115.697 3.824e-17
6116.573 3.824e-17
6117.450 3.825e-17
6118.327 3.825e-17
6119.203 3.826e-17
6120.080 3.826e-17
6120.957 3.827e-17
6121.833 3.827e-17
6122.710 3.828e-17
6123.587 3.828e-17
6124.463 3.828e-17
6125.340 3.829e-17
6126.217 3.829e-17
6127.093 3.830e-17
6127.970 3.830e-17
6128.847 3.831e-17
6129.723 3.831e-17
6130.600 3.832e-17
6131.477 3.832e-17
6132.353 3.833e-17
6133.230 3.833e-17
6134.107 3.833e-17
6134.983 3.834e-17
6135.860 3.834e-17
6136.737 3.835e-17
6137.613 3.835e-17
6138.490 3.836e-17
6139.367 3.836e-17
6140.243 3.837e-17
6141.120 3.837e-17
6141.997 3.838e-17
6142.873 3.838e-17
6143.750 3.838e-17
6144.627 3.839e-17
6145.503 3.839e-17
6146.380 3.840e-17
6147.257 3.840e-17
6148.133 3.841e-17
6149.010 3.841e-17
6149.887 3.842e-17
6150.763 3.842e-17
6151.640 3.843e-17
6152.517 3.843e-17
6153.393 3.843e-17
6154.270 3.844e-17
6155.147 3.844e-17
6156.023 3.845e-17
6156.900 3.845e-17
6157.777 3.846e-17
6158.653 3.846e-17
6159.530 3.847e-17
6160.407 3.847e-17
6161.283 3.848e-17
6162.160 3.848e-17
6163.037 3.848e-17
6163.913 3.849e-17
6164.790 3.849e-17
6165.667 3.850e-17
6166.543 3.850e-17
6167.420 3.851e-17
6168.297 3.851e-17
6169.173 3.852e-17
6170.050 3.852e-17
6170.927 3.852e-17
6171.803 3.853e-17
6172.680 3.853e-17
6173.557 3.854e-17
6174.433 3.854e-17
6175.310 3.855e-17
6176.187 3.855e-17
6177.063 3.856e-17
6177.940 3.856e-17
6178.817 3.857e-17
6179.693 3.857e-17
6180.570 3.857e-17
6181.447 3.858e-17
6182.323 3.858e-17
6183.200 3.859e-17
6184.077 3.859e-17
6184.953 3.860e-17
6185.830 3.860e-17
6186.707 3.861e-17
6187.583 3.861e-17
6188.460 3.862e-17
6189.337 3.862e-17
6190.213 3.862e-17
6191.090 3.863e-17
6191.967 3.863e-17
6192.843 3.864e-17
6193.720 3.864e-17
6194.597 3.865e-17
6195.473 3.865e-17
6196.350 3.866e-17
6197.227 3.866e-17
6198.103 3.867e-17
6198.980 3.867e-17
6199.857 3.867e-17
6200.733 3.868e-17
6201.610 3.868e-17
6202.487 3.869e-17
6203.363 3.869e-17
6204.240 3.870e-17
6205.117 3.870e-17
6205.993 3.871e-17
6206.870 3.871e-17
6207.747 3.872e-17
6208.623 3.872e-17
6209.500 3.872e-17
6210.377 3.873e-17
6211.253 3.873e-17
6212.130 3.874e-17
6213.007 3.874e-17
6213.883 3.875e-17
6214.760 3.875e-17
6215.637 3.876e-17
6216.513 3.876e-17
6217.390 3.877e-17
6218.267 3.877e-17
6219.143 3.877e-17
6220.020 3.878e-17
6220.897 3.878e-17
6221.773 3.879e-17
6222.650 3.879e-17
6223.527 3.880e-17
6224.403 3.880e-17
6225.280 3.881e-17
6226.157 3.881e-17
6227.033 3.882e-17
6227.910 3.882e-17
6228.787 3.882e-17
6229.663 3.883e-17
6230.540 3.883e-17
6231.417 3.884e-17
6232.293 3.884e-17
6233.170 3.885e-17
6234.047 3.885e-17
6234.923 3.886e-17
6235.800 3.886e-17
6236.677 3.887e-17
6237.553 3.887e-17
6238.430 3.887e-17
6239.307 3.888e-17
6240.183 3.888e-17
6241.060 3.889e-17
6241.937 3.889e-17
6242.813 3.890e-17
6243.690 3.890e-17
6244.567 3.891e-17
6245.443 3.891e-17
6246.320 3.891e-17
6247.197 3.892e-17
6248.073 3.892e-17
6248.950 3.893e-17
6249.827 3.893e-17
6250.703 3.894e-17
6251.580 3.894e-17
6252.457 3.895e-17
6253.333 3.895e-17
6254.210 3.896e-17
6255.087 3.896e-17
6255.963 3.896e-17
6256.840 3.897e-17
6257.717 3.897e-17
6258.593 3.898e-17
6259.470 3.898e-17
6260.347 3.899e-17
6261.223 3.899e-17
6262.100 3.900e-17
6262.977 3.900e-17
6263.853 3.901e-17
6264.730 3.901e-17
6265.607 3.901e-17
6266.483 3.902e-17
6267.360 3.902e-17
6268.237 3.903e-17
6269.113 3.903e-17
6269.990 3.904e-17
6270.867 3.904e-17
6271.743 3.905e-17
6272.620 3.905e-17
6273.497 3.906e-17
6274.373 3.906e-17
6275.250 3.906e-17
6276.127 3.907e-17
6277.003 3.907e-17
6277.880 3.908e-17
6278.757 3.908e-17
6279.633 3.909e-17
6280.510 3.909e-17
6281.387 3.910e-17
6282.263 3.910e-17
6283.140 3.911e-17
6284.017 3.911e-17
6284.893 3.911e-17
6285.770 3.912e-17
6286.647 3.912e-17
6287.523 3.913e-17
6288.400 3.913e-17
6289.277 3.914e-17
6290.153 3.914e-17
6291.030 3.915e-17
6291.907 3.915e-17
6292.783 3.916e-17
6293.660 3.916e-17
6294.537 3.916e-17
6295.413 3.917e-17
6296.290 3.917e-17
6297.167 3.918e-17
6298.043 3.918e-17
6298.920 3.919e-17
6299.797 3.919e-17
6300.673 3.920e-17
6301.550 3.920e-17
6302.427 3.921e-17
6303.303 3.921e-17
6304.180 3.921e-17
6305.057 3.922e-17
6305.933 3.922e-17
6306.810 3.923e-17
6307.687 3.923e-17
6308.563 3.924e-17
6309.440 3.924e-17
6310.317 3.925e-17
6311.193 3.925e-17
6312.070 3.926e-17
6312.947 3.926e-17
6313.823 3.926e-17
6314.700 3.927e-17
6315.577 3.927e-17
6316.453 3.928e-17
6317.330 3.928e-17
6318.207 3.929e-17
6319.083 3.929e-17
6319.960 3.930e-17
6320.837 3.930e-17
6321.713 3.930e-17
6322.590 3.931e-17
6323.467 3.931e-17
6324.343 3.932e-17
6325.220 3.932e-17
6326.097 3.933e-17
6326.973 3.933e-17
6327.850 3.934e-17
6328.727 3.934e-17
6329.603 3.935e-17
6330.480 3.935e-17
6331.357 3.935e-17
6332.233 3.936e-17
6333.110 3.936e-17
6333.987 3.937e-17
6334.863 3.937e-17
6335.740 3.938e-17
6336.617 3.938e-17
6337.493 3.939e-17
6338.370 3.939e-17
6339.247 3.940e-17
6340.123 3.940e-17
6341.000 3.940e-17
6341.877 3.941e-17
6342.753 3.941e-17
6343.630 3.942e-17
6344.507 3.942e-17
6345.383 3.943e-17
6346.260 3.943e-17
6347.137 3.944e-17
6348.013 3.944e-17
6348.890 3.945e-17
6349.767 3.945e-17
6350.643 3.945e-17
6351.520 3.946e-17
6352.397 3.946e-17
6353.273 3.947e-17
6354.150 3.947e-17
6355.027 3.948e-17
6355.903 3.948e-17
6356.780 3.949e-17
6357.657 3.949e-17
6358.533 3.950e-17
6359.410 3.950e-17
6360.287 3.950e-17
6361.163 3.951e-17
6362.040 3.951e-17
6362.917 3.952e-17
6363.793 3.952e-17
6364.670 3.953e-17
6365.547 3.953e-17
6366.423 3.954e-17
6367.300 3.954e-17
6368.177 3.955e-17
6369.053 3.955e-17
6369.930 3.955e-17
6370.807 3.956e-17
6371.683 3.956e-17
6372.560 3.957e-17
6373.437 3.957e-17
6374.313 3.958e-17
6375.190 3.958e-17
6376.067 3.959e-17
6376.943 3.959e-17
6377.820 3.960e-17
6378.697 3.960e-17
6379.573 3.960e-17
6380.450 3.961e-17
6381.327 3.961e-17
6382.203 3.962e-17
6383.080 3.962e-17
6383.957 3.963e-17
6384.833 3.963e-17
6385.710 3.964e-17
6386.587 3.964e-17
6387.463 3.964e-17
6388.340 3.965e-17
6389.217 3.965e-17
6390.093 3.966e-17
6390.970 3.966e-17
6391.847 3.967e-17
6392.723 3.967e-17
6393.600 3.968e-17
6394.477 3.968e-17
6395.353 3.969e-17
6396.230 3.969e-17
6397.107 3.969e-17
6397.983 3.970e-17
6398.860 3.970e-17
6399.737 3.971e-17
6400.613 3.971e-17
6401.490 3.972e-17
6402.367 3.972e-17
6403.243 3.973e-17
6404.120 3.973e-17
6404.997 3.974e-17
6405.873 3.974e-17
6406.750 3.974e-17
6407.627 3.975e-17
6408.503 3.975e-17
6409.380 3.976e-17
6410.257 3.976e-17
6411.133 3.977e-17
6412.010 3.977e-17
6412.887 3.978e-17
6413.763 3.978e-17
6414.640 3.979e-17
6415.517 3.979e-17
6416.393 3.979e-17
6417.270 3.980e-17
6418.147 3.980e-17
6419.023 3.981e-17
6419.900 3.981e-17
6420.777 3.982e-17
6421.653 3.982e-17
6422.530 3.983e-17
6423.407 3.983e-17
6424.283 3.984e-17
6425.160 3.984e-17
6426.037 3.984e-17
6426.913 3.985e-17
6427.790 3.985e-17
6428.667 3.986e-17
6429.543 3.986e-17
6430.420 3.987e-17
6431.297 3.987e-17
6432.173 3.988e-17
6433.050 3.988e-17
6433.927 3.989e-17
6434.803 3.989e-17
6435.680 3.989e-17
6436.557 3.990e-17
6437.433 3.990e-17
6438.310 3.991e-17
6439.187 3.991e-17
6440.063 3.992e-17
6440.940 3.992e-17
6441.817 3.993e-17
6442.693 3.993e-17
6443.570 3.994e-17
6444.447 3.994e-17
6445.323 3.994e-17
6446.200 3.995e-17
6447.077 3.995e-17
6447.953 3.996e-17
6448.830 3.996e-17
6449.707 3.997e-17
6450.583 3.997e-17
6451.460 3.998e-17
6452.337 3.998e-17
6453.213 3.999e-17
6454.090 3.999e-17
6454.967 3.999e-17
6455.843 4.000e-17
6456.720 4.000e-17
6457.597 4.001e-17
6458.473 4.001e-17
6459.350 4.002e-17
6460.227 4.002e-17
6461.103 4.003e-17
6461.980 4.003e-17
6462.857 4.003e-17
6463.733 4.004e-17
6464.610 4.004e-17
6465.487 4.005e-17
6466.363 4.005e-17
6467.240 4.006e-17
6468.117 4.006e-17
6468.993 4.007e-17
6469.870 4.007e-17
6470.747 4.008e-17
6471.623 4.008e-17
6472.500 4.008e-17
6473.377 4.009e-17
6474.253 4.009e-17
6475.130 4.010e-17
6476.007 4.010e-17
6476.883 4.011e-17
6477.760 4.011e-17
6478.637 4.012e-17
6479.513 4.012e-17
6480.390 4.013e-17
6481.267 4.013e-17
6482.143 4.013e-17
6483.020 4.014e-17
6483.897 4.014e-17
6484.773 4.015e-17
6485.650 4.015e-17
6486.527 4.016e-17
6487.403 4.016e-17
6488.280 4.017e-17
6489.157 4.017e-17
6490.033 4.018e-17
6490.910 4.018e-17
6491.787 4.018e-17
6492.663 4.019e-17
6493.540 4.019e-17
6494.417 4.020e-17
6495.293 4.020e-17
6496.170 4.021e-17
6497.047 4.021e-17
6497.923 4.022e-17
6498.800 4.022e-17
6499.677 4.023e-17
6500.553 4.023e-17
6501.430 4.023e-17
6502.307 4.024e-17
6503.183 4.024e-17
6504.060 4.025e-17
6504.937 4.025e-17
6505.813 4.026e-17
6506.690 4.026e-17
6507.567 4.027e-17
6508.443 4.027e-17
6509.320 4.028e-17
6510.197 4.028e-17
6511.073 4.028e-17
6511.950 4.029e-17
6512.827 4.029e-17
6513.703 4.030e-17
6514.580 4.030e-17
6515.457 4.031e-17
6516.333 4.031e-17
6517.210 4.032e-17
6518.087 4.032e-17
6518.963 4.033e-17
6519.840 4.033e-17
6520.717 4.033e-17
6521.593 4.034e-17
6522.470 4.034e-17
6523.347 4.035e-17
6524.223 4.035e-17
6525.100 4.036e-17
6525.977 4.036e-17
6526.853 4.037e-17
6527.730 4.037e-17
6528.607 4.038e-17
6529.483 4.038e-17
6530.360 4.038e-17
6531.237 4.039e-17
6532.113 4.039e-17
6532.990 4.040e-17
6533.867 4.040e-17
6534.743 4.041e-17
6535.620 4.041e-17
6536.497 4.042e-17
6537.373 4.042e-17
6538.250 4.042e-17
6539.127 4.043e-17
6540.003 4.043e-17
6540.880 4.044e-17
6541.757 4.044e-17
6542.633 4.045e-17
6543.510 4.045e-17
6544.387 4.046e-17
6545.263 4.046e-17
6546.140 4.047e-17
6547.017 4.047e-17
6547.893 4.047e-17
6548.770 4.048e-17
6549.647 4.048e-17
6550.523 4.049e-17
6551.400 4.049e-17
6552.277 4.050e-17
6553.153 4.050e-17
6554.030 4.051e-17
6554.907 4.051e-17
6555.783 4.052e-17
6556.660 4.052e-17
6557.537 4.052e-17
6558.413 4.053e-17
6559.290 4.053e-17
6560.167 4.054e-17
6561.043 4.054e-17
6561.920 4.055e-17
6562.797 4.055e-17
6563.673 4.056e-17
6564.550 4.056e-17
6565.427 4.057e-17
6566.303 4.057e-17
6567.180 4.057e-17
6568.057 4.058e-17
6568.933 4.058e-17
6569.810 4.059e-17
6570.687 4.059e-17
6571.563 4.060e-17
6572.440 4.060e-17
6573.317 4.061e-17
6574.193 4.061e-17
6575.070 4.062e-17
6575.947 4.062e-17
6576.823 4.062e-17
6577.700 4.063e-17
6578.577 4.063e-17
6579.453 4.064e-17
6580.330 4.064e-17
6581.207 4.065e-17
6582.083 4.065e-17
6582.960 4.066e-17
6583.837 4.066e-17
6584.713 4.067e-17
6585.590 4.067e-17
6586.467 4.067e-17
6587.343 4.068e-17
6588.220 4.068e-17
6589.097 4.069e-17
6589.973 4.069e-17
6590.850 4.070e-17
6591.727 4.070e-17
6592.603 4.071e-17
6593.480 4.071e-17
6594.357 4.072e-17
6595.233 4.072e-17
6596.110 4.072e-17
6596.987 4.073e-17
6597.863 4.073e-17
6598.740 4.074e-17
6599.617 4.074e-17
6600.493 4.075e-17
6601.370 4.075e-17
6602.247 4.076e-17
6603.123 4.076e-17
6604.000 4.076e-17
6604.877 4.077e-17
6605.753 4.077e-17
6606.630 4.078e-17
6607.507 4.078e-17
6608.383 4.079e-17
6609.260 4.079e-17
6610.137 4.080e-17
6611.013 4.080e-17
6611.890 4.081e-17
6612.767 4.081e-17
6613.643 4.081e-17
6614.520 4.082e-17
6615.397 4.082e-17
6616.273 4.083e-17
6617.150 4.083e-17
6618.027 4.084e-17
6618.903 4.084e-17
6619.780 4.085e-17
6620.657 4.085e-17
6621.533 4.086e-17
6622.410 4.086e-17
6623.287 4.086e-17
6624.163 4.087e-17
6625.040 4.087e-17
6625.917 4.088e-17
6626.793 4.088e-17
6627.670 4.089e-17
6628.547 4.089e-17
6629.423 4.090e-17
6630.300 4.090e-17
6631.177 4.091e-17
6632.053 4.091e-17
6632.930 4.091e-17
6633.807 4.092e-17
6634.683 4.092e-17
6635.560 4.093e-17
6636.437 4.093e-17
6637.313 4.094e-17
6638.190 4.094e-17
6639.067 4.095e-17
6639.943 4.095e-17
6640.820 4.096e-17
6641.697 4.096e-17
6642.573 4.096e-17
6643.450 4.097e-17
6644.327 4.097e-17
6645.203 4.098e-17
6646.080 4.098e-17
6646.957 4.099e-17
6647.833 4.099e-17
6648.710 4.100e-17
6649.587 4.100e-17
6650.463 4.101e-17
6651.340 4.101e-17
6652.217 4.101e-17
6653.093 4.102e-17
6653.970 4.102e-17
6654.847 4.103e-17
6655.723 4.103e-17
6656.600 4.104e-17
6657.477 4.104e-17
6658.353 4.105e-17
6659.230 4.105e-17
6660.107 4.106e-17
6660.983 4.106e-17
6661.860 4.106e-17
6662.737 4.107e-17
6663.613 4.107e-17
6664.490 4.108e-17
6665.367 4.108e-17
6666.243 4.109e-17
6667.120 4.109e-17
6667.997 4.110e-17
6668.873 4.110e-17
6669.750 4.111e-17
6670.627 4.111e-17
6671.503 4.111e-17
6672.380 4.112e-17
6673.257 4.112e-17
6674.133 4.113e-17
6675.010 4.113e-17
6675.887 4.114e-17
6676.763 4.114e-17
6677.640 4.115e-17
6678.517 4.115e-17
6679.393 4.115e-17
6680.270 4.116e-17
6681.147 4.116e-17
6682.023 4.117e-17
6682.900 4.117e-17
6683.777 4.118e-17
6684.653 4.118e-17
6685.530 4.119e-17
6686.407 4.119e-17
6687.283 4.120e-17
6688.160 4.120e-17
6689.037 4.120e-17
6689.913 4.121e-17
6690.790 4.121e-17
6691.667 4.122e-17
6692.543 4.122e-17
6693.420 4.123e-17
6694.297 4.123e-17
6695.173 4.124e-17
6696.050 4.124e-17
6696.927 4.125e-17
6697.803 4.125e-17
6698.680 4.125e-17
6699.557 4.126e-17
6700.433 4.126e-17
6701.310 4.127e-17
6702.187 4.127e-17
6703.063 4.128e-17
6703.940 4.128e-17
6704.817 4.129e-17
6705.693 4.129e-17
6706.570 4.130e-17
6707.447 4.130e-17
6708.323 4.130e-17
6709.200 4.131e-17
6710.077 4.131e-17
6710.953 4.132e-17
6711.830 4.132e-17
6712.707 4.133e-17
6713.583 4.133e-17
6714.460 4.134e-17
6715.337 4.134e-17
6716.213 4.135e-17
6717.090 4.135e-17
6717.967 4.135e-17
6718.843 4.136e-17
6719.720 4.136e-17
6720.597 4.137e-17
6721.473 4.137e-17
6722.350 4.138e-17
6723.227 4.138e-17
6724.103 4.139e-17
6724.980 4.139e-17
6725.857 4.140e-17
6726.733 4.140e-17
6727.610 4.140e-17
6728.487 4.141e-17
6729.363 4.141e-17
6730.240 4.142e-17
6731.117 4.142e-17
6731.993 4.143e-17
6732.870 4.143e-17
6733.747 4.144e-17
6734.623 4.144e-17
6735.500 4.145e-17
6736.377 4.145e-17
6737.253 4.145e-17
6738.130 4.146e-17
6739.007 4.146e-17
6739.883 4.147e-17
6740.760 4.147e-17
6741.637 4.148e-17
6742.513 4.148e-17
6743.390 4.149e-17
6744.267 4.149e-17
6745.143 4.150e-17
6746.020 4.150e-17
6746.897 4.150e-17
6747.773 4.151e-17
6748.650 4.151e-17
6749.527 4.152e-17
6750.403 4.152e-17
6751.280 4.153e-17
6752.157 4.153e-17
6753.033 4.154e-17
6753.910 4.154e-17
6754.787 4.154e-17
6755.663 4.155e-17
6756.540 4.155e-17
6757.417 4.156e-17
6758.293 4.156e-17
6759.170 4.157e-17
6760.047 4.157e-17
6760.923 4.158e-17
6761.800 4.158e-17
6762.677 4.159e-17
6763.553 4.159e-17
6764.430 4.159e-17
6765.307 4.160e-17
6766.183 4.160e-17
6767.060 4.161e-17
6767.937 4.161e-17
6768.813 4.162e-17
6769.690 4.162e-17
6770.567 4.163e-17
6771.443 4.163e-17
6772.320 4.164e-17
6773.197 4.164e-17
6774.073 4.164e-17
6774.950 4.165e-17
6775.827 4.165e-17
6776.703 4.166e-17
6777.580 4.166e-17
6778.457 4.167e-17
6779.333 4.167e-17
6780.210 4.168e-17
6781.087 4.168e-17
6781.963 4.169e-17
6782.840 4.169e-17
6783.717 4.169e-17
6784.593 4.170e-17
6785.470 4.170e-17
6786.347 4.171e-17
6787.223 4.171e-17
6788.100 4.172e-17
6788.977 4.172e-17
6789.853 4.173e-17
6790.730 4.173e-17
6791.607 4.174e-17
6792.483 4.174e-17
6793.360 4.174e-17
6794.237 4.175e-17
6795.113 4.175e-17
6795.990 4.176e-17
6796.867 4.176e-17
6797.743 4.177e-17
6798.620 4.177e-17
6799.497 4.178e-17
6800.373 4.178e-17
6801.250 4.179e-17
6802.127 4.179e-17
6803.003 4.179e-17
6803.880 4.180e-17
6804.757 4.180e-17
6805.633 4.181e-17
6806.510 4.181e-17
6807.387 4.182e-17
6808.263 4.182e-17
6809.140 4.183e-17
6810.017 4.183e-17
6810.893 4.184e-17
6811.770 4.184e-17
6812.647 4.184e-17
6813.523 4.185e-17
6814.400 4.185e-17
6815.277 4.186e-17
6816.153 4.186e-17
6817.030 4.187e-17
6817.907 4.187e-17
6818.783 4.188e-17
6819.660 4.188e-17
6820.537 4.189e-17
6821.413 4.189e-17
6822.290 4.189e-17
6823.167 4.190e-17
6824.043 4.190e-17
6824.920 4.191e-17
6825.797 4.191e-17
6826.673 4.192e-17
6827.550 4.192e-17
6828.427 4.193e-17
6829.303 4.193e-17
6830.180 4.193e-17
6831.057 4.194e-17
6831.933 4.194e-17
6832.810 4.195e-17
6833.687 4.195e-17
6834.563 4.196e-17
6835.440 4.196e-17
6836.317 4.197e-17
6837.193 4.197e-17
6838.070 4.198e-17
6838.947 4.198e-17
6839.823 4.198e-17
6840.700 4.199e-17
6841.577 4.199e-17
6842.453 4.200e-17
6843.330 4.200e-17
6844.207 4.201e-17
6845.083 4.201e-17
6845.960 4.202e-17
6846.837 4.202e-17
6847.713 4.203e-17
6848.590 4.203e-17
6849.467 4.203e-17
6850.343 4.204e-17
6851.220 4.204e-17
6852.097 4.205e-17
6852.973 4.205e-17
6853.850 4.206e-17
6854.727 4.206e-17
6855.603 4.207e-17
6856.480 4.207e-17
6857.357 4.208e-17
6858.233 4.208e-17
6859.110 4.208e-17
6859.987 4.209e-17
6860.863 4.209e-17
6861.740 4.210e-17
6862.617 4.210e-17
6863.493 4.211e-17
6864.370 4.211e-17
6865.247 4.212e-17
6866.123 4.212e-17
6867.000 4.213e-17
6867.877 4.213e-17
6868.753 4.213e-17
6869.630 4.214e-17
6870.507 4.214e-17
6871.383 4.215e-17
6872.260 4.215e-17
6873.137 4.216e-17
6874.013 4.216e-17
6874.890 4.217e-17
6875.767 4.217e-17
6876.643 4.218e-17
6877.520 4.218e-17
6878.397 4.218e-17
6879.273 4.219e-17
6880.150 4.219e-17
6881.027 4.220e-17
6881.903 4.220e-17
6882.780 4.221e-17
6883.657 4.221e-17
6884.533 4.222e-17
6885.410 4.222e-17
6886.287 4.223e-17
6887.163 4.223e-17
6888.040 4.223e-17
6888.917 4.224e-17
6889.793 4.224e-17
6890.670 4.225e-17
6891.547 4.225e-17
6892.423 4.226e-17
6893.300 4.226e-17
6894.177 4.227e-17
6895.053 4.227e-17
6895.930 4.227e-17
6896.807 4.228e-17
6897.683 4.228e-17
6898.560 4.229e-17
6899.437 4.229e-17
6900.313 4.230e-17
6901.190 4.230e-17
6902.067 4.231e-17
6902.943 4.231e-17
6903.820 4.232e-17
6904.697 4.232e-17
6905.573 4.232e-17
6906.450 4.233e-17
6907.327 4.233e-17
6908.203 4.234e-17
6909.080 4.234e-17
6909.957 4.235e-17
6910.833 4.235e-17
6911.710 4.236e-17
6912.587 4.236e-17
6913.463 4.237e-17
6914.340 4.237e-17
6915.217 4.237e-17
6916.093 4.238e-17
6916.970 4.238e-17
6917.847 4.239e-17
6918.723 4.239e-17
6919.600 4.240e-17
6920.477 4.240e-17
6921.353 4.241e-17
6922.230 4.241e-17
6923.107 4.242e-17
6923.983 4.242e-17
6924.860 4.242e-17
6925.737 4.243e-17
6926.613 4.243e-17
6927.490 4.244e-17
6928.367 4.244e-17
6929.243 4.245e-17
6930.120 4.245e-17
6930.997 4.246e-17
6931.873 4.246e-17
6932.750 4.247e-17
6933.627 4.247e-17
6934.503 4.247e-17
6935.380 4.248e-17
6936.257 4.248e-17
6937.133 4.249e-17
6938.010 4.249e-17
6938.887 4.250e-17
6939.763 4.250e-17
6940.640 4.251e-17
6941.517 4.251e-17
6942.393 4.252e-17
6943.270 4.252e-17
6944.147 4.252e-17
6945.023 4.253e-17
6945.900 4.253e-17
6946.777 4.254e-17
6947.653 4.254e-17
6948.530 4.255e-17
6949.407 4.255e-17
6950.283 4.256e-17
6951.160 4.256e-17
6952.037 4.257e-17
6952.913 4.257e-17
6953.790 4.257e-17
6954.667 4.258e-17
6955.543 4.258e-17
6956.420 4.259e-17
6957.297 4.259e-17
6958.173 4.260e-17
6959.050 4.260e-17
6959.927 4.261e-17
6960.803 4.261e-17
6961.680 4.262e-17
6962.557 4.262e-17
6963.433 4.262e-17
6964.310 4.263e-17
6965.187 4.263e-17
6966.063 4.264e-17
6966.940 4.264e-17
6967.817 4.265e-17
6968.693 4.265e-17
6969.570 4.266e-17
6970.447 4.266e-17
6971.323 4.266e-17
6972.200 4.267e-17
6973.077 4.267e-17
6973.953 4.268e-17
6974.830 4.268e-17
6975.707 4.269e-17
6976.583 4.269e-17
6977.460 4.270e-17
6978.337 4.270e-17
6979.213 4.271e-17
6980.090 4.271e-17
6980.967 4.271e-17
6981.843 4.272e-17
6982.720 4.272e-17
6983.597 4.273e-17
6984.473 4.273e-17
6985.350 4.274e-17
6986.227 4.274e-17
6987.103 4.275e-17
6987.980 4.275e-17
6988.857 4.276e-17
6989.733 4.276e-17
6990.610 4.276e-17
6991.487 4.277e-17
6992.363 4.277e-17
6993.240 4.278e-17
6994.117 4.278e-17
6994.993 4.279e-17
6995.870 4.279e-17
6996.747 4.280e-17
6997.623 4.280e-17
6998.500 4.281e-17
6999.377 4.281e-17
7000.253 4.281e-17
7001.130 4.282e-17
7002.007 4.282e-17
7002.883 4.283e-17
7003.760 4.283e-17
7004.637 4.284e-17
7005.513 4.284e-17
7006.390 4.285e-17
7007.267 4.285e-17
7008.143 4.286e-17
7009.020 4.286e-17
7009.897 4.286e-17
7010.773 4.287e-17
7011.650 4.287e-17
7012.527 4.288e-17
7013.403 4.288e-17
7014.280 4.289e-17
7015.157 4.289e-17
7016.033 4.290e-17
7016.910 4.290e-17
7017.787 4.291e-17
7018.663 4.291e-17
7019.540 4.291e-17
7020.417 4.292e-17
7021.293 4.292e-17
7022.170 4.293e-17
7023.047 4.293e-17
7023.923 4.294e-17
7024.800 4.294e-17
7025.677 4.295e-17
7026.553 4.295e-17
7027.430 4.296e-17
7028.307 4.296e-17
7029.183 4.296e-17
7030.060 4.297e-17
7030.937 4.297e-17
7031.813 4.298e-17
7032.690 4.298e-17
7033.567 4.299e-17
7034.443 4.299e-17
7035.320 4.300e-17
7036.197 4.300e-17
7037.073 4.301e-17
7037.950 4.301e-17
7038.827 4.301e-17
7039.703 4.302e-17
7040.580 4.302e-17
7041.457 4.303e-17
7042.333 4.303e-17
7043.210 4.304e-17
7044.087 4.304e-17
7044.963 4.305e-17
7045.840 4.305e-17
7046.717 4.305e-17
7047.593 4.306e-17
7048.470 4.306e-17
7049.347 4.307e-17
7050.223 4.307e-17
7051.100 4.308e-17
7051.977 4.308e-17
7052.853 4.309e-17
7053.730 4.309e-17
7054.607 4.310e-17
7055.483 4.310e-17
7056.360 4.310e-17
7057.237 4.311e-17
7058.113 4.311e-17
7058.990 4.312e-17
7059.867 4.312e-17
7060.743 4.313e-17
7061.620 4.313e-17
7062.497 4.314e-17
7063.373 4.314e-17
7064.250 4.315e-17
7065.127 4.315e-17
7066.003 4.315e-17
7066.880 4.316e-17
7067.757 4.316e-17
7068.633 4.317e-17
7069.510 4.317e-17
7070.387 4.318e-17
7071.263 4.318e-17
7072.140 4.319e-17
7073.017 4.319e-17
7073.893 4.320e-17
7074.770 4.320e-17
7075.647 4.320e-17
7076.523 4.321e-17
7077.400 4.321e-17
7078.277 4.322e-17
7079.153 4.322e-17
7080.030 4.323e-17
7080.907 4.323e-17
7081.783 4.324e-17
7082.660 4.324e-17
7083.537 4.325e-17
7084.413 4.325e-17
7085.290 4.325e-17
7086.167 4.326e-17
7087.043 4.326e-17
7087.920 4.327e-17
7088.797 4.327e-17
7089.673 4.328e-17
7090.550 4.328e-17
7091.427 4.329e-17
7092.303 4.329e-17
7093.180 4.330e-17
7094.057 4.330e-17
7094.933 4.330e-17
7095.810 4.331e-17
7096.687 4.331e-17
7097.563 4.332e-17
7098.440 4.332e-17
7099.317 4.333e-17
7100.193 4.333e-17
7101.070 4.334e-17
7101.947 4.334e-17
7102.823 4.335e-17
7103.700 4.335e-17
7104.577 4.335e-17
7105.453 4.336e-17
7106.330 4.336e-17
7107.207 4.337e-17
7108.083 4.337e-17
7108.960 4.338e-17
7109.837 4.338e-17
7110.713 4.339e-17
7111.590 4.339e-17
7112.467 4.339e-17
7113.343 4.340e-17
7114.220 4.340e-17
7115.097 4.341e-17
7115.973 4.341e-17
7116.850 4.342e-17
7117.727 4.342e-17
7118.603 4.343e-17
7119.480 4.343e-17
7120.357 4.344e-17
7121.233 4.344e-17
7122.110 4.344e-17
7122.987 4.345e-17
7123.863 4.345e-17
7124.740 4.346e-17
7125.617 4.346e-17
7126.493 4.347e-17
7127.370 4.347e-17
7128.247 4.348e-17
7129.123 4.348e-17
7130.000 4.349e-17
7130.877 4.349e-17
7131.753 4.349e-17
7132.630 4.350e-17
7133.507 4.350e-17
7134.383 4.351e-17
7135.260 4.351e-17
7136.137 4.352e-17
7137.013 4.352e-17
7137.890 4.353e-17
7138.767 4.353e-17
7139.643 4.354e-17
7140.520 4.354e-17
7141.397 4.354e-17
7142.273 4.355e-17
7143.150 4.355e-17
7144.027 4.356e-17
7144.903 4.356e-17
7145.780 4.357e-17
7146.657 4.357e-17
7147.533 4.358e-17
7148.410 4.358e-17
7149.287 4.359e-17
7150.163 4.359e-17
7151.040 4.359e-17
7151.917 4.360e-17
7152.793 4.360e-17
7153.670 4.361e-17
7154.547 4.361e-17
7155.423 4.362e-17
7156.300 4.362e-17
7157.177 4.363e-17
7158.053 4.363e-17
7158.930 4.364e-17
7159.807 4.364e-17
7160.683 4.364e-17
7161.560 4.365e-17
7162.437 4.365e-17
7163.313 4.366e-17
7164.190 4.366e-17
7165.067 4.367e-17
7165.943 4.367e-17
7166.820 4.368e-17
7167.697 4.368e-17
7168.573 4.369e-17
7169.450 4.369e-17
7170.327 4.369e-17
7171.203 4.370e-17
7172.080 4.370e-17
7172.957 4.371e-17
7173.833 4.371e-17
7174.710 4.372e-17
7175.587 4.372e-17
7176.463 4.373e-17
7177.340 4.373e-17
7178.217 4.374e-17
7179.093 4.374e-17
7179.970 4.374e-17
7180.847 4.375e-17
7181.723 4.375e-17
7182.600 4.376e-17
7183.477 4.376e-17
7184.353 4.377e-17
7185.230 4.377e-17
7186.107 4.378e-17
7186.983 4.378e-17
7187.860 4.378e-17
7188.737 4.379e-17
7189.613 4.379e-17
7190.490 4.380e-17
7191.367 4.380e-17
7192.243 4.381e-17
7193.120 4.381e-17
7193.997 4.382e-17
7194.873 4.382e-17
7195.750 4.383e-17
7196.627 4.383e-17
7197.503 4.383e-17
7198.380 4.384e-17
7199.257 4.384e-17
7200.133 4.385e-17
7201.010 4.385e-17
7201.887 4.386e-17
7202.763 4.386e-17
7203.640 4.387e-17
7204.517 4.387e-17
7205.393 4.388e-17
7206.270 4.388e-17
7207.147 4.388e-17
7208.023 4.389e-17
7208.900 4.389e-17
7209.777 4.390e-17
7210.653 4.390e-17
7211.530 4.391e-17
7212.407 4.391e-17
7213.283 4.392e-17
7214.160 4.392e-17
7215.037 4.393e-17
7215.913 4.393e-17
7216.790 4.393e-17
7217.667 4.394e-17
7218.543 4.394e-17
7219.420 4.395e-17
7220.297 4.395e-17
7221.173 4.396e-17
7222.050 4.396e-17
7222.927 4.397e-17
7223.803 4.397e-17
7224.680 4.398e-17
7225.557 4.398e-17
7226.433 4.398e-17
7227.310 4.399e-17
7228.187 4.399e-17
7229.063 4.400e-17
7229.940 4.400e-17
7230.817 4.401e-17
7231.693 4.401e-17
7232.570 4.402e-17
7233.447 4.402e-17
7234.323 4.403e-17
7235.200 4.403e-17
7236.077 4.403e-17
7236.953 4.404e-17
7237.830 4.404e-17
7238.707 4.405e-17
7239.583 4.405e-17
7240.460 4.406e-17
7241.337 4.406e-17
7242.213 4.407e-17
7243.090 4.407e-17
7243.967 4.408e-17
7244.843 4.408e-17
7245.720 4.408e-17
7246.597 4.409e-17
7247.473 4.409e-17
7248.350 4.410e-17
7249.227 4.410e-17
7250.103 4.411e-17
7250.980 4.411e-17
7251.857 4.412e-17
7252.733 4.412e-17
7253.610 4.413e-17
7254.487 4.413e-17
7255.363 4.413e-17
7256.240 4.414e-17
7257.117 4.414e-17
7257.993 4.415e-17
7258.870 4.415e-17
7259.747 4.416e-17
7260.623 4.416e-17
7261.500 4.417e-17
7262.377 4.417e-17
7263.253 4.417e-17
7264.130 4.418e-17
7265.007 4.418e-17
7265.883 4.419e-17
7266.760 4.419e-17
7267.637 4.420e-17
7268.513 4.420e-17
7269.390 4.421e-17
7270.267 4.421e-17
7271.143 4.422e-17
7272.020 4.422e-17
7272.897 4.422e-17
7273.773 4.423e-17
7274.650 4.423e-17
7275.527 4.424e-17
7276.403 4.424e-17
7277.280 4.425e-17
7278.157 4.425e-17
7279.033 4.426e-17
7279.910 4.426e-17
7280.787 4.427e-17
7281.663 4.427e-17
7282.540 4.427e-17
7283.417 4.428e-17
7284.293 4.428e-17
7285.170 4.429e-17
7286.047 4.429e-17
7286.923 4.430e-17
7287.800 4.430e-17
7288.677 4.431e-17
7289.553 4.431e-17
7290.430 4.432e-17
7291.307 4.432e-17
7292.183 4.432e-17
7293.060 4.433e-17
7293.937 4.433e-17
7294.813 4.434e-17
7295.690 4.434e-17
7296.567 4.435e-17
7297.443 4.435e-17
7298.320 4.436e-17
7299.197 4.436e-17
7300.073 4.437e-17
7300.950 4.437e-17
7301.827 4.437e-17
7302.703 4.438e-17
7303.580 4.438e-17
7304.457 4.439e-17
7305.333 4.439e-17
7306.210 4.440e-17
7307.087 4.440e-17
7307.963 4.441e-17
7308.840 4.441e-17
7309.717 4.442e-17
7310.593 4.442e-17
7311.470 4.442e-17
7312.347 4.443e-17
7313.223 4.443e-17
7314.100 4.444e-17
7314.977 4.444e-17
7315.853 4.445e-17
7316.730 4.445e-17
7317.607 4.446e-17
7318.483 4.446e-17
7319.360 4.447e-17
7320.237 4.447e-17
7321.113 4.447e-17
7321.990 4.448e-17
7322.867 4.448e-17
7323.743 4.449e-17
7324.620 4.449e-17
7325.497 4.450e-17
7326.373 4.450e-17
7327.250 4.451e-17
7328.127 4.451e-17
7329.003 4.452e-17
7329.880 4.452e-17
7330.757 4.452e-17
7331.633 4.453e-17
7332.510 4.453e-17
7333.387 4.454e-17
7334.263 4.454e-17
7335.140 4.455e-17
7336.017 4.455e-17
7336.893 4.456e-17
7337.770 4.456e-17
7338.647 4.456e-17
7339.523 4.457e-17
7340.400 4.457e-17
7341.277 4.458e-17
7342.153 4.458e-17
7343.030 4.459e-17
7343.907 4.459e-17
7344.783 4.460e-17
7345.660 4.460e-17
7346.537 4.461e-17
7347.413 4.461e-17
7348.290 4.461e-17
7349.167 4.462e-17
7350.043 4.462e-17
7350.920 4.463e-17
7351.797 4.463e-17
7352.673 4.464e-17
7353.550 4.464e-17
7354.427 4.465e-17
7355.303 4.465e-17
7356.180 4.466e-17
7357.057 4.466e-17
7357.933 4.466e-17
7358.810 4.467e-17
7359.687 4.467e-17
7360.563 4.468e-17
7361.440 4.468e-17
7362.317 4.469e-17
7363.193 4.469e-17
7364.070 4.470e-17
7364.947 4.470e-17
7365.823 4.471e-17
7366.700 4.471e-17
7367.577 4.471e-17
7368.453 4.472e-17
7369.330 4.472e-17
7370.207 4.473e-17
7371.083 4.473e-17
7371.960 4.474e-17
7372.837 4.474e-17
7373.713 4.475e-17
7374.590 4.475e-17
7375.467 4.476e-17
7376.343 4.476e-17
7377.220 4.476e-17
7378.097 4.477e-17
7378.973 4.477e-17
7379.850 4.478e-17
7380.727 4.478e-17
7381.603 4.479e-17
7382.480 4.479e-17
7383.357 4.480e-17
7384.233 4.480e-17
7385.110 4.481e-17
7385.987 4.481e-17
7386.863 4.481e-17
7387.740 4.482e-17
7388.617 4.482e-17
7389.493 4.483e-17
7390.370 4.483e-17
7391.247 4.484e-17
7392.123 4.484e-17
7393.000 4.485e-17
7393.877 4.485e-17
7394.753 4.486e-17
7395.630 4.486e-17
7396.507 4.486e-17
7397.383 4.487e-17
7398.260 4.487e-17
7399.137 4.488e-17
7400.013 4.488e-17
7400.890 4.489e-17
7401.767 4.489e-17
7402.643 4.490e-17
7403.520 4.490e-17
7404.397 4.490e-17
7405.273 4.491e-17
7406.150 4.491e-17
7407.027 4.492e-17
7407.903 4.492e-17
7408.780 4.493e-17
7409.657 4.493e-17
7410.533 4.494e-17
7411.410 4.494e-17
7412.287 4.495e-17
7413.163 4.495e-17
7414.040 4.495e-17
7414.917 4.496e-17
7415.793 4.496e-17
7416.670 4.497e-17
7417.547 4.497e-17
7418.423 4.498e-17
7419.300 4.498e-17
7420.177 4.499e-17
7421.053 4.499e-17
7421.930 4.500e-17
7422.807 4.500e-17
7423.683 4.500e-17
7424.560 4.501e-17
7425.437 4.501e-17
7426.313 4.502e-17
7427.190 4.502e-17
7428.067 4.503e-17
7428.943 4.503e-17
7429.820 4.504e-17
7430.697 4.504e-17
7431.573 4.505e-17
7432.450 4.505e-17
7433.327 4.505e-17
7434.203 4.506e-17
7435.080 4.506e-17
7435.957 4.507e-17
7436.833 4.507e-17
7437.710 4.508e-17
7438.587 4.508e-17
7439.463 4.509e-17
7440.340 4.509e-17
7441.217 4.510e-17
7442.093 4.510e-17
7442.970 4.510e-17
7443.847 4.511e-17
7444.723 4.511e-17
7445.600 4.512e-17
7446.477 4.512e-17
7447.353 4.513e-17
7448.230 4.513e-17
7449.107 4.514e-17
7449.983 4.514e-17
7450.860 4.515e-17
7451.737 4.515e-17
7452.613 4.515e-17
7453.490 4.516e-17
7454.367 4.516e-17
7455.243 4.517e-17
7456.120 4.517e-17
7456.997 4.518e-17
7457.873 4.518e-17
7458.750 4.519e-17
7459.627 4.519e-17
7460.503 4.520e-17
7461.380 4.520e-17
7462.257 4.520e-17
7463.133 4.521e-17
7464.010 4.521e-17
7464.887 4.522e-17
7465.763 4.522e-17
7466.640 4.523e-17
7467.517 4.523e-17
7468.393 4.524e-17
7469.270 4.524e-17
7470.147 4.525e-17
7471.023 4.525e-17
7471.900 4.525e-17
7472.777 4.526e-17
7473.653 4.526e-17
7474.530 4.527e-17
7475.407 4.527e-17
7476.283 4.528e-17
7477.160 4.528e-17
7478.037 4.529e-17
7478.913 4.529e-17
7479.790 4.529e-17
7480.667 4.530e-17
7481.543 4.530e-17
7482.420 4.531e-17
7483.297 4.531e-17
7484.173 4.532e-17
7485.050 4.532e-17
7485.927 4.533e-17
7486.803 4.533e-17
7487.680 4.534e-17
7488.557 4.534e-17
7489.433 4.534e-17
7490.310 4.535e-17
7491.187 4.535e-17
7492.063 4.536e-17
7492.940 4.536e-17
7493.817 4.537e-17
7494.693 4.537e-17
7495.570 4.538e-17
7496.447 4.538e-17
7497.323 4.539e-17
7498.200 4.539e-17
7499.077 4.539e-17
7499.953 4.540e-17
7500.830 4.540e-17
7501.707 4.541e-17
7502.583 4.541e-17
7503.460 4.542e-17
7504.337 4.542e-17
7505.213 4.543e-17
7506.090 4.543e-17
7506.967 4.544e-17
7507.843 4.544e-17
7508.720 4.544e-17
7509.597 4.545e-17
7510.473 4.545e-17
7511.350 4.546e-17
7512.227 4.546e-17
7513.103 4.547e-17
7513.980 4.547e-17
7514.857 4.548e-17
7515.733 4.548e-17
7516.610 4.549e-17
7517.487 4.549e-17
7518.363 4.549e-17
7519.240 4.550e-17
7520.117 4.550e-17
7520.993 4.551e-17
7521.870 4.551e-17
7522.747 4.552e-17
7523.623 4.552e-17
7524.500 4.553e-17
7525.377 4.553e-17
7526.253 4.554e-17
7527.130 4.554e-17
7528.007 4.554e-17
7528.883 4.555e-17
7529.760 4.555e-17
7530.637 4.556e-17
7531.513 4.556e-17
7532.390 4.557e-17
7533.267 4.557e-17
7534.143 4.558e-17
7535.020 4.558e-17
7535.897 4.559e-17
7536.773 4.559e-17
7537.650 4.559e-17
7538.527 4.560e-17
7539.403 4.560e-17
7540.280 4.561e-17
7541.157 4.561e-17
7542.033 4.562e-17
7542.910 4.562e-17
7543.787 4.563e-17
7544.663 4.563e-17
7545.540 4.564e-17
7546.417 4.564e-17
7547.293 4.564e-17
7548.170 4.565e-17
7549.047 4.565e-17
7549.923 4.566e-17
7550.800 4.566e-17
7551.677 4.567e-17
7552.553 4.567e-17
7553.430 4.568e-17
7554.307 4.568e-17
7555.183 4.568e-17
7556.060 4.569e-17
7556.937 4.569e-17
7557.813 4.570e-17
7558.690 4.570e-17
7559.567 4.571e-17
7560.443 4.571e-17
7561.320 4.572e-17
7562.197 4.572e-17
7563.073 4.573e-17
7563.950 4.573e-17
7564.827 4.573e-17
7565.703 4.574e-17
7566.580 4.574e-17
7567.457 4.575e-17
7568.333 4.575e-17
7569.210 4.576e-17
7570.087 4.576e-17
7570.963 4.577e-17
7571.840 4.577e-17
7572.717 4.578e-17
7573.593 4.578e-17
7574.470 4.578e-17
7575.347 4.579e-17
7576.223 4.579e-17
7577.100 4.580e-17
7577.977 4.580e-17
7578.853 4.581e-17
7579.730 4.581e-17
7580.607 4.582e-17
7581.483 4.582e-17
7582.360 4.583e-17
7583.237 4.583e-17
7584.113 4.583e-17
7584.990 4.584e-17
7585.867 4.584e-17
7586.743 4.585e-17
7587.620 4.585e-17
7588.497 4.586e-17
7589.373 4.586e-17
7590.250 4.587e-17
7591.127 4.587e-17
7592.003 4.588e-17
7592.880 4.588e-17
7593.757 4.588e-17
7594.633 4.589e-17
7595.510 4.589e-17
7596.387 4.590e-17
7597.263 4.590e-17
7598.140 4.591e-17
7599.017 4.591e-17
7599.893 4.592e-17
7600.770 4.592e-17
7601.647 4.593e-17
7602.523 4.593e-17
7603.400 4.593e-17
7604.277 4.594e-17
7605.153 4.594e-17
7606.030 4.595e-17
7606.907 4.595e-17
7607.783 4.596e-17
7608.660 4.596e-17
7609.537 4.597e-17
7610.413 4.597e-17
7611.290 4.598e-17
7612.167 4.598e-17
7613.043 4.598e-17
7613.920 4.599e-17
7614.797 4.599e-17
7615.673 4.600e-17
7616.550 4.600e-17
7617.427 4.601e-17
7618.303 4.601e-17
7619.180 4.602e-17
7620.057 4.602e-17
7620.933 4.602e-17
7621.810 4.603e-17
7622.687 4.603e-17
7623.563 4.604e-17
7624.440 4.604e-17
7625.317 4.605e-17
7626.193 4.605e-17
7627.070 4.606e-17
7627.947 4.606e-17
7628.823 4.607e-17
7629.700 4.607e-17
7630.577 4.607e-17
7631.453 4.608e-17
7632.330 4.608e-17
7633.207 4.609e-17
7634.083 4.609e-17
7634.960 4.610e-17
7635.837 4.610e-17
7636.713 4.611e-17
7637.590 4.611e-17
7638.467 4.612e-17
7639.343 4.612e-17
7640.220 4.612e-17
7641.097 4.613e-17
7641.973 4.613e-17
7642.850 4.614e-17
7643.727 4.614e-17
7644.603 4.615e-17
7645.480 4.615e-17
7646.357 4.616e-17
7647.233 4.616e-17
7648.110 4.617e-17
7648.987 4.617e-17
7649.863 4.617e-17
7650.740 4.618e-17
7651.617 4.618e-17
7652.493 4.619e-17
7653.370 4.619e-17
7654.247 4.620e-17
7655.123 4.620e-17
7656.000 4.621e-17
7656.877 4.621e-17
7657.753 4.622e-17
7658.630 4.622e-17
7659.507 4.622e-17
7660.383 4.623e-17
7661.260 4.623e-17
7662.137 4.624e-17
7663.013 4.624e-17
7663.890 4.625e-17
7664.767 4.625e-17
7665.643 4.626e-17
7666.520 4.626e-17
7667.397 4.627e-17
7668.273 4.627e-17
7669.150 4.627e-17
7670.027 4.628e-17
7670.903 4.628e-17
7671.780 4.629e-17
7672.657 4.629e-17
7673.533 4.630e-17
7674.410 4.630e-17
7675.287 4.631e-17
7676.163 4.631e-17
7677.040 4.632e-17
7677.917 4.632e-17
7678.793 4.632e-17
7679.670 4.633e-17
7680.547 4.633e-17
7681.423 4.634e-17
7682.300 4.634e-17
7683.177 4.635e-17
7684.053 4.635e-17
7684.930 4.636e-17
7685.807 4.636e-17
7686.683 4.637e-17
7687.560 4.637e-17
7688.437 4.637e-17
7689.313 4.638e-17
7690.190 4.638e-17
7691.067 4.639e-17
7691.943 4.639e-17
7692.820 4.640e-17
7693.697 4.640e-17
7694.573 4.641e-17
7695.450 4.641e-17
7696.327 4.641e-17
7697.203 4.642e-17
7698.080 4.642e-17
7698.957 4.643e-17
7699.833 4.643e-17
7700.710 4.644e-17
7701.587 4.644e-17
7702.463 4.645e-17
7703.340 4.645e-17
7704.217 4.646e-17
7705.093 4.646e-17
7705.970 4.646e-17
7706.847 4.647e-17
7707.723 4.647e-17
7708.600 4.648e-17
7709.477 4.648e-17
7710.353 4.649e-17
7711.230 4.649e-17
7712.107 4.650e-17
7712.983 4.650e-17
7713.860 4.651e-17
7714.737 4.651e-17
7715.613 4.651e-17
7716.490 4.652e-17
7717.367 4.652e-17
7718.243 4.653e-17
7719.120 4.653e-17
7719.997 4.654e-17
7720.873 4.654e-17
7721.750 4.655e-17
7722.627 4.655e-17
7723.503 4.656e-17
7724.380 4.656e-17
7725.257 4.656e-17
7726.133 4.657e-17
7727.010 4.657e-17
7727.887 4.658e-17
7728.763 4.658e-17
7729.640 4.659e-17
7730.517 4.659e-17
7731.393 4.660e-17
7732.270 4.660e-17
7733.147 4.661e-17
7734.023 4.661e-17
7734.900 4.661e-17
7735.777 4.662e-17
7736.653 4.662e-17
7737.530 4.663e-17
7738.407 4.663e-17
7739.283 4.664e-17
7740.160 4.664e-17
7741.037 4.665e-17
7741.913 4.665e-17
7742.790 4.666e-17
7743.667 4.666e-17
7744.543 4.666e-17
7745.420 4.667e-17
7746.297 4.667e-17
7747.173 4.668e-17
7748.050 4.668e-17
7748.927 4.669e-17
7749.803 4.669e-17
7750.680 4.670e-17
7751.557 4.670e-17
7752.433 4.671e-17
7753.310 4.671e-17
7754.187 4.671e-17
7755.063 4.672e-17
7755.940 4.672e-17
7756.817 4.673e-17
7757.693 4.673e-17
7758.570 4.674e-17
7759.447 4.674e-17
7760.323 4.675e-17
7761.200 4.675e-17
7762.077 4.676e-17
7762.953 4.676e-17
7763.830 4.676e-17
7764.707 4.677e-17
7765.583 4.677e-17
7766.460 4.678e-17
7767.337 4.678e-17
7768.213 4.679e-17
7769.090 4.679e-17
7769.967 4.680e-17
7770.843 4.680e-17
7771.720 4.680e-17
7772.597 4.681e-17
7773.473 4.681e-17
7774.350 4.682e-17
7775.227 4.682e-17
7776.103 4.683e-17
7776.980 4.683e-17
7777.857 4.684e-17
7778.733 4.684e-17
7779.610 4.685e-17
7780.487 4.685e-17
7781.363 4.685e-17
7782.240 4.686e-17
7783.117 4.686e-17
7783.993 4.687e-17
7784.870 4.687e-17
7785.747 4.688e-17
7786.623 4.688e-17
7787.500 4.689e-17
7788.377 4.689e-17
7789.253 4.690e-17
7790.130 4.690e-17
7791.007 4.690e-17
7791.883 4.691e-17
7792.760 4.691e-17
7793.637 4.692e-17
7794.513 4.692e-17
7795.390 4.693e-17
7796.267 4.693e-17
7797.143 4.694e-17
7798.020 4.694e-17
7798.897 4.695e-17
7799.773 4.695e-17
7800.650 4.695e-17
7801.527 4.696e-17
7802.403 4.696e-17
7803.280 4.697e-17
7804.157 4.697e-17
7805.033 4.698e-17
7805.910 4.698e-17
7806.787 4.699e-17
7807.663 4.699e-17
7808.540 4.700e-17
7809.417 4.700e-17
7810.293 4.700e-17
7811.170 4.701e-17
7812.047 4.701e-17
7812.923 4.702e-17
7813.800 4.702e-17
7814.677 4.703e-17
7815.553 4.703e-17
7816.430 4.704e-17
7817.307 4.704e-17
7818.183 4.705e-17
7819.060 4.705e-17
7819.937 4.705e-17
7820.813 4.706e-17
7821.690 4.706e-17
7822.567 4.707e-17
7823.443 4.707e-17
7824.320 4.708e-17
7825.197 4.708e-17
7826.073 4.709e-17
7826.950 4.709e-17
7827.827 4.710e-17
7828.703 4.710e-17
7829.580 4.710e-17
7830.457 4.711e-17
7831.333 4.711e-17
7832.210 4.712e-17
7833.087 4.712e-17
7833.963 4.713e-17
7834.840 4.713e-17
7835.717 4.714e-17
7836.593 4.714e-17
7837.470 4.715e-17
7838.347 4.715e-17
7839.223 4.715e-17
7840.100 4.716e-17
7840.977 4.716e-17
7841.853 4.717e-17
7842.730 4.717e-17
7843.607 4.718e-17
7844.483 4.718e-17
7845.360 4.719e-17
7846.237 4.719e-17
7847.113 4.719e-17
7847.990 4.720e-17
7848.867 4.720e-17
7849.743 4.721e-17
7850.620 4.721e-17
7851.497 4.722e-17
7852.373 4.722e-17
7853.250 4.723e-17
7854.127 4.723e-17
7855.003 4.724e-17
7855.880 4.724e-17
7856.757 4.724e-17
7857.633 4.725e-17
7858.510 4.725e-17
7859.387 4.726e-17
7860.263 4.726e-17
7861.140 4.727e-17
7862.017 4.727e-17
7862.893 4.728e-17
7863.770 4.728e-17
7864.647 4.729e-17
7865.523 4.729e-17
7866.400 4.729e-17
7867.277 4.730e-17
7868.153 4.730e-17
7869.030 4.731e-17
7869.907 4.731e-17
7870.783 4.732e-17
7871.660 4.732e-17
7872.537 4.733e-17
7873.413 4.733e-17
7874.290 4.734e-17
7875.167 4.734e-17
7876.043 4.734e-17
7876.920 4.735e-17
7877.797 4.735e-17
7878.673 4.736e-17
7879.550 4.736e-17
7880.427 4.737e-17
7881.303 4.737e-17
7882.180 4.738e-17
7883.057 4.738e-17
7883.933 4.739e-17
7884.810 4.739e-17
7885.687 4.739e-17
7886.563 4.740e-17
7887.440 4.740e-17
7888.317 4.741e-17
7889.193 4.741e-17
7890.070 4.742e-17
7890.947 4.742e-17
7891.823 4.743e-17
7892.700 4.743e-17
7893.577 4.744e-17
7894.453 4.744e-17
7895.330 4.744e-17
7896.207 4.745e-17
7897.083 4.745e-17
7897.960 4.746e-17
7898.837 4.746e-17
7899.713 4.747e-17
7900.590 4.747e-17
7901.467 4.748e-17
7902.343 4.748e-17
7903.220 4.749e-17
7904.097 4.749e-17
7904.973 4.749e-17
7905.850 4.750e-17
7906.727 4.750e-17
7907.603 4.751e-17
7908.480 4.751e-17
7909.357 4.752e-17
7910.233 4.752e-17
7911.110 4.753e-17
7911.987 4.753e-17
7912.863 4.753e-17
7913.740 4.754e-17
7914.617 4.754e-17
7915.493 4.755e-17
7916.370 4.755e-17
7917.247 4.756e-17
7918.123 4.756e-17
7919.000 4.757e-17
7919.877 4.757e-17
7920.753 4.758e-17
7921.630 4.758e-17
7922.507 4.758e-17
7923.383 4.759e-17
7924.260 4.759e-17
7925.137 4.760e-17
7926.013 4.760e-17
7926.890 4.761e-17
7927.767 4.761e-17
7928.643 4.762e-17
7929.520 4.762e-17
7930.397 4.763e-17
7931.273 4.763e-17
7932.150 4.763e-17
7933.027 4.764e-17
7933.903 4.764e-17
7934.780 4.765e-17
7935.657 4.765e-17
7936.533 4.766e-17
7937.410 4.766e-17
7938.287 4.767e-17
7939.163 4.767e-17
7940.040 4.768e-17
7940.917 4.768e-17
7941.793 4.768e-17
7942.670 4.769e-17
7943.547 4.769e-17
7944.423 4.770e-17
7945.300 4.770e-17
7946.177 4.771e-17
7947.053 4.771e-17
7947.930 4.772e-17
7948.807 4.772e-17
7949.683 4.773e-17
7950.560 4.773e-17
7951.437 4.773e-17
7952.313 4.774e-17
7953.190 4.774e-17
7954.067 4.775e-17
7954.943 4.775e-17
7955.820 4.776e-17
7956.697 4.776e-17
7957.573 4.777e-17
7958.450 4.777e-17
7959.327 4.778e-17
7960.203 4.778e-17
7961.080 4.778e-17
7961.957 4.779e-17
7962.833 4.779e-17
7963.710 4.780e-17
7964.587 4.780e-17
7965.463 4.781e-17
7966.340 4.781e-17
7967.217 4.782e-17
7968.093 4.782e-17
7968.970 4.783e-17
7969.847 4.783e-17
7970.723 4.783e-17
7971.600 4.784e-17
7972.477 4.784e-17
7973.353 4.785e-17
7974.230 4.785e-17
7975.107 4.786e-17
7975.983 4.786e-17
7976.860 4.787e-17
7977.737 4.787e-17
7978.613 4.788e-17
7979.490 4.788e-17
7980.367 4.788e-17
7981.243 4.789e-17
7982.120 4.789e-17
7982.997 4.790e-17
7983.873 4.790e-17
7984.750 4.791e-17
7985.627 4.791e-17
7986.503 4.792e-17
7987.380 4.792e-17
7988.257 4.792e-17
7989.133 4.793e-17
7990.010 4.793e-17
7990.887 4.794e-17
7991.763 4.794e-17
7992.640 4.795e-17
7993.517 4.795e-17
7994.393 4.796e-17
7995.270 4.796e-17
7996.147 4.797e-17
7997.023 4.797e-17
7997.900 4.797e-17
7998.777 4.798e-17
7999.653 4.798e-17
8000.530 4.799e-17
8001.407 4.799e-17
8002.283 4.800e-17
8003.160 4.800e-17
8004.037 4.801e-17
8004.913 4.801e-17
8005.790 4.802e-17
8006.667 4.802e-17
8007.543 4.802e-17
8008.420 4.803e-17
8009.297 4.803e-17
8010.173 4.804e-17
8011.050 4.804e-17
8011.927 4.805e-17
8012.803 4.805e-17
8013.680 4.806e-17
8014.557 4.806e-17
8015.433 4.807e-17
8016.310 4.807e-17
8017.187 4.807e-17
8018.063 4.808e-17
8018.940 4.808e-17
8019.817 4.809e-17
8020.693 4.809e-17
8021.570 4.810e-17
8022.447 4.810e-17
8023.323 4.811e-17
8024.200 4.811e-17
8025.077 4.812e-17
8025.953 4.812e-17
8026.830 4.812e-17
8027.707 4.813e-17
8028.583 4.813e-17
8029.460 4.814e-17
8030.337 4.814e-17
8031.213 4.815e-17
8032.090 4.815e-17
8032.967 4.816e-17
8033.843 4.816e-17
8034.720 4.817e-17
8035.597 4.817e-17
8036.473 4.817e-17
8037.350 4.818e-17
8038.227 4.818e-17
8039.103 4.819e-17
8039.980 4.819e-17
8040.857 4.820e-17
8041.733 4.820e-17
8042.610 4.821e-17
8043.487 4.821e-17
8044.363 4.822e-17
8045.240 4.822e-17
8046.117 4.822e-17
8046.993 4.823e-17
8047.870 4.823e-17
8048.747 4.824e-17
8049.623 4.824e-17
8050.500 4.825e-17
8051.377 4.825e-17
8052.253 4.826e-17
8053.130 4.826e-17
8054.007 4.827e-17
8054.883 4.827e-17
8055.760 4.827e-17
8056.637 4.828e-17
8057.513 4.828e-17
8058.390 4.829e-17
8059.267 4.829e-17
8060.143 4.830e-17
8061.020 4.830e-17
8061.897 4.831e-17
8062.773 4.831e-17
8063.650 4.831e-17
8064.527 4.832e-17
8065.403 4.832e-17
8066.280 4.833e-17
8067.157 4.833e-17
8068.033 4.834e-17
8068.910 4.834e-17
8069.787 4.835e-17
8070.663 4.835e-17
8071.540 4.836e-17
8072.417 4.836e-17
8073.293 4.836e-17
8074.170 4.837e-17
8075.047 4.837e-17
8075.923 4.838e-17
8076.800 4.838e-17
8077.677 4.839e-17
8078.553 4.839e-17
8079.430 4.840e-17
8080.307 4.840e-17
8081.183 4.841e-17
8082.060 4.841e-17
8082.937 4.841e-17
8083.813 4.842e-17
8084.690 4.842e-17
8085.567 4.843e-17
8086.443 4.843e-17
8087.320 4.844e-17
8088.197 4.844e-17
8089.073 4.845e-17
8089.950 4.845e-17
8090.827 4.846e-17
8091.703 4.846e-17
8092.580 4.846e-17
8093.457 4.847e-17
8094.333 4.847e-17
8095.210 4.848e-17
8096.087 4.848e-17
8096.963 4.849e-17
8097.840 4.849e-17
8098.717 4.850e-17
8099.593 4.850e-17
8100.470 4.851e-17
8101.347 4.851e-17
8102.223 4.851e-17
8103.100 4.852e-17
8103.977 4.852e-17
8104.853 4.853e-17
8105.730 4.853e-17
8106.607 4.854e-17
8107.483 4.854e-17
8108.360 4.855e-17
8109.237 4.855e-17
8110.113 4.856e-17
8110.990 4.856e-17
8111.867 4.856e-17
8112.743 4.857e-17
8113.620 4.857e-17
8114.497 4.858e-17
8115.373 4.858e-17
8116.250 4.859e-17
8117.127 4.859e-17
8118.003 4.860e-17
8118.880 4.860e-17
8119.757 4.861e-17
8120.633 4.861e-17
8121.510 4.861e-17
8122.387 4.862e-17
8123.263 4.862e-17
8124.140 4.863e-17
8125.017 4.863e-17
8125.893 4.864e-17
8126.770 4.864e-17
8127.647 4.865e-17
8128.523 4.865e-17
8129.400 4.865e-17
8130.277 4.866e-17
8131.153 4.866e-17
8132.030 4.867e-17
8132.907 4.867e-17
8133.783 4.868e-17
8134.660 4.868e-17
8135.537 4.869e-17
8136.413 4.869e-17
8137.290 4.870e-17
8138.167 4.870e-17
8139.043 4.870e-17
8139.920 4.871e-17
8140.797 4.871e-17
8141.673 4.872e-17
8142.550 4.872e-17
8143.427 4.873e-17
8144.303 4.873e-17
8145.180 4.874e-17
8146.057 4.874e-17
8146.933 4.875e-17
8147.810 4.875e-17
8148.687 4.875e-17
8149.563 4.876e-17
8150.440 4.876e-17
8151.317 4.877e-17
8152.193 4.877e-17
8153.070 4.878e-17
8153.947 4.878e-17
8154.823 4.879e-17
8155.700 4.879e-17
8156.577 4.880e-17
8157.453 4.880e-17
8158.330 4.880e-17
8159.207 4.881e-17
8160.083 4.881e-17
8160.960 4.882e-17
8161.837 4.882e-17
8162.713 4.883e-17
8163.590 4.883e-17
8164.467 4.884e-17
8165.343 4.884e-17
8166.220 4.885e-17
8167.097 4.885e-17
8167.973 4.885e-17
8168.850 4.886e-17
8169.727 4.886e-17
8170.603 4.887e-17
8171.480 4.887e-17
8172.357 4.888e-17
8173.233 4.888e-17
8174.110 4.889e-17
8174.987 4.889e-17
8175.863 4.890e-17
8176.740 4.890e-17
8177.617 4.890e-17
8178.493 4.891e-17
8179.370 4.891e-17
8180.247 4.892e-17
8181.123 4.892e-17
8182.000 4.893e-17
8182.877 4.893e-17
8183.753 4.894e-17
8184.630 4.894e-17
8185.507 4.895e-17
8186.383 4.895e-17
8187.260 4.895e-17
8188.137 4.896e-17
8189.013 4.896e-17
8189.890 4.897e-17
8190.767 4.897e-17
8191.643 4.898e-17
8192.520 4.898e-17
8193.397 4.899e-17
8194.273 4.899e-17
8195.150 4.900e-17
8196.027 4.900e-17
8196.903 4.900e-17
8197.780 4.901e-17
8198.657 4.901e-17
8199.533 4.902e-17
8200.410 4.902e-17
8201.287 4.903e-17
8202.163 4.903e-17
8203.040 4.904e-17
8203.917 4.904e-17
8204.793 4.904e-17
8205.670 4.905e-17
8206.547 4.905e-17
8207.423 4.906e-17
8208.300 4.906e-17
8209.177 4.907e-17
8210.053 4.907e-17
8210.930 4.908e-17
8211.807 4.908e-17
8212.683 4.909e-17
8213.560 4.909e-17
8214.437 4.909e-17
8215.313 4.910e-17
8216.190 4.910e-17
8217.067 4.911e-17
8217.943 4.911e-17
8218.820 4.912e-17
8219.697 4.912e-17
8220.573 4.913e-17
8221.450 4.913e-17
8222.327 4.914e-17
8223.203 4.914e-17
8224.080 4.914e-17
8224.957 4.915e-17
8225.833 4.915e-17
8226.710 4.916e-17
8227.587 4.916e-17
8228.463 4.917e-17
8229.340 4.917e-17
8230.217 4.918e-17
8231.093 4.918e-17
8231.970 4.919e-17
8232.847 4.919e-17
8233.723 4.919e-17
8234.600 4.920e-17
8235.477 4.920e-17
8236.353 4.921e-17
8237.230 4.921e-17
8238.107 4.922e-17
8238.983 4.922e-17
8239.860 4.923e-17
8240.737 4.923e-17
8241.613 4.924e-17
8242.490 4.924e-17
8243.367 4.924e-17
8244.243 4.925e-17
8245.120 4.925e-17
8245.997 4.926e-17
8246.873 4.926e-17
8247.750 4.927e-17
8248.627 4.927e-17
8249.503 4.928e-17
8250.380 4.928e-17
8251.257 4.929e-17
8252.133 4.929e-17
8253.010 4.929e-17
8253.887 4.930e-17
8254.763 4.930e-17
8255.640 4.931e-17
8256.517 4.931e-17
8257.393 4.932e-17
8258.270 4.932e-17
8259.147 4.933e-17
8260.023 4.933e-17
8260.900 4.934e-17
8261.777 4.934e-17
8262.653 4.934e-17
8263.530 4.935e-17
8264.407 4.935e-17
8265.283 4.936e-17
8266.160 4.936e-17
8267.037 4.937e-17
8267.913 4.937e-17
8268.790 4.938e-17
8269.667 4.938e-17
8270.543 4.939e-17
8271.420 4.939e-17
8272.297 4.939e-17
8273.173 4.940e-17
8274.050 4.940e-17
8274.927 4.941e-17
8275.803 4.941e-17
8276.680 4.942e-17
8277.557 4.942e-17
8278.433 4.943e-17
8279.310 4.943e-17
8280.187 4.943e-17
8281.063 4.944e-17
8281.940 4.944e-17
8282.817 4.945e-17
8283.693 4.945e-17
8284.570 4.946e-17
8285.447 4.946e-17
8286.323 4.947e-17
8287.200 4.947e-17
8288.077 4.948e-17
8288.953 4.948e-17
8289.830 4.948e-17
8290.707 4.949e-17
8291.583 4.949e-17
8292.460 4.950e-17
8293.337 4.950e-17
8294.213 4.951e-17
8295.090 4.951e-17
8295.967 4.952e-17
8296.843 4.952e-17
8297.720 4.953e-17
8298.597 4.953e-17
8299.473 4.953e-17
8300.350 4.954e-17
8301.227 4.954e-17
8302.103 4.955e-17
8302.980 4.955e-17
8303.857 4.956e-17
8304.733 4.956e-17
8305.610 4.957e-17
8306.487 4.957e-17
8307.363 4.958e-17
8308.240 4.958e-17
8309.117 4.958e-17
8309.993 4.959e-17
8310.870 4.959e-17
8311.747 4.960e-17
8312.623 4.960e-17
8313.500 4.961e-17
8314.377 4.961e-17
8315.253 4.962e-17
8316.130 4.962e-17
8317.007 4.963e-17
8317.883 4.963e-17
8318.760 4.963e-17
8319.637 4.964e-17
8320.513 4.964e-17
8321.390 4.965e-17
8322.267 4.965e-17
8323.143 4.966e-17
8324.020 4.966e-17
8324.897 4.967e-17
8325.773 4.967e-17
8326.650 4.968e-17
8327.527 4.968e-17
8328.403 4.968e-17
8329.280 4.969e-17
8330.157 4.969e-17
8331.033 4.970e-17
8331.910 4.970e-17
8332.787 4.971e-17
8333.663 4.971e-17
8334.540 4.972e-17
8335.417 4.972e-17
8336.293 4.973e-17
8337.170 4.973e-17
8338.047 4.973e-17
8338.923 4.974e-17
8339.800 4.974e-17
8340.677 4.975e-17
8341.553 4.975e-17
8342.430 4.976e-17
8343.307 4.976e-17
8344.183 4.977e-17
8345.060 4.977e-17
8345.937 4.978e-17
8346.813 4.978e-17
8347.690 4.978e-17
8348.567 4.979e-17
8349.443 4.979e-17
8350.320 4.980e-17
8351.197 4.980e-17
8352.073 4.981e-17
8352.950 4.981e-17
8353.827 4.982e-17
8354.703 4.982e-17
8355.580 4.982e-17
8356.457 4.983e-17
8357.333 4.983e-17
8358.210 4.984e-17
8359.087 4.984e-17
8359.963 4.985e-17
8360.840 4.985e-17
8361.717 4.986e-17
8362.593 4.986e-17
8363.470 4.987e-17
8364.347 4.987e-17
8365.223 4.987e-17
8366.100 4.988e-17
8366.977 4.988e-17
8367.853 4.989e-17
8368.730 4.989e-17
8369.607 4.990e-17
8370.483 4.990e-17
8371.360 4.991e-17
8372.237 4.991e-17
8373.113 4.992e-17
8373.990 4.992e-17
8374.867 4.992e-17
8375.743 4.993e-17
8376.620 4.993e-17
8377.497 4.994e-17
8378.373 4.994e-17
8379.250 4.995e-17
8380.127 4.995e-17
8381.003 4.996e-17
8381.880 4.996e-17
8382.757 4.997e-17
8383.633 4.997e-17
8384.510 4.997e-17
8385.387 4.998e-17
8386.263 4.998e-17
8387.140 4.999e-17
8388.017 4.999e-17
8388.893 5.000e-17
8389.770 5.000e-17
8390.647 5.001e-17
8391.523 5.001e-17
8392.400 5.002e-17
8393.277 5.002e-17
8394.153 5.002e-17
8395.030 5.003e-17
8395.907 5.003e-17
8396.783 5.004e-17
8397.660 5.004e-17
8398.537 5.005e-17
8399.413 5.005e-17
8400.290 5.006e-17
8401.167 5.006e-17
8402.043 5.007e-17
8402.920 5.007e-17
8403.797 5.007e-17
8404.673 5.008e-17
8405.550 5.008e-17
8406.427 5.009e-17
8407.303 5.009e-17
8408.180 5.010e-17
8409.057 5.010e-17
8409.933 5.011e-17
8410.810 5.011e-17
8411.687 5.012e-17
8412.563 5.012e-17
8413.440 5.012e-17
8414.317 5.013e-17
8415.193 5.013e-17
8416.070 5.014e-17
8416.947 5.014e-17
8417.823 5.015e-17
8418.700 5.015e-17
8419.577 5.016e-17
8420.453 5.016e-17
8421.330 5.016e-17
8422.207 5.017e-17
8423.083 5.017e-17
8423.960 5.018e-17
8424.837 5.018e-17
8425.713 5.019e-17
8426.590 5.019e-17
8427.467 5.020e-17
8428.343 5.020e-17
8429.220 5.021e-17
8430.097 5.021e-17
8430.973 5.021e-17
8431.850 5.022e-17
8432.727 5.022e-17
8433.603 5.023e-17
8434.480 5.023e-17
8435.357 5.024e-17
8436.233 5.024e-17
8437.110 5.025e-17
8437.987 5.025e-17
8438.863 5.026e-17
8439.740 5.026e-17
8440.617 5.026e-17
8441.493 5.027e-17
8442.370 5.027e-17
8443.247 5.028e-17
8444.123 5.028e-17
8445.000 5.029e-17
8445.877 5.029e-17
8446.753 5.030e-17
8447.630 5.030e-17
8448.507 5.031e-17
8449.383 5.031e-17
8450.260 5.031e-17
8451.137 5.032e-17
8452.013 5.032e-17
8452.890 5.033e-17
8453.767 5.033e-17
8454.643 5.034e-17
8455.520 5.034e-17
8456.397 5.035e-17
8457.273 5.035e-17
8458.150 5.036e-17
8459.027 5.036e-17
8459.903 5.036e-17
8460.780 5.037e-17
8461.657 5.037e-17
8462.533 5.038e-17
8463.410 5.038e-17
8464.287 5.039e-17
8465.163 5.039e-17
8466.040 5.040e-17
8466.917 5.040e-17
8467.793 5.041e-17
8468.670 5.041e-17
8469.547 5.041e-17
8470.423 5.042e-17
8471.300 5.042e-17
8472.177 5.043e-17
8473.053 5.043e-17
8473.930 5.044e-17
8474.807 5.044e-17
8475.683 5.045e-17
8476.560 5.045e-17
8477.437 5.046e-17
8478.313 5.046e-17
8479.190 5.046e-17
8480.067 5.047e-17
8480.943 5.047e-17
8481.820 5.048e-17
8482.697 5.048e-17
8483.573 5.049e-17
8484.450 5.049e-17
8485.327 5.050e-17
8486.203 5.050e-17
8487.080 5.051e-17
8487.957 5.051e-17
8488.833 5.051e-17
8489.710 5.052e-17
8490.587 5.052e-17
8491.463 5.053e-17
8492.340 5.053e-17
8493.217 5.054e-17
8494.093 5.054e-17
8494.970 5.055e-17
8495.847 5.055e-17
8496.723 5.055e-17
8497.600 5.056e-17
8498.477 5.056e-17
8499.353 5.057e-17
8500.230 5.057e-17
8501.107 5.058e-17
8501.983 5.058e-17
8502.860 5.059e-17
8503.737 5.059e-17
8504.613 5.060e-17
8505.490 5.060e-17
8506.367 5.060e-17
8507.243 5.061e-17
8508.120 5.061e-17
8508.997 5.062e-17
8509.873 5.062e-17
8510.750 5.063e-17
8511.627 5.063e-17
8512.503 5.064e-17
8513.380 5.064e-17
8514.257 5.065e-17
8515.133 5.065e-17
8516.010 5.065e-17
8516.887 5.066e-17
8517.763 5.066e-17
8518.640 5.067e-17
8519.517 5.067e-17
8520.393 5.068e-17
8521.270 5.068e-17
8522.147 5.069e-17
8523.023 5.069e-17
8523.900 5.070e-17
8524.777 5.070e-17
8525.653 5.070e-17
8526.530 5.071e-17
8527.407 5.071e-17
8528.283 5.072e-17
8529.160 5.072e-17
8530.037 5.073e-17
8530.913 5.073e-17
8531.790 5.074e-17
8532.667 5.074e-17
8533.543 5.075e-17
8534.420 5.075e-17
8535.297 5.075e-17
8536.173 5.076e-17
8537.050 5.076e-17
8537.927 5.077e-17
8538.803 5.077e-17
8539.680 5.078e-17
8540.557 5.078e-17
8541.433 5.079e-17
8542.310 5.079e-17
8543.187 5.080e-17
8544.063 5.080e-17
8544.940 5.080e-17
8545.817 5.081e-17
8546.693 5.081e-17
8547.570 5.082e-17
8548.447 5.082e-17
8549.323 5.083e-17
8550.200 5.083e-17
8551.077 5.084e-17
8551.953 5.084e-17
8552.830 5.085e-17
8553.707 5.085e-17
8554.583 5.085e-17
8555.460 5.086e-17
8556.337 5.086e-17
8557.213 5.087e-17
8558.090 5.087e-17
8558.967 5.088e-17
8559.843 5.088e-17
8560.720 5.089e-17
8561.597 5.089e-17
8562.473 5.090e-17
8563.350 5.090e-17
8564.227 5.090e-17
8565.103 5.091e-17
8565.980 5.091e-17
8566.857 5.092e-17
8567.733 5.092e-17
8568.610 5.093e-17
8569.487 5.093e-17
8570.363 5.094e-17
8571.240 5.094e-17
8572.117 5.094e-17
8572.993 5.095e-17
8573.870 5.095e-17
8574.747 5.096e-17
8575.623 5.096e-17
8576.500 5.097e-17
8577.377 5.097e-17
8578.253 5.098e-17
8579.130 5.098e-17
8580.007 5.099e-17
8580.883 5.099e-17
8581.760 5.099e-17
8582.637 5.100e-17
8583.513 5.100e-17
8584.390 5.101e-17
8585.267 5.101e-17
8586.143 5.102e-17
8587.020 5.102e-17
8587.897 5.103e-17
8588.773 5.103e-17
8589.650 5.104e-17
8590.527 5.104e-17
8591.403 5.104e-17
8592.280 5.105e-17
8593.157 5.105e-17
8594.033 5.106e-17
8594.910 5.106e-17
8595.787 5.107e-17
8596.663 5.107e-17
8597.540 5.108e-17
8598.417 5.108e-17
8599.293 5.109e-17
8600.170 5.109e-17
8601.047 5.109e-17
8601.923 5.110e-17
8602.800 5.110e-17
8603.677 5.111e-17
8604.553 5.111e-17
8605.430 5.112e-17
8606.307 5.112e-17
8607.183 5.113e-17
8608.060 5.113e-17
8608.937 5.114e-17
8609.813 5.114e-17
8610.690 5.114e-17
8611.567 5.115e-17
8612.443 5.115e-17
8613.320 5.116e-17
8614.197 5.116e-17
8615.073 5.117e-17
8615.950 5.117e-17
8616.827 5.118e-17
8617.703 5.118e-17
8618.580 5.119e-17
8619.457 5.119e-17
8620.333 5.119e-17
8621.210 5.120e-17
8622.087 5.120e-17
8622.963 5.121e-17
8623.840 5.121e-17
8624.717 5.122e-17
8625.593 5.122e-17
8626.470 5.123e-17
8627.347 5.123e-17
8628.223 5.124e-17
8629.100 5.124e-17
8629.977 5.124e-17
8630.853 5.125e-17
8631.730 5.125e-17
8632.607 5.126e-17
8633.483 5.126e-17
8634.360 5.127e-17
8635.237 5.127e-17
8636.113 5.128e-17
8636.990 5.128e-17
8637.867 5.128e-17
8638.743 5.129e-17
8639.620 5.129e-17
8640.497 5.130e-17
8641.373 5.130e-17
8642.250 5.131e-17
8643.127 5.131e-17
8644.003 5.132e-17
8644.880 5.132e-17
8645.757 5.133e-17
8646.633 5.133e-17
8647.510 5.133e-17
8648.387 5.134e-17
8649.263 5.134e-17
8650.140 5.135e-17
8651.017 5.135e-17
8651.893 5.136e-17
8652.770 5.136e-17
8653.647 5.137e-17
8654.523 5.137e-17
8655.400 5.138e-17
8656.277 5.138e-17
8657.153 5.138e-17
8658.030 5.139e-17
8658.907 5.139e-17
8659.783 5.140e-17
8660.660 5.140e-17
8661.537 5.141e-17
8662.413 5.141e-17
8663.290 5.142e-17
8664.167 5.142e-17
8665.043 5.143e-17
8665.920 5.143e-17
8666.797 5.143e-17
8667.673 5.144e-17
8668.550 5.144e-17
8669.427 5.145e-17
8670.303 5.145e-17
8671.180 5.146e-17
8672.057 5.146e-17
8672.933 5.147e-17
8673.810 5.147e-17
8674.687 5.148e-17
8675.563 5.148e-17
8676.440 5.148e-17
8677.317 5.149e-17
8678.193 5.149e-17
8679.070 5.150e-17
8679.947 5.150e-17
8680.823 5.151e-17
8681.700 5.151e-17
8682.577 5.152e-17
8683.453 5.152e-17
8684.330 5.153e-17
8685.207 5.153e-17
8686.083 5.153e-17
8686.960 5.154e-17
8687.837 5.154e-17
8688.713 5.155e-17
8689.590 5.155e-17
8690.467 5.156e-17
8691.343 5.156e-17
8692.220 5.157e-17
8693.097 5.157e-17
8693.973 5.158e-17
8694.850 5.158e-17
8695.727 5.158e-17
8696.603 5.159e-17
8697.480 5.159e-17
8698.357 5.160e-17
8699.233 5.160e-17
8700.110 5.161e-17
8700.987 5.161e-17
8701.863 5.162e-17
8702.740 5.162e-17
8703.617 5.163e-17
8704.493 5.163e-17
8705.370 5.163e-17
8706.247 5.164e-17
8707.123 5.164e-17
8708.000 5.165e-17
8708.877 5.165e-17
8709.753 5.166e-17
8710.630 5.166e-17
8711.507 5.167e-17
8712.383 5.167e-17
8713.260 5.167e-17
8714.137 5.168e-17
8715.013 5.168e-17
8715.890 5.169e-17
8716.767 5.169e-17
8717.643 5.170e-17
8718.520 5.170e-17
8719.397 5.171e-17
8720.273 5.171e-17
8721.150 5.172e-17
8722.027 5.172e-17
8722.903 5.172e-17
8723.780 5.173e-17
8724.657 5.173e-17
8725.533 5.174e-17
8726.410 5.174e-17
8727.287 5.175e-17
8728.163 5.175e-17
8729.040 5.176e-17
8729.917 5.176e-17
8730.793 5.177e-17
8731.670 5.177e-17
8732.547 5.177e-17
8733.423 5.178e-17
8734.300 5.178e-17
8735.177 5.179e-17
8736.053 5.179e-17
8736.930 5.180e-17
8737.807 5.180e-17
8738.683 5.181e-17
8739.560 5.181e-17
8740.437 5.182e-17
8741.313 5.182e-17
8742.190 5.182e-17
8743.067 5.183e-17
8743.943 5.183e-17
8744.820 5.184e-17
8745.697 5.184e-17
8746.573 5.185e-17
8747.450 5.185e-17
8748.327 5.186e-17
8749.203 5.186e-17
8750.080 5.187e-17
8750.957 5.187e-17
8751.833 5.187e-17
8752.710 5.188e-17
8753.587 5.188e-17
8754.463 5.189e-17
8755.340 5.189e-17
8756.217 5.190e-17
8757.093 5.190e-17
8757.970 5.191e-17
8758.847 5.191e-17
8759.723 5.192e-17
8760.600 5.192e-17
8761.477 5.192e-17
8762.353 5.193e-17
8763.230 5.193e-17
8764.107 5.194e-17
8764.983 5.194e-17
8765.860 5.195e-17
8766.737 5.195e-17
8767.613 5.196e-17
8768.490 5.196e-17
8769.367 5.197e-17
8770.243 5.197e-17
8771.120 5.197e-17
8771.997 5.198e-17
8772.873 5.198e-17
8773.750 5.199e-17
8774.627 5.199e-17
8775.503 5.200e-17
8776.380 5.200e-17
8777.257 5.201e-17
8778.133 5.201e-17
8779.010 5.202e-17
8779.887 5.202e-17
8780.763 5.202e-17
8781.640 5.203e-17
8782.517 5.203e-17
8783.393 5.204e-17
8784.270 5.204e-17
8785.147 5.205e-17
8786.023 5.205e-17
8786.900 5.206e-17
8787.777 5.206e-17
8788.653 5.206e-17
8789.530 5.207e-17
8790.407 5.207e-17
8791.283 5.208e-17
8792.160 5.208e-17
8793.037 5.209e-17
8793.913 5.209e-17
8794.790 5.210e-17
8795.667 5.210e-17
8796.543 5.211e-17
8797.420 5.211e-17
8798.297 5.211e-17
8799.173 5.212e-17
8800.050 5.212e-17
8800.927 5.213e-17
8801.803 5.213e-17
8802.680 5.214e-17
8803.557 5.214e-17
8804.433 5.215e-17
8805.310 5.215e-17
8806.187 5.216e-17
8807.063 5.216e-17
8807.940 5.216e-17
8808.817 5.217e-17
8809.693 5.217e-17
8810.570 5.218e-17
8811.447 5.218e-17
8812.323 5.219e-17
8813.200 5.219e-17
8814.077 5.220e-17
8814.953 5.220e-17
8815.830 5.221e-17
8816.707 5.221e-17
8817.583 5.221e-17
8818.460 5.222e-17
8819.337 5.222e-17
8820.213 5.223e-17
8821.090 5.223e-17
8821.967 5.224e-17
8822.843 5.224e-17
8823.720 5.225e-17
8824.597 5.225e-17
8825.473 5.226e-17
8826.350 5.226e-17
8827.227 5.226e-17
8828.103 5.227e-17
8828.980 5.227e-17
8829.857 5.228e-17
8830.733 5.228e-17
8831.610 5.229e-17
8832.487 5.229e-17
8833.363 5.230e-17
8834.240 5.230e-17
8835.117 5.231e-17
8835.993 5.231e-17
8836.870 5.231e-17
8837.747 5.232e-17
8838.623 5.232e-17
8839.500 5.233e-17
8840.377 5.233e-17
8841.253 5.234e-17
8842.130 5.234e-17
8843.007 5.235e-17
8843.883 5.235e-17
8844.760 5.236e-17
8845.637 5.236e-17
8846.513 5.236e-17
8847.390 5.237e-17
8848.267 5.237e-17
8849.143 5.238e-17
8850.020 5.238e-17
8850.897 5.239e-17
8851.773 5.239e-17
8852.650 5.240e-17
8853.527 5.240e-17
8854.403 5.241e-17
8855.280 5.241e-17
8856.157 5.241e-17
8857.033 5.242e-17
8857.910 5.242e-17
8858.787 5.243e-17
8859.663 5.243e-17
8860.540 5.244e-17
8861.417 5.244e-17
8862.293 5.245e-17
8863.170 5.245e-17
8864.047 5.245e-17
8864.923 5.246e-17
8865.800 5.246e-17
8866.677 5.247e-17
8867.553 5.247e-17
8868.430 5.248e-17
8869.307 5.248e-17
8870.183 5.249e-17
8871.060 5.249e-17
8871.937 5.250e-17
8872.813 5.250e-17
8873.690 5.250e-17
8874.567 5.251e-17
8875.443 5.251e-17
8876.320 5.252e-17
8877.197 5.252e-17
8878.073 5.253e-17
8878.950 5.253e-17
8879.827 5.254e-17
8880.703 5.254e-17
8881.580 5.255e-17
8882.457 5.255e-17
8883.333 5.255e-17
8884.210 5.256e-17
8885.087 5.256e-17
8885.963 5.257e-17
8886.840 5.257e-17
8887.717 5.258e-17
8888.593 5.258e-17
8889.470 5.259e-17
8890.347 5.259e-17
8891.223 5.260e-17
8892.100 5.260e-17
8892.977 5.260e-17
8893.853 5.261e-17
8894.730 5.261e-17
8895.607 5.262e-17
8896.483 5.262e-17
8897.360 5.263e-17
8898.237 5.263e-17
8899.113 5.264e-17
8899.990 5.264e-17
8900.867 5.265e-17
8901.743 5.265e-17
8902.620 5.265e-17
8903.497 5.266e-17
8904.373 5.266e-17
8905.250 5.267e-17
8906.127 5.267e-17
8907.003 5.268e-17
8907.880 5.268e-17
8908.757 5.269e-17
8909.633 5.269e-17
8910.510 5.270e-17
8911.387 5.270e-17
8912.263 5.270e-17
8913.140 5.271e-17
8914.017 5.271e-17
8914.893 5.272e-17
8915.770 5.272e-17
8916.647 5.273e-17
8917.523 5.273e-17
8918.400 5.274e-17
8919.277 5.274e-17
8920.153 5.275e-17
8921.030 5.275e-17
8921.907 5.275e-17
8922.783 5.276e-17
8923.660 5.276e-17
8924.537 5.277e-17
8925.413 5.277e-17
8926.290 5.278e-17
8927.167 5.278e-17
8928.043 5.279e-17
8928.920 5.279e-17
8929.797 5.279e-17
8930.673 5.280e-17
8931.550 5.280e-17
8932.427 5.281e-17
8933.303 5.281e-17
8934.180 5.282e-17
8935.057 5.282e-17
8935.933 5.283e-17
8936.810 5.283e-17
8937.687 5.284e-17
8938.563 5.284e-17
8939.440 5.284e-17
8940.317 5.285e-17
8941.193 5.285e-17
8942.070 5.286e-17
8942.947 5.286e-17
8943.823 5.287e-17
8944.700 5.287e-17
8945.577 5.288e-17
8946.453 5.288e-17
8947.330 5.289e-17
8948.207 5.289e-17
8949.083 5.289e-17
8949.960 5.290e-17
8950.837 5.290e-17
8951.713 5.291e-17
8952.590 5.291e-17
8953.467 5.292e-17
8954.343 5.292e-17
8955.220 5.293e-17
8956.097 5.293e-17
8956.973 5.294e-17
8957.850 5.294e-17
8958.727 5.294e-17
8959.603 5.295e-17
8960.480 5.295e-17
8961.357 5.296e-17
8962.233 5.296e-17
8963.110 5.297e-17
8963.987 5.297e-17
8964.863 5.298e-17
8965.740 5.298e-17
8966.617 5.299e-17
8967.493 5.299e-17
8968.370 5.299e-17
8969.247 5.300e-17
8970.123 5.300e-17
8971.000 5.301e-17
8971.877 5.301e-17
8972.753 5.302e-17
8973.630 5.302e-17
8974.507 5.303e-17
8975.383 5.303e-17
8976.260 5.304e-17
8977.137 5.304e-17
8978.013 5.304e-17
8978.890 5.305e-17
8979.767 5.305e-17
8980.643 5.306e-17
8981.520 5.306e-17
8982.397 5.307e-17
8983.273 5.307e-17
8984.150 5.308e-17
8985.027 5.308e-17
8985.903 5.309e-17
8986.780 5.309e-17
8987.657 5.309e-17
8988.533 5.310e-17
8989.410 5.310e-17
8990.287 5.311e-17
8991.163 5.311e-17
8992.040 5.312e-17
8992.917 5.312e-17
8993.793 5.313e-17
8994.670 5.313e-17
8995.547 5.314e-17
8996.423 5.314e-17
8997.300 5.314e-17
8998.177 5.315e-17
8999.053 5.315e-17
8999.930 5.316e-17
9000.807 5.316e-17
9001.683 5.317e-17
9002.560 5.317e-17
9003.437 5.318e-17
9004.313 5.318e-17
9005.190 5.318e-17
9006.067 5.319e-17
9006.943 5.319e-17
9007.820 5.320e-17
9008.697 5.320e-17
9009.573 5.321e-17
9010.450 5.321e-17
9011.327 5.322e-17
9012.203 5.322e-17
9013.080 5.323e-17
9013.957 5.323e-17
9014.833 5.323e-17
9015.710 5.324e-17
9016.587 5.324e-17
9017.463 5.325e-17
9018.340 5.325e-17
9019.217 5.326e-17
9020.093 5.326e-17
9020.970 5.327e-17
9021.847 5.327e-17
9022.723 5.328e-17
9023.600 5.328e-17
9024.477 5.328e-17
9025.353 5.329e-17
9026.230 5.329e-17
9027.107 5.330e-17
9027.983 5.330e-17
9028.860 5.331e-17
9029.737 5.331e-17
9030.613 5.332e-17
9031.490 5.332e-17
9032.367 5.333e-17
9033.243 5.333e-17
9034.120 5.333e-17
9034.997 5.334e-17
9035.873 5.334e-17
9036.750 5.335e-17
9037.627 5.335e-17
9038.503 5.336e-17
9039.380 5.336e-17
9040.257 5.337e-17
9041.133 5.337e-17
9042.010 5.338e-17
9042.887 5.338e-17
9043.763 5.338e-17
9044.640 5.339e-17
9045.517 5.339e-17
9046.393 5.340e-17
9047.270 5.340e-17
9048.147 5.341e-17
9049.023 5.341e-17
9049.900 5.342e-17
9050.777 5.342e-17
9051.653 5.343e-17
9052.530 5.343e-17
9053.407 5.343e-17
9054.283 5.344e-17
9055.160 5.344e-17
9056.037 5.345e-17
9056.913 5.345e-17
9057.790 5.346e-17
9058.667 5.346e-17
9059.543 5.347e-17
9060.420 5.347e-17
9061.297 5.348e-17
9062.173 5.348e-17
9063.050 5.348e-17
9063.927 5.349e-17
9064.803 5.349e-17
9065.680 5.350e-17
9066.557 5.350e-17
9067.433 5.351e-17
9068.310 5.351e-17
9069.187 5.352e-17
9070.063 5.352e-17
9070.940 5.353e-17
9071.817 5.353e-17
9072.693 5.353e-17
9073.570 5.354e-17
9074.447 5.354e-17
9075.323 5.355e-17
9076.200 5.355e-17
9077.077 5.356e-17
9077.953 5.356e-17
9078.830 5.357e-17
9079.707 5.357e-17
9080.583 5.357e-17
9081.460 5.358e-17
9082.337 5.358e-17
9083.213 5.359e-17
9084.090 5.359e-17
9084.967 5.360e-17
9085.843 5.360e-17
9086.720 5.361e-17
9087.597 5.361e-17
9088.473 5.362e-17
9089.350 5.362e-17
9090.227 5.362e-17
9091.103 5.363e-17
9091.980 5.363e-17
9092.857 5.364e-17
9093.733 5.364e-17
9094.610 5.365e-17
9095.487 5.365e-17
9096.363 5.366e-17
9097.240 5.366e-17
9098.117 5.367e-17
9098.993 5.367e-17
9099.870 5.367e-17
9100.747 5.368e-17
9101.623 5.368e-17
9102.500 5.369e-17
