4500.000 8.109e-17
4500.877 8.144e-17
4501.753 8.179e-17
4502.630 8.214e-17
4503.507 8.249e-17
4504.383 8.284e-17
4505.260 8.319e-17
4506.137 8.354e-17
4507.013 8.349e-17
4507.890 8.334e-17
4508.767 8.319e-17
4509.643 8.303e-17
4510.520 8.288e-17
4511.397 8.274e-17
4512.273 8.259e-17
4513.150 8.244e-17
4514.027 8.229e-17
4514.903 8.214e-17
4515.780 8.199e-17
4516.657 8.167e-17
4517.533 8.109e-17
4518.410 8.050e-17
4519.287 7.992e-17
4520.163 7.934e-17
4521.040 7.876e-17
4521.917 7.818e-17
4522.793 7.760e-17
4523.670 7.702e-17
4524.547 7.644e-17
4525.423 7.586e-17
4526.300 7.529e-17
4527.177 7.534e-17
4528.053 7.540e-17
4528.930 7.547e-17
4529.807 7.560e-17
4530.683 7.559e-17
4531.560 7.565e-17
4532.437 7.571e-17
4533.313 7.578e-17
4534.190 7.584e-17
4535.067 7.590e-17
4535.943 7.596e-17
4536.820 7.598e-17
4537.697 7.598e-17
4538.573 7.598e-17
4539.450 7.597e-17
4540.327 7.597e-17
4541.203 7.597e-17
4542.080 7.596e-17
4542.957 8.624e-17
4543.833 7.595e-17
4544.710 7.595e-17
4545.587 7.954e-17
4546.463 7.597e-17
4547.340 7.611e-17
4548.217 7.626e-17
4549.093 7.640e-17
4549.970 7.654e-17
4550.847 7.669e-17
4551.723 7.683e-17
4552.600 7.697e-17
4553.477 7.712e-17
4554.353 8.068e-17
4555.230 7.740e-17
4556.107 7.754e-17
4556.983 7.765e-17
4557.860 7.775e-17
4558.737 7.786e-17
4559.613 7.796e-17
4560.490 7.806e-17
4561.367 7.817e-17
4562.243 7.827e-17
4563.120 7.837e-17
4563.997 7.847e-17
4564.873 7.857e-17
4565.750 7.867e-17
4566.627 7.875e-17
4567.503 7.879e-17
4568.380 7.882e-17
4569.257 8.047e-17
4570.133 7.890e-17
4571.010 7.893e-17
4571.887 7.897e-17
4572.763 7.901e-17
4573.640 7.905e-17
4574.517 7.908e-17
4575.393 7.912e-17
4576.270 7.915e-17
4577.147 7.872e-17
4578.023 7.828e-17
4578.900 7.783e-17
4579.777 7.739e-17
4580.653 7.695e-17
4581.530 7.650e-17
4582.407 7.606e-17
4583.283 7.562e-17
4584.160 7.593e-17
4585.037 7.473e-17
4585.913 7.429e-17
4586.790 7.414e-17
4587.667 7.423e-17
4588.543 7.431e-17
4589.420 7.440e-17
4590.297 7.448e-17
4591.173 7.457e-17
4592.050 7.465e-17
4592.927 7.473e-17
4593.803 7.482e-17
4594.680 7.490e-17
4595.557 7.499e-17
4596.433 7.507e-17
4597.310 7.513e-17
4598.187 7.519e-17
4599.063 7.525e-17
4599.940 7.531e-17
4600.817 7.537e-17
4601.693 7.543e-17
4602.570 7.550e-17
4603.447 7.556e-17
4604.323 7.562e-17
4605.200 7.568e-17
4606.077 7.574e-17
4606.953 7.576e-17
4607.830 7.577e-17
4608.707 7.578e-17
4609.583 7.580e-17
4610.460 7.581e-17
4611.337 7.582e-17
4612.213 7.583e-17
4613.090 7.584e-17
4613.967 7.585e-17
4614.843 7.586e-17
4615.720 7.587e-17
4616.597 7.592e-17
4617.473 7.604e-17
4618.350 7.615e-17
4619.227 7.627e-17
4620.103 7.639e-17
4620.980 7.650e-17
4621.857 7.662e-17
4622.733 7.673e-17
4623.610 7.685e-17
4624.487 7.696e-17
4625.363 7.708e-17
4626.240 7.719e-17
4627.117 7.699e-17
4627.993 7.675e-17
4628.870 7.652e-17
4629.747 7.629e-17
4630.623 7.606e-17
4631.500 7.583e-17
4632.377 7.560e-17
4633.253 7.537e-17
4634.130 7.513e-17
4635.007 7.491e-17
4635.883 7.468e-17
4636.760 7.445e-17
4637.637 7.422e-17
4638.513 7.399e-17
4639.390 7.376e-17
4640.267 7.353e-17
4641.143 7.330e-17
4642.020 7.307e-17
4642.897 7.284e-17
4643.773 7.261e-17
4644.650 7.238e-17
4645.527 7.216e-17
4646.403 7.198e-17
4647.280 7.214e-17
4648.157 7.231e-17
4649.033 7.248e-17
4649.910 7.265e-17
4650.787 7.282e-17
4651.663 7.298e-17
4652.540 7.315e-17
4653.417 7.331e-17
4654.293 7.348e-17
4655.170 7.364e-17
4656.047 7.381e-17
4656.923 7.357e-17
4657.800 7.317e-17
4658.677 7.280e-17
4659.553 7.243e-17
4660.430 7.206e-17
4661.307 7.169e-17
4662.183 7.132e-17
4663.060 7.095e-17
4663.937 7.058e-17
4664.813 7.021e-17
4665.690 6.984e-17
4666.567 6.967e-17
4667.443 6.995e-17
4668.320 7.023e-17
4669.197 7.051e-17
4670.073 7.079e-17
4670.950 7.107e-17
4671.827 7.135e-17
4672.703 7.163e-17
4673.580 7.447e-17
4674.457 7.219e-17
4675.333 7.247e-17
4676.210 7.275e-17
4677.087 8.442e-17
4677.963 7.265e-17
4678.840 7.258e-17
4679.717 7.251e-17
4680.593 7.244e-17
4681.470 7.237e-17
4682.347 7.230e-17
4683.223 7.224e-17
4684.100 7.217e-17
4684.977 7.210e-17
4685.853 7.203e-17
4686.730 7.199e-17
4687.607 7.197e-17
4688.483 7.195e-17
4689.360 7.193e-17
4690.237 7.191e-17
4691.113 7.189e-17
4691.990 7.187e-17
4692.867 7.186e-17
4693.743 7.184e-17
4694.620 7.182e-17
4695.497 7.180e-17
4696.373 7.175e-17
4697.250 7.141e-17
4698.127 7.103e-17
4699.003 7.072e-17
4699.880 7.037e-17
4700.757 7.003e-17
4701.633 6.969e-17
4702.510 6.935e-17
4703.387 6.901e-17
4704.263 6.867e-17
4705.140 6.833e-17
4706.017 6.799e-17
4706.893 6.817e-17
4707.770 6.860e-17
4708.647 6.903e-17
4709.523 6.945e-17
4710.400 6.988e-17
4711.277 7.031e-17
4712.153 7.073e-17
4713.030 7.116e-17
4713.907 7.159e-17
4714.783 7.202e-17
4715.660 7.244e-17
4716.537 7.278e-17
4717.413 7.283e-17
4718.290 7.291e-17
4719.167 7.298e-17
4720.043 7.305e-17
4720.920 7.313e-17
4721.797 7.319e-17
4722.673 7.327e-17
4723.550 7.334e-17
4724.427 7.341e-17
4725.303 7.348e-17
4726.180 7.355e-17
4727.057 7.343e-17
4727.933 7.328e-17
4728.810 7.313e-17
4729.687 7.298e-17
4730.563 7.280e-17
4731.440 7.268e-17
4732.317 7.252e-17
4733.193 7.237e-17
4734.070 7.222e-17
4734.947 7.207e-17
4735.823 7.192e-17
4736.700 7.192e-17
4737.577 7.209e-17
4738.453 7.227e-17
4739.330 7.245e-17
4740.207 7.263e-17
4741.083 7.281e-17
4741.960 7.299e-17
4742.837 7.317e-17
4743.713 7.335e-17
4744.590 7.352e-17
4745.467 7.370e-17
4746.343 7.386e-17
4747.220 7.375e-17
4748.097 7.364e-17
4748.973 7.352e-17
4749.850 7.341e-17
4750.727 7.328e-17
4751.603 7.314e-17
4752.480 7.300e-17
4753.357 7.286e-17
4754.233 7.271e-17
4755.110 7.257e-17
4755.987 7.243e-17
4756.863 7.225e-17
4757.740 7.203e-17
4758.617 7.182e-17
4759.493 7.160e-17
4760.370 7.138e-17
4761.247 7.116e-17
4762.123 7.095e-17
4763.000 7.074e-17
4763.877 7.053e-17
4764.753 7.032e-17
4765.630 7.011e-17
4766.507 7.002e-17
4767.383 7.035e-17
4768.260 7.067e-17
4769.137 7.100e-17
4770.013 7.132e-17
4770.890 7.165e-17
4771.767 7.198e-17
4772.643 7.230e-17
4773.520 7.263e-17
4774.397 7.297e-17
4775.273 7.330e-17
4776.150 7.363e-17
4777.027 7.350e-17
4777.903 7.329e-17
4778.780 7.306e-17
4779.657 7.284e-17
4780.533 7.263e-17
4781.410 7.241e-17
4782.287 7.219e-17
4783.163 7.198e-17
4784.040 7.176e-17
4784.917 7.155e-17
4785.793 7.133e-17
4786.670 7.129e-17
4787.547 7.146e-17
4788.423 7.164e-17
4789.300 7.182e-17
4790.177 7.201e-17
4791.053 7.219e-17
4791.930 7.237e-17
4792.807 7.254e-17
4793.683 7.272e-17
4794.560 7.290e-17
4795.437 7.308e-17
4796.313 7.325e-17
4797.190 7.311e-17
4798.067 7.297e-17
4798.943 7.283e-17
4799.820 7.269e-17
4800.697 7.255e-17
4801.573 7.241e-17
4802.450 7.227e-17
4803.327 7.212e-17
4804.203 7.198e-17
4805.080 7.184e-17
4805.957 7.170e-17
4806.833 7.172e-17
4807.710 7.186e-17
4808.587 7.200e-17
4809.463 7.214e-17
4810.340 7.228e-17
4811.217 7.242e-17
4812.093 7.256e-17
4812.970 7.619e-17
4813.847 7.441e-17
4814.723 7.297e-17
4815.600 7.310e-17
4816.477 7.321e-17
4817.353 7.299e-17
4818.230 7.277e-17
4819.107 7.255e-17
4819.983 7.233e-17
4820.860 7.211e-17
4821.737 7.189e-17
4822.613 7.168e-17
4823.490 7.146e-17
4824.367 7.124e-17
4825.243 7.568e-17
4826.120 7.121e-17
4826.997 7.071e-17
4827.873 7.067e-17
4828.750 7.064e-17
4829.627 7.060e-17
4830.503 7.057e-17
4831.380 7.053e-17
4832.257 7.050e-17
4833.133 7.046e-17
4834.010 7.043e-17
4834.887 7.040e-17
4835.763 7.036e-17
4836.640 7.029e-17
4837.517 7.012e-17
4838.393 6.995e-17
4839.270 6.978e-17
4840.147 6.961e-17
4841.023 6.944e-17
4841.900 6.927e-17
4842.777 6.910e-17
4843.653 6.893e-17
4844.530 6.876e-17
4845.407 6.859e-17
4846.283 6.843e-17
4847.160 6.801e-17
4848.037 6.759e-17
4848.913 6.716e-17
4849.790 6.673e-17
4850.667 6.632e-17
4851.543 6.590e-17
4852.420 6.548e-17
4853.297 6.505e-17
4854.173 6.464e-17
4855.050 6.422e-17
4855.927 6.380e-17
4856.803 6.329e-17
4857.680 6.268e-17
4858.557 6.206e-17
4859.433 6.144e-17
4860.310 6.083e-17
4861.187 6.022e-17
4862.063 5.960e-17
4862.940 5.899e-17
4863.817 5.837e-17
4864.693 5.776e-17
4865.570 5.714e-17
4866.447 5.659e-17
4867.323 5.717e-17
4868.200 5.774e-17
4869.077 5.831e-17
4869.953 5.888e-17
4870.830 5.946e-17
4871.707 6.001e-17
4872.583 6.060e-17
4873.460 6.116e-17
4874.337 6.174e-17
4875.213 6.231e-17
4876.090 6.288e-17
4876.967 6.322e-17
4877.843 6.344e-17
4878.720 6.366e-17
4879.597 6.388e-17
4880.473 6.409e-17
4881.350 6.431e-17
4882.227 6.452e-17
4883.103 6.474e-17
4883.980 7.124e-17
4884.857 6.517e-17
4885.733 6.539e-17
4886.610 6.558e-17
4887.487 6.568e-17
4888.363 6.579e-17
4889.240 6.589e-17
4890.117 6.599e-17
4890.993 6.610e-17
4891.870 6.621e-17
4892.747 6.632e-17
4893.623 6.642e-17
4894.500 6.652e-17
4895.377 6.663e-17
4896.253 6.673e-17
4897.130 6.684e-17
4898.007 6.695e-17
4898.883 6.706e-17
4899.760 6.716e-17
4900.637 6.727e-17
4901.513 6.738e-17
4902.390 6.748e-17
4903.267 6.759e-17
4904.143 6.770e-17
4905.020 6.780e-17
4905.897 6.791e-17
4906.773 6.783e-17
4907.650 6.749e-17
4908.527 6.715e-17
4909.403 6.681e-17
4910.280 6.647e-17
4911.157 6.613e-17
4912.033 6.579e-17
4912.910 6.545e-17
4913.787 6.511e-17
4914.663 6.477e-17
4915.540 6.443e-17
4916.417 6.410e-17
4917.293 6.408e-17
4918.170 6.405e-17
4919.047 6.403e-17
4919.923 6.400e-17
4920.800 6.398e-17
4921.677 6.395e-17
4922.553 6.393e-17
4923.430 6.390e-17
4924.307 6.388e-17
4925.183 6.386e-17
4926.060 6.383e-17
4926.937 6.379e-17
4927.813 6.374e-17
4928.690 6.370e-17
4929.567 6.365e-17
4930.443 6.360e-17
4931.320 6.355e-17
4932.197 6.351e-17
4933.073 6.346e-17
4933.950 6.341e-17
4934.827 6.336e-17
4935.703 6.332e-17
4936.580 6.337e-17
4937.457 6.382e-17
4938.333 6.427e-17
4939.210 9.069e-17
4940.087 6.516e-17
4940.963 6.561e-17
4941.840 6.606e-17
4942.717 6.651e-17
4943.593 6.695e-17
4944.470 6.740e-17
4945.347 6.784e-17
4946.223 6.829e-17
4947.100 6.806e-17
4947.977 6.767e-17
4948.853 6.728e-17
4949.730 6.688e-17
4950.607 6.649e-17
4951.483 6.609e-17
4952.360 6.570e-17
4953.237 6.531e-17
4954.113 6.491e-17
4954.990 6.452e-17
4955.867 6.413e-17
4956.743 6.398e-17
4957.620 6.420e-17
4958.497 6.442e-17
4959.373 6.465e-17
4960.250 6.487e-17
4961.127 6.509e-17
4962.003 6.531e-17
4962.880 6.554e-17
4963.757 6.576e-17
4964.633 6.821e-17
4965.510 6.620e-17
4966.387 6.642e-17
4967.263 6.640e-17
4968.140 6.637e-17
4969.017 6.635e-17
4969.893 6.632e-17
4970.770 6.629e-17
4971.647 6.627e-17
4972.523 6.624e-17
4973.400 6.621e-17
4974.277 6.618e-17
4975.153 6.615e-17
4976.030 6.613e-17
4976.907 6.586e-17
4977.783 6.541e-17
4978.660 6.497e-17
4979.537 6.452e-17
4980.413 6.407e-17
4981.290 6.363e-17
4982.167 6.318e-17
4983.043 6.274e-17
4983.920 6.229e-17
4984.797 6.185e-17
4985.673 6.141e-17
4986.550 6.108e-17
4987.427 6.134e-17
4988.303 6.159e-17
4989.180 6.184e-17
4990.057 6.210e-17
4990.933 6.235e-17
4991.810 6.260e-17
4992.687 6.285e-17
4993.563 6.310e-17
4994.440 6.335e-17
4995.317 6.360e-17
4996.193 6.385e-17
4997.070 6.365e-17
4997.947 6.332e-17
4998.823 6.298e-17
4999.700 6.264e-17
5000.577 6.232e-17
5001.453 6.199e-17
5002.330 6.167e-17
5003.207 6.134e-17
5004.083 6.102e-17
5004.960 6.069e-17
5005.837 6.409e-17
5006.713 6.011e-17
5007.590 5.997e-17
5008.467 5.983e-17
5009.343 5.969e-17
5010.220 5.955e-17
5011.097 5.941e-17
5011.973 5.927e-17
5012.850 5.913e-17
5013.727 5.899e-17
5014.603 5.886e-17
5015.480 5.872e-17
5016.357 5.858e-17
5017.233 5.876e-17
5018.110 5.894e-17
5018.987 5.917e-17
5019.863 5.936e-17
5020.740 5.956e-17
5021.617 5.976e-17
5022.493 5.997e-17
5023.370 6.017e-17
5024.247 6.037e-17
5025.123 6.058e-17
5026.000 6.071e-17
5026.877 6.092e-17
5027.753 6.100e-17
5028.630 6.109e-17
5029.507 6.117e-17
5030.383 6.126e-17
5031.260 6.136e-17
5032.137 6.145e-17
5033.013 6.154e-17
5033.890 6.163e-17
5034.767 6.171e-17
5035.643 6.176e-17
5036.520 6.185e-17
5037.397 6.166e-17
5038.273 6.147e-17
5039.150 6.080e-17
5040.027 6.109e-17
5040.903 6.084e-17
5041.780 6.070e-17
5042.657 6.051e-17
5043.533 6.010e-17
5044.410 6.004e-17
5045.287 5.990e-17
5046.163 5.976e-17
5047.040 5.992e-17
5047.917 6.026e-17
5048.793 6.055e-17
5049.670 6.088e-17
5050.547 6.119e-17
5051.423 6.150e-17
5052.300 6.182e-17
5053.177 6.214e-17
5054.053 6.244e-17
5054.930 6.276e-17
5055.807 6.307e-17
5056.683 6.324e-17
5057.560 6.314e-17
5058.437 6.305e-17
5059.313 6.295e-17
5060.190 6.285e-17
5061.067 6.275e-17
5061.943 6.265e-17
5062.820 6.255e-17
5063.697 6.243e-17
5064.573 6.236e-17
5065.450 6.226e-17
5066.327 6.216e-17
5067.203 6.198e-17
5068.080 6.184e-17
5068.957 6.168e-17
5069.833 6.152e-17
5070.710 6.135e-17
5071.587 6.108e-17
5072.463 6.102e-17
5073.340 6.089e-17
5074.217 6.066e-17
5075.093 6.056e-17
5075.970 6.041e-17
5076.847 6.034e-17
5077.723 6.032e-17
5078.600 6.038e-17
5079.477 6.041e-17
5080.353 6.041e-17
5081.230 6.044e-17
5082.107 6.047e-17
5082.983 6.048e-17
5083.860 6.051e-17
5084.737 6.053e-17
5085.613 6.048e-17
5086.490 6.057e-17
5087.367 6.054e-17
5088.243 6.052e-17
5089.120 6.050e-17
5089.997 6.048e-17
5090.873 6.046e-17
5091.750 6.044e-17
5092.627 6.042e-17
5093.503 6.039e-17
5094.380 6.037e-17
5095.257 6.031e-17
5096.133 6.033e-17
5097.010 6.037e-17
5097.887 6.043e-17
5098.763 6.050e-17
5099.640 6.057e-17
5100.517 6.064e-17
5101.393 6.070e-17
5102.270 6.077e-17
5103.147 6.080e-17
5104.023 6.090e-17
5104.900 6.097e-17
5105.777 6.104e-17
5106.653 6.112e-17
5107.530 6.124e-17
5108.407 6.136e-17
5109.283 6.148e-17
5110.160 6.159e-17
5111.037 6.171e-17
5111.913 6.182e-17
5112.790 6.194e-17
5113.667 6.206e-17
5114.543 6.217e-17
5115.420 6.228e-17
5116.297 6.240e-17
5117.173 6.210e-17
5118.050 6.174e-17
5118.927 6.139e-17
5119.803 6.104e-17
5120.680 6.069e-17
5121.557 6.033e-17
5122.433 5.998e-17
5123.310 5.962e-17
5124.187 5.926e-17
5125.063 5.892e-17
5125.940 5.856e-17
5126.817 5.836e-17
5127.693 5.833e-17
5128.570 5.830e-17
5129.447 5.827e-17
5130.323 5.824e-17
5131.200 5.821e-17
5132.077 5.818e-17
5132.953 5.815e-17
5133.830 5.812e-17
5134.707 5.809e-17
5135.583 5.806e-17
5136.460 5.803e-17
5137.337 5.805e-17
5138.213 5.807e-17
5139.090 5.808e-17
5139.967 5.810e-17
5140.843 5.812e-17
5141.720 5.814e-17
5142.597 5.816e-17
5143.473 5.818e-17
5144.350 5.819e-17
5145.227 5.821e-17
5146.103 5.823e-17
5146.980 5.827e-17
5147.857 5.832e-17
5148.733 5.837e-17
5149.610 5.842e-17
5150.487 5.847e-17
5151.363 5.853e-17
5152.240 5.858e-17
5153.117 5.863e-17
5153.993 5.868e-17
5154.870 5.873e-17
5155.747 5.878e-17
5156.623 5.867e-17
5157.500 5.805e-17
5158.377 5.744e-17
5159.253 5.683e-17
5160.130 5.622e-17
5161.007 5.561e-17
5161.883 5.500e-17
5162.760 5.439e-17
5163.637 5.378e-17
5164.513 5.317e-17
5165.390 5.256e-17
5166.267 5.195e-17
5167.143 5.197e-17
5168.020 5.210e-17
5168.897 5.224e-17
5169.773 5.237e-17
5170.650 5.250e-17
5171.527 5.263e-17
5172.403 5.277e-17
5173.280 5.290e-17
5174.157 5.303e-17
5175.033 5.316e-17
5175.910 5.329e-17
5176.787 5.328e-17
5177.663 5.308e-17
5178.540 5.288e-17
5179.417 5.269e-17
5180.293 5.249e-17
5181.170 5.229e-17
5182.047 5.209e-17
5182.923 5.189e-17
5183.800 5.170e-17
5184.677 5.150e-17
5185.553 5.130e-17
5186.430 5.113e-17
5187.307 5.155e-17
5188.183 5.198e-17
5189.060 5.241e-17
5189.937 5.284e-17
5190.813 5.326e-17
5191.690 5.369e-17
5192.567 5.411e-17
5193.443 5.454e-17
5194.320 5.497e-17
5195.197 5.539e-17
5196.073 5.581e-17
5196.950 5.602e-17
5197.827 5.601e-17
5198.703 5.600e-17
5199.580 5.600e-17
5200.457 5.599e-17
5201.333 5.598e-17
5202.210 5.597e-17
5203.087 5.596e-17
5203.963 5.595e-17
5204.840 5.595e-17
5205.717 5.594e-17
5206.593 5.595e-17
5207.470 5.612e-17
5208.347 5.629e-17
5209.223 5.646e-17
5210.100 5.664e-17
5210.977 5.681e-17
5211.853 5.698e-17
5212.730 5.716e-17
5213.607 5.733e-17
5214.483 5.750e-17
5215.360 5.767e-17
5216.237 5.784e-17
5217.113 5.773e-17
5217.990 5.750e-17
5218.867 6.147e-17
5219.743 5.705e-17
5220.620 5.682e-17
5221.497 5.659e-17
5222.373 5.636e-17
5223.250 5.613e-17
5224.127 5.590e-17
5225.003 5.568e-17
5225.880 5.545e-17
5226.757 5.538e-17
5227.633 5.554e-17
5228.510 5.569e-17
5229.387 5.585e-17
5230.263 5.601e-17
5231.140 5.617e-17
5232.017 5.633e-17
5232.893 5.648e-17
5233.770 5.664e-17
5234.647 5.680e-17
5235.523 5.695e-17
5236.400 5.711e-17
5237.277 5.725e-17
5238.153 5.739e-17
5239.030 5.754e-17
5239.907 5.768e-17
5240.783 5.782e-17
5241.660 5.793e-17
5242.537 5.809e-17
5243.413 5.823e-17
5244.290 5.837e-17
5245.167 5.851e-17
5246.043 5.865e-17
5246.920 5.868e-17
5247.797 5.859e-17
5248.673 5.850e-17
5249.550 5.841e-17
5250.427 5.832e-17
5251.303 6.992e-17
5252.180 5.814e-17
5253.057 5.805e-17
5253.933 5.796e-17
5254.810 5.787e-17
5255.687 5.812e-17
5256.563 5.766e-17
5257.440 6.136e-17
5258.317 5.660e-17
5259.193 5.569e-17
5260.070 5.503e-17
5260.947 5.438e-17
5261.823 5.372e-17
5262.700 5.669e-17
5263.577 5.242e-17
5264.453 5.177e-17
5265.330 5.111e-17
5266.207 5.046e-17
5267.083 5.048e-17
5267.960 5.085e-17
5268.837 5.121e-17
5269.713 5.158e-17
5270.590 5.194e-17
5271.467 5.230e-17
5272.343 5.267e-17
5273.220 5.303e-17
5274.097 5.339e-17
5274.973 5.376e-17
5275.850 5.412e-17
5276.727 5.443e-17
5277.603 7.651e-17
5278.480 5.471e-17
5279.357 5.488e-17
5280.233 5.503e-17
5281.110 5.518e-17
5281.987 5.533e-17
5282.863 5.548e-17
5283.740 5.563e-17
5284.617 5.578e-17
5285.493 5.592e-17
5286.370 5.607e-17
5287.247 5.612e-17
5288.123 5.615e-17
5289.000 5.619e-17
5289.877 5.622e-17
5290.753 5.625e-17
5291.630 5.628e-17
5292.507 5.631e-17
5293.383 5.635e-17
5294.260 5.638e-17
5295.137 5.641e-17
5296.013 5.644e-17
5296.890 5.649e-17
5297.767 5.655e-17
5298.643 5.661e-17
5299.520 5.668e-17
5300.397 5.674e-17
5301.273 5.681e-17
5302.150 5.687e-17
5303.027 5.693e-17
5303.903 5.700e-17
5304.780 5.706e-17
5305.657 5.712e-17
5306.533 5.718e-17
5307.410 5.719e-17
5308.287 5.720e-17
5309.163 5.721e-17
5310.040 5.721e-17
5310.917 5.722e-17
5311.793 5.723e-17
5312.670 5.724e-17
5313.547 5.725e-17
5314.423 5.725e-17
5315.300 5.726e-17
5316.177 5.727e-17
5317.053 5.697e-17
5317.930 5.649e-17
5318.807 5.600e-17
5319.683 5.552e-17
5320.560 5.504e-17
5321.437 5.456e-17
5322.313 5.408e-17
5323.190 5.359e-17
5324.067 5.311e-17
5324.943 5.263e-17
5325.820 5.215e-17
5326.697 5.235e-17
5327.573 5.221e-17
5328.450 5.256e-17
5329.327 5.292e-17
5330.203 5.327e-17
5331.080 5.381e-17
5331.957 6.994e-17
5332.833 5.432e-17
5333.710 5.468e-17
5334.587 5.503e-17
5335.463 5.538e-17
5336.340 5.573e-17
5337.217 5.565e-17
5338.093 5.548e-17
5338.970 5.531e-17
5339.847 5.514e-17
5340.723 5.497e-17
5341.600 5.480e-17
5342.477 5.463e-17
5343.353 5.446e-17
5344.230 5.429e-17
5345.107 5.412e-17
5345.983 5.395e-17
5346.860 5.398e-17
5347.737 5.428e-17
5348.613 5.458e-17
5349.490 5.488e-17
5350.367 5.518e-17
5351.243 5.548e-17
5352.120 5.578e-17
5352.997 5.608e-17
5353.873 5.638e-17
5354.750 5.668e-17
5355.627 5.974e-17
5356.503 5.727e-17
5357.380 5.698e-17
5358.257 5.668e-17
5359.133 5.638e-17
5360.010 5.609e-17
5360.887 5.579e-17
5361.763 5.549e-17
5362.640 5.519e-17
5363.517 5.489e-17
5364.393 5.460e-17
5365.270 5.430e-17
5366.147 5.400e-17
5367.023 5.389e-17
5367.900 5.390e-17
5368.777 5.391e-17
5369.653 5.392e-17
5370.530 5.393e-17
5371.407 5.394e-17
5372.283 5.395e-17
5373.160 5.397e-17
5374.037 5.398e-17
5374.913 5.399e-17
5375.790 5.400e-17
5376.667 5.401e-17
5377.543 5.405e-17
5378.420 5.408e-17
5379.297 5.412e-17
5380.173 5.416e-17
5381.050 5.419e-17
5381.927 5.422e-17
5382.803 5.426e-17
5383.680 5.429e-17
5384.557 5.433e-17
5385.433 5.436e-17
5386.310 5.440e-17
5387.187 5.426e-17
5388.063 5.408e-17
5388.940 5.389e-17
5389.817 5.370e-17
5390.693 5.352e-17
5391.570 5.333e-17
5392.447 5.314e-17
5393.323 5.296e-17
5394.200 5.277e-17
5395.077 5.259e-17
5395.953 5.240e-17
5396.830 5.222e-17
5397.707 5.206e-17
5398.583 5.189e-17
5399.460 5.171e-17
5400.337 5.157e-17
5401.213 5.140e-17
5402.090 5.124e-17
5402.967 5.107e-17
5403.843 5.086e-17
5404.720 5.074e-17
5405.597 5.058e-17
5406.473 5.042e-17
5407.350 5.065e-17
5408.227 5.088e-17
5409.103 5.113e-17
5409.980 5.138e-17
5410.857 5.161e-17
5411.733 5.187e-17
5412.610 5.211e-17
5413.487 5.235e-17
5414.363 5.257e-17
5415.240 5.284e-17
5416.117 5.308e-17
5416.993 5.310e-17
5417.870 5.295e-17
5418.747 5.277e-17
5419.623 5.266e-17
5420.500 5.251e-17
5421.377 5.236e-17
5422.253 5.220e-17
5423.130 5.206e-17
5424.007 5.192e-17
5424.883 5.177e-17
5425.760 5.162e-17
5426.637 5.151e-17
5427.513 5.162e-17
5428.390 5.172e-17
5429.267 5.183e-17
5430.143 5.189e-17
5431.020 5.204e-17
5431.897 5.216e-17
5432.773 5.226e-17
5433.650 5.237e-17
5434.527 5.248e-17
5435.403 5.255e-17
5436.280 5.264e-17
5437.157 5.261e-17
5438.033 5.269e-17
5438.910 5.267e-17
5439.787 5.266e-17
5440.663 5.266e-17
5441.540 5.267e-17
5442.417 5.268e-17
5443.293 5.269e-17
5444.170 5.270e-17
5445.047 5.270e-17
5445.923 5.273e-17
5446.800 5.275e-17
5447.677 5.281e-17
5448.553 5.287e-17
5449.430 5.293e-17
5450.307 5.299e-17
5451.183 5.306e-17
5452.060 5.312e-17
5452.937 5.318e-17
5453.813 5.324e-17
5454.690 5.329e-17
5455.567 5.337e-17
5456.443 5.343e-17
5457.320 5.338e-17
5458.197 5.335e-17
5459.073 5.330e-17
5459.950 5.326e-17
5460.827 5.322e-17
5461.703 5.319e-17
5462.580 5.315e-17
5463.457 5.308e-17
5464.333 5.305e-17
5465.210 5.301e-17
5466.087 5.299e-17
5466.963 5.292e-17
5467.840 5.282e-17
5468.717 5.272e-17
5469.593 5.263e-17
5470.470 5.252e-17
5471.347 5.243e-17
5472.223 5.234e-17
5473.100 5.224e-17
5473.977 5.215e-17
5474.853 5.205e-17
5475.730 5.195e-17
5476.607 5.188e-17
5477.483 5.196e-17
5478.360 5.202e-17
5479.237 5.207e-17
5480.113 5.219e-17
5480.990 5.227e-17
5481.867 5.233e-17
5482.743 5.242e-17
5483.620 5.251e-17
5484.497 5.259e-17
5485.373 5.267e-17
5486.250 5.275e-17
5487.127 5.283e-17
5488.003 5.291e-17
5488.880 5.300e-17
5489.757 5.308e-17
5490.633 5.317e-17
5491.510 5.320e-17
5492.387 5.325e-17
5493.263 5.328e-17
5494.140 5.331e-17
5495.017 5.333e-17
5495.893 5.336e-17
5496.770 5.334e-17
5497.647 5.322e-17
5498.523 5.310e-17
5499.400 5.298e-17
5500.277 5.286e-17
5501.153 5.275e-17
5502.030 5.264e-17
5502.907 5.252e-17
5503.783 5.241e-17
5504.660 5.230e-17
5505.537 5.219e-17
5506.413 5.208e-17
5507.290 5.205e-17
5508.167 5.204e-17
5509.043 5.202e-17
5509.920 5.200e-17
5510.797 5.199e-17
5511.673 5.197e-17
5512.550 5.196e-17
5513.427 5.194e-17
5514.303 5.193e-17
5515.180 5.191e-17
5516.057 5.190e-17
5516.933 5.184e-17
5517.810 5.175e-17
5518.687 5.166e-17
5519.563 5.156e-17
5520.440 5.147e-17
5521.317 5.138e-17
5522.193 5.129e-17
5523.070 5.120e-17
5523.947 5.110e-17
5524.823 5.101e-17
5525.700 5.092e-17
5526.577 5.084e-17
5527.453 5.089e-17
5528.330 5.093e-17
5529.207 5.098e-17
5530.083 5.102e-17
5530.960 5.106e-17
5531.837 5.111e-17
5532.713 5.115e-17
5533.590 5.119e-17
5534.467 5.124e-17
5535.343 5.128e-17
5536.220 5.133e-17
5537.097 5.134e-17
5537.973 5.134e-17
5538.850 5.137e-17
5539.727 5.140e-17
5540.603 5.143e-17
5541.480 5.146e-17
5542.357 5.149e-17
5543.233 5.152e-17
5544.110 5.155e-17
5544.987 5.775e-17
5545.863 5.161e-17
5546.740 5.163e-17
5547.617 5.162e-17
5548.493 5.161e-17
5549.370 5.160e-17
5550.247 5.160e-17
5551.123 5.159e-17
5552.000 5.158e-17
5552.877 5.157e-17
5553.753 5.156e-17
5554.630 5.156e-17
5555.507 5.155e-17
5556.383 5.154e-17
5557.260 5.139e-17
5558.137 5.121e-17
5559.013 5.104e-17
5559.890 5.086e-17
5560.767 5.069e-17
5561.643 5.051e-17
5562.520 5.034e-17
5563.397 5.017e-17
5564.273 4.999e-17
5565.150 4.982e-17
5566.027 4.964e-17
5566.903 4.957e-17
5567.780 4.962e-17
5568.657 4.967e-17
5569.533 4.972e-17
5570.410 4.977e-17
5571.287 4.981e-17
5572.163 4.986e-17
5573.040 4.991e-17
5573.917 4.996e-17
5574.793 5.001e-17
5575.670 5.006e-17
5576.547 5.009e-17
5577.423 4.996e-17
5578.300 4.982e-17
5579.177 4.968e-17
5580.053 4.955e-17
5580.930 4.941e-17
5581.807 4.927e-17
5582.683 4.914e-17
5583.560 4.900e-17
5584.437 4.886e-17
5585.313 4.872e-17
5586.190 4.859e-17
5587.067 4.856e-17
5587.943 4.860e-17
5588.820 4.864e-17
5589.697 4.868e-17
5590.573 4.872e-17
5591.450 4.875e-17
5592.327 4.879e-17
5593.203 4.883e-17
5594.080 4.887e-17
5594.957 4.891e-17
5595.833 4.895e-17
5596.710 4.899e-17
5597.587 4.906e-17
5598.463 4.913e-17
5599.340 7.761e-17
5600.217 4.926e-17
5601.093 4.933e-17
5601.970 4.940e-17
5602.847 4.947e-17
5603.723 4.954e-17
5604.600 4.960e-17
5605.477 4.967e-17
5606.353 4.974e-17
5607.230 4.972e-17
5608.107 4.967e-17
5608.983 4.962e-17
5609.860 4.957e-17
5610.737 4.952e-17
5611.613 4.947e-17
5612.490 4.942e-17
5613.367 4.937e-17
5614.243 4.932e-17
5615.120 4.927e-17
5615.997 4.922e-17
5616.873 4.920e-17
5617.750 4.925e-17
5618.627 4.930e-17
5619.503 4.935e-17
5620.380 4.940e-17
5621.257 4.945e-17
5622.133 4.949e-17
5623.010 4.954e-17
5623.887 4.959e-17
5624.763 4.964e-17
5625.640 4.969e-17
5626.517 4.973e-17
5627.393 4.975e-17
5628.270 4.977e-17
5629.147 4.978e-17
5630.023 4.980e-17
5630.900 4.981e-17
5631.777 4.983e-17
5632.653 4.985e-17
5633.530 4.986e-17
5634.407 4.988e-17
5635.283 4.989e-17
5636.160 4.991e-17
5637.037 4.990e-17
5637.913 4.988e-17
5638.790 4.986e-17
5639.667 4.983e-17
5640.543 4.981e-17
5641.420 4.978e-17
5642.297 4.976e-17
5643.173 4.974e-17
5644.050 4.971e-17
5644.927 4.969e-17
5645.803 4.967e-17
5646.680 5.209e-17
5647.557 4.951e-17
5648.433 4.938e-17
5649.310 4.925e-17
5650.187 4.912e-17
5651.063 4.899e-17
5651.940 4.886e-17
5652.817 4.873e-17
5653.693 4.860e-17
5654.570 4.847e-17
5655.447 4.834e-17
5656.323 4.821e-17
5657.200 4.821e-17
5658.077 4.827e-17
5658.953 4.833e-17
5659.830 4.839e-17
5660.707 4.844e-17
5661.583 4.850e-17
5662.460 4.856e-17
5663.337 4.862e-17
5664.213 4.867e-17
5665.090 4.873e-17
5665.967 4.879e-17
5666.843 4.887e-17
5667.720 4.898e-17
5668.597 4.910e-17
5669.473 4.921e-17
5670.350 4.933e-17
5671.227 5.246e-17
5672.103 4.955e-17
5672.980 4.967e-17
5673.857 4.979e-17
5674.733 4.990e-17
5675.610 5.000e-17
5676.487 5.013e-17
5677.363 5.000e-17
5678.240 4.981e-17
5679.117 4.965e-17
5679.993 4.947e-17
5680.870 4.930e-17
5681.747 4.912e-17
5682.623 4.894e-17
5683.500 4.876e-17
5684.377 4.854e-17
5685.253 4.840e-17
5686.130 4.824e-17
5687.007 4.800e-17
5687.883 4.827e-17
5688.760 4.839e-17
5689.637 4.849e-17
5690.513 4.858e-17
5691.390 4.867e-17
5692.267 4.877e-17
5693.143 4.887e-17
5694.020 4.850e-17
5694.897 4.906e-17
5695.773 4.910e-17
5696.650 4.924e-17
5697.527 4.884e-17
5698.403 5.190e-17
5699.280 4.861e-17
5700.157 4.841e-17
5701.033 4.819e-17
5701.910 4.801e-17
5702.787 4.781e-17
5703.663 4.761e-17
5704.540 4.740e-17
5705.417 4.720e-17
5706.293 4.700e-17
5707.170 4.700e-17
5708.047 4.709e-17
5708.923 4.721e-17
5709.800 4.731e-17
5710.677 4.742e-17
5711.553 4.752e-17
5712.430 4.759e-17
5713.307 4.773e-17
5714.183 4.782e-17
5715.060 4.793e-17
5715.937 4.804e-17
5716.813 4.815e-17
5717.690 4.829e-17
5718.567 4.841e-17
5719.443 4.855e-17
5720.320 4.869e-17
5721.197 4.853e-17
5722.073 4.881e-17
5722.950 4.910e-17
5723.827 4.921e-17
5724.703 4.937e-17
5725.580 4.949e-17
5726.457 4.965e-17
5727.333 4.963e-17
5728.210 4.957e-17
5729.087 4.954e-17
5729.963 4.949e-17
5730.840 4.945e-17
5731.717 4.939e-17
5732.593 4.937e-17
5733.470 4.933e-17
5734.347 4.928e-17
5735.223 4.922e-17
5736.100 4.920e-17
5736.977 4.916e-17
5737.853 4.914e-17
5738.730 4.910e-17
5739.607 4.908e-17
5740.483 4.905e-17
5741.360 4.903e-17
5742.237 4.900e-17
5743.113 4.897e-17
5743.990 4.894e-17
5744.867 4.892e-17
5745.743 4.889e-17
5746.620 4.880e-17
5747.497 4.874e-17
5748.373 4.869e-17
5749.250 4.859e-17
5750.127 4.853e-17
5751.003 4.843e-17
5751.880 4.835e-17
5752.757 4.827e-17
5753.633 4.818e-17
5754.510 4.798e-17
5755.387 4.800e-17
5756.263 4.791e-17
5757.140 4.789e-17
5758.017 4.792e-17
5758.893 4.794e-17
5759.770 4.797e-17
5760.647 4.799e-17
5761.523 4.802e-17
5762.400 4.805e-17
5763.277 4.805e-17
5764.153 4.809e-17
5765.030 4.804e-17
5765.907 4.815e-17
5766.783 4.817e-17
5767.660 4.819e-17
5768.537 4.820e-17
5769.413 4.822e-17
5770.290 4.824e-17
5771.167 4.825e-17
5772.043 4.826e-17
5772.920 4.826e-17
5773.797 4.829e-17
5774.673 4.830e-17
5775.550 4.833e-17
5776.427 4.835e-17
5777.303 4.822e-17
5778.180 4.806e-17
5779.057 4.791e-17
5779.933 4.775e-17
5780.810 4.759e-17
5781.687 4.742e-17
5782.563 4.727e-17
5783.440 4.710e-17
5784.317 4.695e-17
5785.193 4.680e-17
5786.070 4.664e-17
5786.947 4.658e-17
5787.823 4.667e-17
5788.700 4.675e-17
5789.577 4.685e-17
5790.453 4.694e-17
5791.330 4.703e-17
5792.207 4.713e-17
5793.083 4.723e-17
5793.960 4.732e-17
5794.837 4.742e-17
5795.713 4.751e-17
5796.590 4.761e-17
5797.467 4.763e-17
5798.343 4.766e-17
5799.220 4.768e-17
5800.097 4.769e-17
5800.973 4.772e-17
5801.850 4.775e-17
5802.727 4.777e-17
5803.603 4.779e-17
5804.480 4.781e-17
5805.357 4.784e-17
5806.233 4.786e-17
5807.110 4.788e-17
5807.987 4.792e-17
5808.863 4.795e-17
5809.740 4.799e-17
5810.617 4.802e-17
5811.493 4.805e-17
5812.370 4.808e-17
5813.247 4.811e-17
5814.123 4.814e-17
5815.000 4.817e-17
5815.877 4.820e-17
5816.753 4.824e-17
5817.630 4.828e-17
5818.507 4.832e-17
5819.383 4.836e-17
5820.260 4.840e-17
5821.137 4.845e-17
5822.013 4.848e-17
5822.890 4.852e-17
5823.767 4.856e-17
5824.643 4.860e-17
5825.520 4.864e-17
5826.397 4.868e-17
5827.273 4.866e-17
5828.150 4.863e-17
5829.027 4.859e-17
5829.903 4.854e-17
5830.780 4.852e-17
5831.657 4.847e-17
5832.533 4.844e-17
5833.410 4.841e-17
5834.287 4.837e-17
5835.163 4.833e-17
5836.040 4.830e-17
5836.917 4.827e-17
5837.793 4.828e-17
5838.670 4.828e-17
5839.547 4.828e-17
5840.423 4.828e-17
5841.300 4.828e-17
5842.177 4.828e-17
5843.053 4.829e-17
5843.930 4.829e-17
5844.807 4.829e-17
5845.683 4.829e-17
5846.560 4.829e-17
5847.437 4.813e-17
5848.313 4.797e-17
5849.190 4.780e-17
5850.067 4.763e-17
5850.943 4.747e-17
5851.820 4.730e-17
5852.697 4.712e-17
5853.573 4.697e-17
5854.450 4.680e-17
5855.327 4.664e-17
5856.203 4.644e-17
5857.080 4.645e-17
5857.957 4.654e-17
5858.833 4.663e-17
5859.710 4.672e-17
5860.587 4.680e-17
5861.463 4.690e-17
5862.340 4.699e-17
5863.217 4.698e-17
5864.093 4.717e-17
5864.970 4.726e-17
5865.847 4.735e-17
5866.723 4.744e-17
5867.600 7.460e-17
5868.477 4.750e-17
5869.353 4.752e-17
5870.230 4.754e-17
5871.107 6.899e-17
5871.983 4.760e-17
5872.860 4.757e-17
5873.737 4.766e-17
5874.613 4.770e-17
5875.490 4.772e-17
5876.367 4.775e-17
5877.243 4.740e-17
5878.120 4.723e-17
5878.997 4.709e-17
5879.873 4.697e-17
5880.750 4.671e-17
5881.627 4.645e-17
5882.503 4.611e-17
5883.380 4.602e-17
5884.257 4.588e-17
5885.133 4.568e-17
5886.010 4.546e-17
5886.887 4.523e-17
5887.763 4.487e-17
5888.640 4.461e-17
5889.517 4.418e-17
5890.393 4.382e-17
5891.270 4.230e-17
5892.147 4.345e-17
5893.023 4.312e-17
5893.900 4.278e-17
5894.777 4.250e-17
5895.653 4.230e-17
5896.530 4.183e-17
5897.407 4.236e-17
5898.283 4.269e-17
5899.160 4.296e-17
5900.037 4.343e-17
5900.913 4.396e-17
5901.790 4.419e-17
5902.667 4.477e-17
5903.543 4.518e-17
5904.420 4.555e-17
5905.297 4.688e-17
5906.173 4.642e-17
5907.050 4.643e-17
5907.927 4.645e-17
5908.803 4.641e-17
5909.680 4.634e-17
5910.557 4.608e-17
5911.433 4.626e-17
5912.310 4.587e-17
5913.187 4.613e-17
5914.063 4.606e-17
5914.940 4.600e-17
5915.817 4.529e-17
5916.693 4.585e-17
5917.570 4.589e-17
5918.447 4.591e-17
5919.323 4.598e-17
5920.200 4.586e-17
5921.077 4.598e-17
5921.953 4.607e-17
5922.830 4.600e-17
5923.707 4.611e-17
5924.583 4.617e-17
5925.460 4.506e-17
5926.337 1.052e-16
5927.213 4.621e-17
5928.090 4.619e-17
5928.967 4.616e-17
5929.843 4.591e-17
5930.720 4.593e-17
5931.597 4.605e-17
5932.473 4.600e-17
5933.350 4.596e-17
5934.227 4.590e-17
5935.103 4.588e-17
5935.980 4.585e-17
5936.857 4.568e-17
5937.733 4.576e-17
5938.610 4.570e-17
5939.487 4.562e-17
5940.363 4.557e-17
5941.240 4.552e-17
5942.117 4.502e-17
5942.993 4.533e-17
5943.870 4.521e-17
5944.747 4.528e-17
5945.623 4.522e-17
5946.500 4.511e-17
5947.377 4.495e-17
5948.253 4.508e-17
5949.130 4.512e-17
5950.007 4.517e-17
5950.883 4.455e-17
5951.760 4.508e-17
5952.637 4.500e-17
5953.513 4.521e-17
5954.390 4.520e-17
5955.267 4.521e-17
5956.143 4.522e-17
5957.020 4.524e-17
5957.897 4.522e-17
5958.773 4.527e-17
5959.650 4.522e-17
5960.527 4.531e-17
5961.403 4.539e-17
5962.280 4.544e-17
5963.157 4.540e-17
5964.033 4.543e-17
5964.910 4.554e-17
5965.787 4.558e-17
5966.663 4.554e-17
5967.540 4.549e-17
5968.417 4.538e-17
5969.293 4.519e-17
5970.170 4.531e-17
5971.047 4.528e-17
5971.923 1.086e-16
5972.800 4.513e-17
5973.677 4.510e-17
5974.553 4.504e-17
5975.430 4.498e-17
5976.307 4.491e-17
5977.183 4.485e-17
5978.060 4.477e-17
5978.937 4.469e-17
5979.813 4.462e-17
5980.690 4.458e-17
5981.567 4.456e-17
5982.443 4.448e-17
5983.320 4.439e-17
5984.197 4.439e-17
5985.073 4.432e-17
5985.950 4.419e-17
5986.827 4.402e-17
5987.703 4.424e-17
5988.580 4.423e-17
5989.457 4.429e-17
5990.333 4.427e-17
5991.210 4.432e-17
5992.087 4.431e-17
5992.963 4.438e-17
5993.840 4.439e-17
5994.717 4.431e-17
5995.593 4.436e-17
5996.470 4.446e-17
5997.347 4.442e-17
5998.223 4.434e-17
5999.100 4.423e-17
5999.977 4.419e-17
6000.853 4.415e-17
6001.730 4.406e-17
6002.607 4.402e-17
6003.483 4.395e-17
6004.360 4.383e-17
6005.237 4.382e-17
6006.113 4.376e-17
6006.990 4.372e-17
6007.867 4.372e-17
6008.743 4.371e-17
6009.620 4.373e-17
6010.497 4.373e-17
6011.373 4.373e-17
6012.250 4.374e-17
6013.127 4.372e-17
6014.003 4.374e-17
6014.880 4.375e-17
6015.757 4.375e-17
6016.633 4.374e-17
6017.510 4.352e-17
6018.387 4.362e-17
6019.263 4.355e-17
6020.140 4.348e-17
6021.017 4.341e-17
6021.893 4.334e-17
6022.770 4.327e-17
6023.647 4.321e-17
6024.523 4.314e-17
6025.400 4.307e-17
6026.277 4.300e-17
6027.153 4.303e-17
6028.030 4.314e-17
6028.907 4.330e-17
6029.783 4.342e-17
6030.660 4.356e-17
6031.537 4.369e-17
6032.413 4.383e-17
6033.290 4.396e-17
6034.167 4.409e-17
6035.043 4.422e-17
6035.920 5.312e-17
6036.797 4.447e-17
6037.673 4.444e-17
6038.550 4.442e-17
6039.427 4.439e-17
6040.303 4.437e-17
6041.180 4.434e-17
6042.057 4.431e-17
6042.933 4.429e-17
6043.810 4.426e-17
6044.687 4.423e-17
6045.563 4.421e-17
6046.440 4.418e-17
6047.317 4.415e-17
6048.193 4.412e-17
6049.070 4.409e-17
6049.947 4.406e-17
6050.823 4.403e-17
6051.700 4.400e-17
6052.577 4.397e-17
6053.453 4.394e-17
6054.330 4.391e-17
6055.207 4.388e-17
6056.083 4.385e-17
6056.960 4.383e-17
6057.837 4.381e-17
6058.713 4.380e-17
6059.590 4.379e-17
6060.467 4.378e-17
6061.343 4.377e-17
6062.220 4.376e-17
6063.097 4.374e-17
6063.973 4.373e-17
6064.850 4.372e-17
6065.727 4.371e-17
6066.603 4.370e-17
6067.480 4.369e-17
6068.357 4.368e-17
6069.233 4.367e-17
6070.110 4.367e-17
6070.987 4.366e-17
6071.863 4.365e-17
6072.740 4.364e-17
6073.617 4.364e-17
6074.493 4.363e-17
6075.370 4.362e-17
6076.247 4.362e-17
6077.123 4.360e-17
6078.000 4.356e-17
6078.877 4.353e-17
6079.753 4.350e-17
6080.630 4.346e-17
6081.507 4.343e-17
6082.383 4.339e-17
6083.260 4.336e-17
6084.137 4.332e-17
6085.013 4.329e-17
6085.890 4.326e-17
6086.767 4.322e-17
6087.643 4.322e-17
6088.520 4.322e-17
6089.397 4.321e-17
6090.273 4.321e-17
6091.150 4.321e-17
6092.027 4.321e-17
6092.903 4.320e-17
6093.780 4.320e-17
6094.657 4.320e-17
6095.533 4.320e-17
6096.410 4.319e-17
6097.287 4.314e-17
6098.163 4.305e-17
6099.040 4.296e-17
6099.917 4.288e-17
6100.793 4.279e-17
6101.670 4.271e-17
6102.547 4.262e-17
6103.423 4.253e-17
6104.300 4.245e-17
6105.177 4.236e-17
6106.053 4.228e-17
6106.930 4.223e-17
6107.807 4.231e-17
6108.683 4.239e-17
6109.560 4.247e-17
6110.437 4.256e-17
6111.313 4.264e-17
6112.190 4.272e-17
6113.067 4.280e-17
6113.943 4.288e-17
6114.820 4.296e-17
6115.697 4.303e-17
6116.573 4.311e-17
6117.450 4.305e-17
6118.327 4.296e-17
6119.203 4.288e-17
6120.080 4.279e-17
6120.957 4.271e-17
6121.833 4.262e-17
6122.710 4.254e-17
6123.587 4.245e-17
6124.463 4.236e-17
6125.340 4.228e-17
6126.217 4.219e-17
6127.093 4.212e-17
6127.970 4.207e-17
6128.847 4.202e-17
6129.723 4.197e-17
6130.600 4.193e-17
6131.477 4.188e-17
6132.353 4.183e-17
6133.230 4.178e-17
6134.107 4.173e-17
6134.983 4.168e-17
6135.860 4.163e-17
6136.737 4.159e-17
6137.613 4.164e-17
6138.490 5.446e-17
6139.367 4.175e-17
6140.243 4.180e-17
6141.120 6.922e-17
6141.997 4.191e-17
6142.873 4.196e-17
6143.750 4.201e-17
6144.627 4.207e-17
6145.503 4.212e-17
6146.380 4.217e-17
6147.257 4.219e-17
6148.133 4.218e-17
6149.010 4.218e-17
6149.887 4.217e-17
6150.763 4.216e-17
6151.640 4.216e-17
6152.517 4.215e-17
6153.393 4.215e-17
6154.270 4.214e-17
6155.147 4.213e-17
6156.023 4.213e-17
6156.900 4.208e-17
6157.777 4.191e-17
6158.653 4.166e-17
6159.530 4.144e-17
6160.407 4.123e-17
6161.283 4.102e-17
6162.160 4.081e-17
6163.037 4.060e-17
6163.913 4.039e-17
6164.790 4.018e-17
6165.667 3.997e-17
6166.543 3.976e-17
6167.420 3.988e-17
6168.297 4.006e-17
6169.173 4.025e-17
6170.050 4.044e-17
6170.927 4.062e-17
6171.803 4.081e-17
6172.680 4.099e-17
6173.557 4.118e-17
6174.433 4.136e-17
6175.310 4.155e-17
6176.187 4.174e-17
6177.063 4.186e-17
6177.940 6.005e-17
6178.817 4.191e-17
6179.693 4.193e-17
6180.570 4.196e-17
6181.447 4.199e-17
6182.323 4.201e-17
6183.200 4.204e-17
6184.077 4.206e-17
6184.953 4.209e-17
6185.830 4.212e-17
6186.707 4.214e-17
6187.583 4.210e-17
6188.460 4.206e-17
6189.337 4.202e-17
6190.213 4.198e-17
6191.090 4.194e-17
6191.967 4.190e-17
6192.843 4.186e-17
6193.720 4.182e-17
6194.597 6.690e-17
6195.473 4.174e-17
6196.350 4.170e-17
6197.227 4.171e-17
6198.103 4.175e-17
6198.980 4.179e-17
6199.857 4.184e-17
6200.733 4.189e-17
6201.610 4.193e-17
6202.487 4.198e-17
6203.363 4.202e-17
6204.240 4.206e-17
6205.117 4.211e-17
6205.993 4.215e-17
6206.870 4.217e-17
6207.747 4.208e-17
6208.623 4.198e-17
6209.500 4.189e-17
6210.377 4.179e-17
6211.253 4.170e-17
6212.130 4.161e-17
6213.007 4.151e-17
6213.883 4.142e-17
6214.760 7.319e-17
6215.637 4.123e-17
6216.513 4.114e-17
6217.390 4.115e-17
6218.267 4.118e-17
6219.143 4.122e-17
6220.020 4.125e-17
6220.897 4.129e-17
6221.773 4.133e-17
6222.650 4.136e-17
6223.527 1.555e-16
6224.403 4.143e-17
6225.280 4.147e-17
6226.157 4.151e-17
6227.033 4.149e-17
6227.910 4.139e-17
6228.787 4.129e-17
6229.663 4.119e-17
6230.540 4.109e-17
6231.417 4.099e-17
6232.293 4.089e-17
6233.170 4.079e-17
6234.047 4.069e-17
6234.923 4.059e-17
6235.800 4.049e-17
6236.677 4.039e-17
6237.553 4.036e-17
6238.430 4.033e-17
6239.307 4.030e-17
6240.183 4.028e-17
6241.060 4.025e-17
6241.937 1.155e-16
6242.813 4.019e-17
6243.690 4.016e-17
6244.567 4.013e-17
6245.443 1.503e-16
6246.320 4.008e-17
6247.197 4.003e-17
6248.073 3.997e-17
6248.950 3.992e-17
6249.827 3.987e-17
6250.703 3.981e-17
6251.580 3.976e-17
6252.457 3.970e-17
6253.333 3.965e-17
6254.210 3.959e-17
6255.087 3.954e-17
6255.963 3.948e-17
6256.840 3.946e-17
6257.717 3.957e-17
6258.593 4.029e-17
6259.470 3.981e-17
6260.347 3.992e-17
6261.223 4.004e-17
6262.100 4.016e-17
6262.977 4.027e-17
6263.853 4.039e-17
6264.730 4.051e-17
6265.607 4.063e-17
6266.483 4.074e-17
6267.360 4.076e-17
6268.237 4.076e-17
6269.113 4.074e-17
6269.990 5.248e-17
6270.867 4.073e-17
6271.743 4.072e-17
6272.620 4.071e-17
6273.497 4.070e-17
6274.373 4.065e-17
6275.250 4.069e-17
6276.127 4.068e-17
6277.003 4.049e-17
6277.880 4.066e-17
6278.757 4.041e-17
6279.633 4.036e-17
6280.510 4.034e-17
6281.387 4.059e-17
6282.263 4.038e-17
6283.140 4.057e-17
6284.017 4.058e-17
6284.893 4.060e-17
6285.770 4.057e-17
6286.647 4.055e-17
6287.523 4.012e-17
6288.400 4.050e-17
6289.277 4.042e-17
6290.153 4.041e-17
6291.030 4.007e-17
6291.907 3.784e-17
6292.783 4.027e-17
6293.660 4.019e-17
6294.537 4.005e-17
6295.413 4.014e-17
6296.290 4.006e-17
6297.167 4.000e-17
6298.043 4.415e-17
6298.920 3.984e-17
6299.797 3.986e-17
6300.673 3.979e-17
6301.550 3.976e-17
6302.427 3.971e-17
6303.303 3.965e-17
6304.180 3.958e-17
6305.057 3.954e-17
6305.933 3.949e-17
6306.810 3.943e-17
6307.687 3.926e-17
6308.563 3.930e-17
6309.440 3.927e-17
6310.317 4.771e-17
6311.193 3.908e-17
6312.070 3.912e-17
6312.947 3.914e-17
6313.823 3.914e-17
6314.700 3.912e-17
6315.577 3.915e-17
6316.453 3.915e-17
6317.330 3.917e-17
6318.207 3.915e-17
6319.083 3.914e-17
6319.960 3.918e-17
6320.837 3.918e-17
6321.713 3.898e-17
6322.590 3.920e-17
6323.467 3.921e-17
6324.343 3.919e-17
6325.220 3.921e-17
6326.097 3.921e-17
6326.973 3.924e-17
6327.850 3.923e-17
6328.727 3.925e-17
6329.603 3.926e-17
6330.480 3.923e-17
6331.357 3.892e-17
6332.233 3.927e-17
6333.110 3.927e-17
6333.987 3.926e-17
6334.863 3.926e-17
6335.740 3.927e-17
6336.617 3.927e-17
6337.493 3.927e-17
6338.370 3.928e-17
6339.247 3.927e-17
6340.123 3.927e-17
6341.000 3.928e-17
6341.877 3.920e-17
6342.753 3.927e-17
6343.630 3.928e-17
6344.507 3.928e-17
6345.383 3.928e-17
6346.260 3.928e-17
6347.137 3.928e-17
6348.013 3.928e-17
6348.890 3.926e-17
6349.767 3.928e-17
6350.643 3.928e-17
6351.520 3.929e-17
6352.397 3.923e-17
6353.273 3.924e-17
6354.150 3.926e-17
6355.027 3.926e-17
6355.903 3.926e-17
6356.780 3.925e-17
6357.657 3.924e-17
6358.533 3.924e-17
6359.410 3.923e-17
6360.287 3.922e-17
6361.163 3.917e-17
6362.040 3.921e-17
6362.917 3.916e-17
6363.793 3.920e-17
6364.670 3.919e-17
6365.547 2.804e-15
6366.423 3.918e-17
6367.300 3.917e-17
6368.177 3.917e-17
6369.053 3.916e-17
6369.930 3.915e-17
6370.807 3.914e-17
6371.683 3.914e-17
6372.560 3.913e-17
6373.437 3.911e-17
6374.313 3.912e-17
6375.190 3.910e-17
6376.067 3.910e-17
6376.943 3.909e-17
6377.820 3.909e-17
6378.697 3.908e-17
6379.573 3.908e-17
6380.450 3.907e-17
6381.327 3.906e-17
6382.203 3.905e-17
6383.080 3.904e-17
6383.957 3.903e-17
6384.833 3.903e-17
6385.710 3.902e-17
6386.587 3.901e-17
6387.463 3.900e-17
6388.340 5.841e-17
6389.217 3.898e-17
6390.093 3.898e-17
6390.970 3.897e-17
6391.847 3.896e-17
6392.723 3.891e-17
6393.600 3.888e-17
6394.477 3.884e-17
6395.353 3.880e-17
6396.230 3.874e-17
6397.107 3.872e-17
6397.983 3.868e-17
6398.860 3.864e-17
6399.737 3.860e-17
6400.613 3.855e-17
6401.490 3.852e-17
6402.367 3.847e-17
6403.243 3.843e-17
6404.120 3.839e-17
6404.997 3.835e-17
6405.873 3.830e-17
6406.750 3.827e-17
6407.627 3.823e-17
6408.503 3.818e-17
6409.380 3.814e-17
6410.257 3.810e-17
6411.133 3.806e-17
6412.010 3.804e-17
6412.887 3.803e-17
6413.763 3.804e-17
6414.640 3.803e-17
6415.517 6.983e-17
6416.393 3.804e-17
6417.270 3.804e-17
6418.147 3.803e-17
6419.023 3.804e-17
6419.900 3.804e-17
6420.777 3.804e-17
6421.653 3.804e-17
6422.530 3.804e-17
6423.407 3.805e-17
6424.283 3.805e-17
6425.160 3.804e-17
6426.037 3.805e-17
6426.913 3.805e-17
6427.790 3.805e-17
6428.667 3.805e-17
6429.543 3.805e-17
6430.420 3.806e-17
6431.297 3.804e-17
6432.173 3.804e-17
6433.050 3.805e-17
6433.927 3.806e-17
6434.803 3.800e-17
6435.680 3.806e-17
6436.557 3.805e-17
6437.433 3.806e-17
6438.310 3.806e-17
6439.187 3.806e-17
6440.063 3.806e-17
6440.940 3.806e-17
6441.817 3.805e-17
6442.693 3.806e-17
6443.570 3.805e-17
6444.447 3.806e-17
6445.323 3.800e-17
6446.200 3.803e-17
6447.077 3.803e-17
6447.953 3.805e-17
6448.830 3.804e-17
6449.707 3.786e-17
6450.583 3.805e-17
6451.460 3.803e-17
6452.337 3.803e-17
6453.213 3.796e-17
6454.090 3.798e-17
6454.967 3.792e-17
6455.843 3.784e-17
6456.720 3.788e-17
6457.597 3.786e-17
6458.473 3.783e-17
6459.350 3.780e-17
6460.227 3.777e-17
6461.103 3.774e-17
6461.980 3.760e-17
6462.857 3.768e-17
6463.733 3.755e-17
6464.610 3.763e-17
6465.487 3.756e-17
6466.363 3.754e-17
6467.240 3.751e-17
6468.117 3.736e-17
6468.993 3.748e-17
6469.870 3.743e-17
6470.747 3.742e-17
6471.623 3.736e-17
6472.500 3.735e-17
6473.377 3.730e-17
6474.253 3.640e-17
6475.130 3.716e-17
6476.007 3.714e-17
6476.883 3.630e-17
6477.760 3.694e-17
6478.637 3.699e-17
6479.513 3.695e-17
6480.390 3.691e-17
6481.267 3.655e-17
6482.143 3.679e-17
6483.020 3.676e-17
6483.897 3.672e-17
6484.773 3.664e-17
6485.650 3.617e-17
6486.527 3.644e-17
6487.403 3.636e-17
6488.280 3.645e-17
6489.157 3.630e-17
6490.033 3.636e-17
6490.910 3.575e-17
6491.787 3.628e-17
6492.663 3.580e-17
6493.540 3.635e-17
6494.417 3.637e-17
6495.293 3.642e-17
6496.170 3.702e-17
6497.047 3.650e-17
6497.923 3.651e-17
6498.800 3.658e-17
6499.677 3.661e-17
6500.553 4.191e-16
6501.430 3.670e-17
6502.307 3.674e-17
6503.183 3.676e-17
6504.060 3.682e-17
6504.937 3.686e-17
6505.813 3.689e-17
6506.690 3.695e-17
6507.567 3.699e-17
6508.443 3.703e-17
6509.320 3.706e-17
6510.197 3.709e-17
6511.073 3.715e-17
6511.950 3.719e-17
6512.827 3.718e-17
6513.703 3.707e-17
6514.580 3.715e-17
6515.457 3.703e-17
6516.333 3.707e-17
6517.210 3.712e-17
6518.087 3.706e-17
6518.963 3.682e-17
6519.840 3.662e-17
6520.717 3.706e-17
6521.593 3.706e-17
6522.470 3.705e-17
6523.347 3.706e-17
6524.223 1.989e-16
6525.100 3.684e-17
6525.977 3.701e-17
6526.853 3.702e-17
6527.730 3.699e-17
6528.607 3.700e-17
6529.483 3.696e-17
6530.360 3.698e-17
6531.237 3.697e-17
6532.113 3.693e-17
6532.990 3.687e-17
6533.867 3.679e-17
6534.743 3.791e-17
6535.620 3.665e-17
6536.497 3.650e-17
6537.373 3.654e-17
6538.250 3.647e-17
6539.127 3.640e-17
6540.003 3.634e-17
6540.880 3.628e-17
6541.757 3.621e-17
6542.633 3.898e-17
6543.510 3.608e-17
6544.387 3.601e-17
6545.263 3.594e-17
6546.140 3.587e-17
6547.017 3.582e-17
6547.893 5.094e-17
6548.770 3.568e-17
6549.647 3.557e-17
6550.523 3.527e-17
6551.400 3.549e-17
6552.277 3.539e-17
6553.153 3.525e-17
6554.030 3.509e-17
6554.907 3.495e-17
6555.783 3.480e-17
6556.660 3.467e-17
6557.537 3.453e-17
6558.413 3.440e-17
6559.290 3.425e-17
6560.167 3.411e-17
6561.043 3.398e-17
6561.920 3.384e-17
6562.797 3.367e-17
6563.673 3.355e-17
6564.550 1.134e-16
6565.427 3.321e-17
6566.303 3.312e-17
6567.180 3.300e-17
6568.057 3.286e-17
6568.933 3.272e-17
6569.810 3.258e-17
6570.687 3.385e-17
6571.563 3.230e-17
6572.440 3.230e-17
6573.317 3.250e-17
6574.193 3.265e-17
6575.070 3.282e-17
6575.947 3.296e-17
6576.823 3.302e-17
6577.700 3.326e-17
6578.577 3.341e-17
6579.453 3.356e-17
6580.330 3.371e-17
6581.207 3.386e-17
6582.083 3.400e-17
6582.960 3.415e-17
6583.837 3.430e-17
6584.713 3.445e-17
6585.590 3.864e-17
6586.467 3.475e-17
6587.343 3.490e-17
6588.220 3.499e-17
6589.097 3.520e-17
6589.973 3.535e-17
6590.850 3.550e-17
6591.727 3.565e-17
6592.603 3.567e-17
6593.480 3.569e-17
6594.357 3.571e-17
6595.233 3.568e-17
6596.110 3.568e-17
6596.987 3.576e-17
6597.863 3.577e-17
6598.740 3.578e-17
6599.617 3.581e-17
6600.493 3.581e-17
6601.370 3.583e-17
6602.247 3.583e-17
6603.123 3.587e-17
6604.000 3.576e-17
6604.877 3.591e-17
6605.753 3.594e-17
6606.630 3.593e-17
6607.507 3.595e-17
6608.383 3.597e-17
6609.260 3.599e-17
6610.137 3.601e-17
6611.013 3.602e-17
6611.890 3.602e-17
6612.767 3.602e-17
6613.643 3.596e-17
6614.520 3.597e-17
6615.397 3.596e-17
6616.273 3.594e-17
6617.150 3.592e-17
6618.027 3.590e-17
6618.903 3.589e-17
6619.780 3.587e-17
6620.657 3.583e-17
6621.533 3.582e-17
6622.410 3.581e-17
6623.287 3.579e-17
6624.163 3.577e-17
6625.040 3.575e-17
6625.917 3.574e-17
6626.793 3.572e-17
6627.670 3.570e-17
6628.547 3.568e-17
6629.423 7.144e-17
6630.300 3.564e-17
6631.177 3.562e-17
6632.053 3.561e-17
6632.930 3.561e-17
6633.807 3.561e-17
6634.683 3.561e-17
6635.560 3.561e-17
6636.437 3.561e-17
6637.313 3.561e-17
6638.190 3.561e-17
6639.067 3.561e-17
6639.943 3.562e-17
6640.820 3.562e-17
6641.697 3.562e-17
6642.573 3.562e-17
6643.450 3.562e-17
6644.327 3.562e-17
6645.203 3.562e-17
6646.080 3.562e-17
6646.957 3.562e-17
6647.833 3.562e-17
6648.710 3.562e-17
6649.587 3.562e-17
6650.463 3.562e-17
6651.340 3.562e-17
6652.217 3.560e-17
6653.093 3.557e-17
6653.970 3.553e-17
6654.847 3.550e-17
6655.723 3.546e-17
6656.600 3.543e-17
6657.477 3.540e-17
6658.353 3.536e-17
6659.230 3.533e-17
6660.107 3.529e-17
6660.983 3.526e-17
6661.860 3.522e-17
6662.737 3.519e-17
6663.613 3.645e-17
6664.490 3.512e-17
6665.367 3.509e-17
6666.243 3.505e-17
6667.120 3.502e-17
6667.997 3.499e-17
6668.873 3.495e-17
6669.750 3.892e-17
6670.627 3.488e-17
6671.503 3.485e-17
6672.380 3.484e-17
6673.257 3.484e-17
6674.133 3.483e-17
6675.010 3.483e-17
6675.887 3.483e-17
6676.763 3.483e-17
6677.640 3.483e-17
6678.517 3.483e-17
6679.393 3.483e-17
6680.270 3.483e-17
6681.147 3.483e-17
6682.023 3.482e-17
6682.900 3.482e-17
6683.777 3.482e-17
6684.653 3.482e-17
6685.530 3.479e-17
6686.407 3.482e-17
6687.283 3.482e-17
6688.160 3.482e-17
6689.037 3.481e-17
6689.913 3.481e-17
6690.790 3.481e-17
6691.667 3.481e-17
6692.543 3.478e-17
6693.420 3.474e-17
6694.297 3.470e-17
6695.173 3.466e-17
6696.050 3.462e-17
6696.927 3.459e-17
6697.803 3.455e-17
6698.680 3.451e-17
6699.557 3.447e-17
6700.433 3.443e-17
6701.310 3.440e-17
6702.187 3.436e-17
6703.063 3.432e-17
6703.940 3.428e-17
6704.817 3.424e-17
6705.693 3.421e-17
6706.570 3.989e-17
6707.447 3.413e-17
6708.323 3.409e-17
6709.200 3.405e-17
6710.077 3.402e-17
6710.953 3.398e-17
6711.830 3.394e-17
6712.707 3.393e-17
6713.583 3.392e-17
6714.460 3.392e-17
6715.337 3.391e-17
6716.213 3.390e-17
6717.090 3.390e-17
6717.967 3.389e-17
6718.843 3.471e-17
6719.720 3.388e-17
6720.597 3.387e-17
6721.473 3.386e-17
6722.350 3.386e-17
6723.227 3.385e-17
6724.103 3.384e-17
6724.980 3.384e-17
6725.857 3.383e-17
6726.733 3.382e-17
6727.610 3.382e-17
6728.487 3.381e-17
6729.363 3.380e-17
6730.240 3.380e-17
6731.117 3.379e-17
6731.993 3.737e-17
6732.870 3.376e-17
6733.747 3.374e-17
6734.623 3.372e-17
6735.500 3.370e-17
6736.377 3.368e-17
6737.253 3.366e-17
6738.130 3.364e-17
6739.007 3.361e-17
6739.883 3.359e-17
6740.760 3.357e-17
6741.637 3.355e-17
6742.513 3.353e-17
6743.390 3.351e-17
6744.267 3.349e-17
6745.143 3.347e-17
6746.020 3.397e-17
6746.897 3.343e-17
6747.773 3.340e-17
6748.650 3.338e-17
6749.527 3.336e-17
6750.403 3.334e-17
6751.280 3.332e-17
6752.157 3.330e-17
6753.033 3.329e-17
6753.910 3.328e-17
6754.787 3.327e-17
6755.663 3.326e-17
6756.540 3.325e-17
6757.417 3.323e-17
6758.293 3.322e-17
6759.170 3.321e-17
6760.047 3.320e-17
6760.923 3.319e-17
6761.800 3.317e-17
6762.677 3.316e-17
6763.553 3.315e-17
6764.430 3.314e-17
6765.307 3.313e-17
6766.183 3.312e-17
6767.060 3.310e-17
6767.937 3.309e-17
6768.813 3.308e-17
6769.690 3.307e-17
6770.567 3.306e-17
6771.443 3.304e-17
6772.320 3.303e-17
6773.197 3.301e-17
6774.073 3.299e-17
6774.950 3.297e-17
6775.827 3.295e-17
6776.703 3.293e-17
6777.580 3.292e-17
6778.457 3.290e-17
6779.333 3.288e-17
6780.210 3.286e-17
6781.087 3.284e-17
6781.963 3.282e-17
6782.840 3.280e-17
6783.717 3.278e-17
6784.593 3.277e-17
6785.470 3.275e-17
6786.347 3.273e-17
6787.223 3.271e-17
6788.100 3.269e-17
6788.977 3.267e-17
6789.853 3.265e-17
6790.730 3.263e-17
6791.607 3.261e-17
6792.483 3.260e-17
6793.360 3.258e-17
6794.237 3.257e-17
6795.113 3.255e-17
6795.990 3.254e-17
6796.867 3.252e-17
6797.743 3.251e-17
6798.620 3.248e-17
6799.497 3.247e-17
6800.373 3.246e-17
6801.250 3.244e-17
6802.127 3.243e-17
6803.003 3.241e-17
6803.880 3.240e-17
6804.757 3.238e-17
6805.633 3.236e-17
6806.510 3.235e-17
6807.387 3.234e-17
6808.263 3.232e-17
6809.140 3.230e-17
6810.017 3.229e-17
6810.893 3.227e-17
6811.770 3.226e-17
6812.647 3.224e-17
6813.523 3.222e-17
6814.400 3.220e-17
6815.277 3.217e-17
6816.153 3.215e-17
6817.030 3.213e-17
6817.907 3.211e-17
6818.783 3.207e-17
6819.660 3.207e-17
6820.537 3.205e-17
6821.413 3.202e-17
6822.290 3.200e-17
6823.167 3.198e-17
6824.043 3.196e-17
6824.920 3.193e-17
6825.797 3.192e-17
6826.673 3.190e-17
6827.550 3.187e-17
6828.427 3.185e-17
6829.303 4.716e-17
6830.180 3.181e-17
6831.057 3.178e-17
6831.933 3.177e-17
6832.810 3.174e-17
6833.687 3.171e-17
6834.563 1.017e-16
6835.440 3.164e-17
6836.317 4.287e-16
6837.193 3.158e-17
6838.070 3.155e-17
6838.947 3.152e-17
6839.823 3.149e-17
6840.700 3.146e-17
6841.577 4.098e-17
6842.453 3.140e-17
6843.330 3.137e-17
6844.207 3.132e-17
6845.083 3.131e-17
6845.960 3.128e-17
6846.837 3.125e-17
6847.713 3.122e-17
6848.590 3.119e-17
6849.467 3.116e-17
6850.343 3.113e-17
6851.220 3.110e-17
6852.097 3.107e-17
6852.973 3.107e-17
6853.850 3.108e-17
6854.727 3.107e-17
6855.603 3.107e-17
6856.480 3.108e-17
6857.357 3.108e-17
6858.233 3.108e-17
6859.110 3.108e-17
6859.987 3.107e-17
6860.863 3.108e-17
6861.740 3.108e-17
6862.617 3.107e-17
6863.493 3.107e-17
6864.370 3.107e-17
6865.247 3.107e-17
6866.123 3.105e-17
6867.000 3.590e-17
6867.877 3.101e-17
6868.753 3.084e-17
6869.630 2.950e-17
6870.507 1.837e-17
6871.383 2.928e-17
6872.260 2.985e-17
6873.137 5.528e-18
6874.013 2.387e-17
6874.890 2.505e-17
6875.767 1.492e-17
6876.643 1.817e-17
6877.520 7.343e-18
6878.397 2.858e-17
6879.273 2.959e-17
6880.150 3.373e-17
6881.027 2.042e-17
6881.903 2.327e-17
6882.780 3.348e-17
6883.657 3.081e-17
6884.533 3.773e-17
6885.410 3.041e-17
6886.287 3.071e-17
6887.163 3.037e-17
6888.040 3.000e-17
6888.917 2.902e-17
6889.793 3.054e-17
6890.670 2.748e-17
6891.547 2.851e-17
6892.423 3.036e-17
6893.300 3.050e-17
6894.177 1.794e-17
6895.053 2.518e-17
6895.930 3.035e-17
6896.807 3.017e-17
6897.683 2.887e-17
6898.560 2.883e-17
6899.437 3.005e-17
6900.313 3.043e-17
6901.190 3.030e-17
6902.067 2.845e-17
6902.943 2.699e-17
6903.820 3.034e-17
6904.697 3.037e-17
6905.573 3.012e-17
6906.450 2.950e-17
6907.327 2.990e-17
6908.203 3.030e-17
6909.080 3.029e-17
6909.957 3.016e-17
6910.833 2.994e-17
6911.710 2.998e-17
6912.587 3.014e-17
6913.463 3.008e-17
6914.340 3.023e-17
6915.217 2.730e-17
6916.093 2.549e-17
6916.970 3.021e-17
6917.847 3.020e-17
6918.723 3.020e-17
6919.600 3.012e-17
6920.477 3.007e-17
6921.353 3.007e-17
6922.230 3.014e-17
6923.107 3.014e-17
6923.983 3.012e-17
6924.860 3.003e-17
6925.737 2.997e-17
6926.613 3.040e-17
6927.490 3.000e-17
6928.367 3.005e-17
6929.243 3.550e-17
6930.120 3.006e-17
6930.997 2.925e-17
6931.873 2.955e-17
6932.750 2.995e-17
6933.627 2.968e-17
6934.503 2.999e-17
6935.380 2.938e-17
6936.257 2.933e-17
6937.133 2.662e-17
6938.010 2.983e-17
6938.887 2.980e-17
6939.763 2.968e-17
6940.640 2.986e-17
6941.517 1.121e-16
6942.393 2.959e-17
6943.270 2.954e-17
6944.147 2.860e-17
6945.023 2.977e-17
6945.900 2.959e-17
6946.777 2.973e-17
6947.653 2.972e-17
6948.530 2.870e-17
6949.407 2.593e-17
6950.283 2.965e-17
6951.160 2.105e-16
6952.037 2.962e-17
6952.913 2.957e-17
6953.790 2.957e-17
6954.667 2.956e-17
6955.543 2.845e-17
6956.420 2.984e-17
6957.297 2.944e-17
6958.173 3.298e-17
6959.050 2.941e-17
6959.927 2.938e-17
6960.803 2.935e-17
6961.680 2.924e-17
6962.557 2.915e-17
6963.433 2.920e-17
6964.310 2.928e-17
6965.187 2.926e-17
6966.063 2.923e-17
6966.940 2.903e-17
6967.817 2.919e-17
6968.693 2.913e-17
6969.570 2.907e-17
6970.447 2.911e-17
6971.323 2.909e-17
6972.200 2.906e-17
6973.077 2.896e-17
6973.953 2.910e-17
6974.830 2.907e-17
6975.707 2.906e-17
6976.583 2.904e-17
6977.460 2.906e-17
6978.337 2.906e-17
6979.213 2.901e-17
6980.090 2.906e-17
6980.967 2.904e-17
6981.843 2.905e-17
6982.720 2.905e-17
6983.597 2.901e-17
6984.473 3.117e-17
6985.350 3.280e-17
6986.227 2.904e-17
6987.103 2.903e-17
6987.980 2.902e-17
6988.857 2.900e-17
6989.733 2.868e-17
6990.610 2.898e-17
6991.487 2.902e-17
6992.363 2.833e-17
6993.240 2.897e-17
6994.117 2.893e-17
6994.993 2.887e-17
6995.870 2.872e-17
6996.747 2.880e-17
6997.623 2.878e-17
6998.500 3.342e-17
6999.377 2.870e-17
7000.253 2.862e-17
7001.130 2.846e-17
7002.007 2.858e-17
7002.883 3.548e-17
7003.760 2.859e-17
7004.637 2.843e-17
7005.513 2.843e-17
7006.390 2.806e-17
7007.267 3.072e-17
7008.143 2.806e-17
7009.020 2.826e-17
7009.897 2.824e-17
7010.773 2.821e-17
7011.650 2.812e-17
7012.527 2.809e-17
7013.403 2.804e-17
7014.280 2.812e-17
7015.157 2.813e-17
7016.033 2.811e-17
7016.910 2.792e-17
7017.787 2.781e-17
7018.663 2.805e-17
7019.540 2.810e-17
7020.417 2.811e-17
7021.293 2.761e-17
7022.170 2.801e-17
7023.047 2.809e-17
7023.923 2.809e-17
7024.800 2.807e-17
7025.677 2.801e-17
7026.553 2.806e-17
7027.430 2.808e-17
7028.307 2.767e-17
7029.183 2.795e-17
7030.060 2.801e-17
7030.937 2.792e-17
7031.813 2.805e-17
7032.690 2.803e-17
7033.567 2.808e-17
7034.443 2.810e-17
7035.320 2.811e-17
7036.197 2.813e-17
7037.073 2.814e-17
7037.950 2.812e-17
7038.827 2.817e-17
7039.703 2.814e-17
7040.580 2.817e-17
7041.457 2.816e-17
7042.333 2.824e-17
7043.210 7.359e-17
7044.087 2.828e-17
7044.963 2.831e-17
7045.840 2.832e-17
7046.717 2.831e-17
7047.593 2.836e-17
7048.470 2.836e-17
7049.347 2.822e-17
7050.223 2.834e-17
7051.100 4.211e-17
7051.977 2.844e-17
7052.853 2.763e-17
7053.730 2.836e-17
7054.607 2.813e-17
7055.483 2.832e-17
7056.360 3.282e-17
7057.237 2.835e-17
7058.113 2.831e-17
7058.990 2.760e-17
7059.867 2.830e-17
7060.743 2.826e-17
7061.620 2.821e-17
7062.497 2.805e-17
7063.373 2.814e-17
7064.250 3.428e-17
7065.127 2.821e-17
7066.003 2.817e-17
7066.880 2.815e-17
7067.757 2.811e-17
7068.633 2.814e-17
7069.510 3.839e-17
7070.387 2.812e-17
7071.263 2.811e-17
7072.140 2.809e-17
7073.017 2.808e-17
7073.893 2.792e-17
7074.770 2.804e-17
7075.647 2.798e-17
7076.523 2.800e-17
7077.400 2.797e-17
7078.277 2.798e-17
7079.153 2.794e-17
7080.030 2.789e-17
7080.907 2.788e-17
7081.783 2.786e-17
7082.660 2.790e-17
7083.537 2.788e-17
7084.413 2.827e-17
7085.290 2.786e-17
7086.167 2.783e-17
7087.043 2.781e-17
7087.920 2.777e-17
7088.797 3.465e-17
7089.673 3.553e-17
7090.550 2.769e-17
7091.427 2.773e-17
7092.303 3.570e-17
7093.180 2.759e-17
7094.057 2.772e-17
7094.933 2.770e-17
7095.810 2.771e-17
7096.687 2.771e-17
7097.563 2.762e-17
7098.440 2.769e-17
7099.317 2.767e-17
7100.193 2.770e-17
7101.070 2.769e-17
7101.947 2.767e-17
7102.823 2.768e-17
7103.700 2.768e-17
7104.577 2.769e-17
7105.453 2.768e-17
7106.330 2.766e-17
7107.207 2.764e-17
7108.083 2.746e-17
7108.960 2.764e-17
7109.837 2.767e-17
7110.713 2.767e-17
7111.590 2.765e-17
7112.467 2.764e-17
7113.343 2.759e-17
7114.220 2.763e-17
7115.097 2.761e-17
7115.973 2.756e-17
7116.850 2.760e-17
7117.727 2.753e-17
7118.603 2.757e-17
7119.480 2.756e-17
7120.357 2.735e-17
7121.233 2.749e-17
7122.110 2.752e-17
7122.987 2.751e-17
7123.863 2.749e-17
7124.740 2.738e-17
7125.617 2.746e-17
7126.493 2.745e-17
7127.370 2.742e-17
7128.247 2.743e-17
7129.123 2.741e-17
7130.000 2.734e-17
7130.877 2.737e-17
7131.753 2.737e-17
7132.630 2.736e-17
7133.507 2.734e-17
7134.383 2.734e-17
7135.260 2.981e-17
7136.137 2.716e-17
7137.013 2.729e-17
7137.890 2.731e-17
7138.767 2.730e-17
7139.643 2.726e-17
7140.520 2.728e-17
7141.397 2.726e-17
7142.273 2.697e-17
7143.150 3.170e-17
7144.027 2.718e-17
7144.903 2.693e-17
7145.780 2.722e-17
7146.657 3.709e-17
7147.533 2.754e-17
7148.410 2.716e-17
7149.287 2.717e-17
7150.163 2.717e-17
7151.040 2.717e-17
7151.917 2.797e-17
7152.793 2.700e-17
7153.670 2.710e-17
7154.547 2.709e-17
7155.423 2.708e-17
7156.300 2.709e-17
7157.177 2.705e-17
7158.053 2.705e-17
7158.930 2.704e-17
7159.807 2.701e-17
7160.683 2.660e-17
7161.560 2.699e-17
7162.437 2.698e-17
7163.313 2.698e-17
7164.190 2.690e-17
7165.067 2.692e-17
7165.943 2.685e-17
7166.820 2.676e-17
7167.697 2.656e-17
7168.573 2.677e-17
7169.450 2.647e-17
7170.327 2.682e-17
7171.203 2.844e-17
7172.080 2.507e-17
7172.957 2.647e-17
7173.833 2.658e-17
7174.710 2.157e-17
7175.587 3.902e-17
7176.463 2.668e-17
7177.340 2.648e-17
7178.217 2.572e-17
7179.093 2.236e-17
7179.970 2.653e-17
7180.847 2.652e-17
7181.723 2.654e-17
7182.600 2.655e-17
7183.477 1.916e-17
7184.353 2.631e-17
7185.230 2.647e-17
7186.107 2.883e-17
7186.983 2.603e-17
7187.860 2.617e-17
7188.737 2.607e-17
7189.613 2.575e-17
7190.490 2.630e-17
7191.367 2.714e-17
7192.243 2.629e-17
7193.120 2.599e-17
7193.997 2.578e-17
7194.873 2.623e-17
7195.750 1.913e-17
7196.627 2.623e-17
7197.503 2.624e-17
7198.380 2.621e-17
7199.257 2.401e-17
7200.133 2.610e-17
7201.010 2.622e-17
7201.887 2.897e-17
7202.763 2.944e-17
7203.640 2.593e-17
7204.517 2.614e-17
7205.393 2.624e-17
7206.270 1.446e-17
7207.147 2.623e-17
7208.023 2.600e-17
7208.900 2.615e-17
7209.777 2.616e-17
7210.653 2.629e-17
7211.530 2.175e-17
7212.407 2.612e-17
7213.283 2.582e-17
7214.160 2.621e-17
7215.037 2.633e-17
7215.913 2.628e-17
7216.790 2.633e-17
7217.667 2.632e-17
7218.543 2.234e-17
7219.420 2.636e-17
7220.297 2.631e-17
7221.173 2.635e-17
7222.050 2.636e-17
7222.927 2.641e-17
7223.803 2.644e-17
7224.680 2.643e-17
7225.557 2.617e-17
7226.433 2.643e-17
7227.310 2.649e-17
7228.187 2.648e-17
7229.063 2.643e-17
7229.940 2.633e-17
7230.817 2.733e-17
7231.693 2.651e-17
7232.570 2.641e-17
7233.447 2.651e-17
7234.323 2.533e-17
7235.200 4.093e-17
7236.077 2.634e-17
7236.953 2.562e-17
7237.830 2.635e-17
7238.707 2.647e-17
7239.583 2.651e-17
7240.460 2.650e-17
7241.337 2.648e-17
7242.213 6.624e-16
7243.090 2.615e-17
7243.967 9.129e-17
7244.843 2.650e-17
7245.720 1.434e-17
7246.597 3.166e-17
7247.473 2.603e-17
7248.350 2.647e-17
7249.227 2.414e-17
7250.103 2.649e-17
7250.980 2.506e-17
7251.857 2.645e-17
7252.733 3.231e-17
7253.610 2.642e-17
7254.487 2.345e-17
7255.363 2.549e-17
7256.240 2.639e-17
7257.117 2.646e-17
7257.993 2.627e-17
7258.870 2.636e-17
7259.747 2.611e-17
7260.623 2.584e-17
7261.500 2.625e-17
7262.377 2.632e-17
7263.253 2.821e-17
7264.130 2.576e-17
7265.007 2.472e-17
7265.883 2.633e-17
7266.760 2.573e-17
7267.637 1.677e-17
7268.513 2.717e-17
7269.390 2.647e-17
7270.267 2.624e-17
7271.143 6.056e-17
7272.020 2.596e-17
7272.897 2.623e-17
7273.773 2.629e-17
7274.650 2.598e-17
7275.527 2.616e-17
7276.403 2.620e-17
7277.280 2.520e-17
7278.157 2.600e-17
7279.033 3.136e-17
7279.910 2.583e-17
7280.787 2.521e-17
7281.663 2.502e-17
7282.540 2.592e-17
7283.417 2.599e-17
7284.293 2.350e-17
7285.170 2.551e-17
7286.047 2.597e-17
7286.923 3.002e-17
7287.800 2.747e-17
7288.677 2.589e-17
7289.553 2.533e-17
7290.430 2.575e-17
7291.307 2.582e-17
7292.183 2.539e-17
7293.060 4.047e-17
7293.937 2.569e-17
7294.813 2.554e-17
7295.690 2.579e-17
7296.567 2.575e-17
7297.443 2.575e-17
7298.320 2.518e-17
7299.197 2.581e-17
7300.073 2.567e-17
7300.950 2.584e-17
7301.827 2.468e-17
7302.703 2.559e-17
7303.580 2.584e-17
7304.457 2.570e-17
7305.333 2.477e-17
7306.210 1.924e-17
7307.087 2.576e-17
7307.963 2.566e-17
7308.840 2.586e-17
7309.717 2.584e-17
7310.593 2.564e-17
7311.470 2.322e-17
7312.347 2.549e-17
7313.223 2.547e-17
7314.100 2.583e-17
7314.977 2.528e-17
7315.853 2.582e-17
7316.730 2.576e-17
7317.607 2.481e-17
7318.483 2.577e-17
7319.360 2.351e-17
7320.237 2.532e-17
7321.113 2.573e-17
7321.990 2.577e-17
7322.867 2.457e-17
7323.743 2.575e-17
7324.620 2.574e-17
7325.497 2.572e-17
7326.373 2.570e-17
7327.250 2.572e-17
7328.127 2.570e-17
7329.003 2.548e-17
7329.880 2.567e-17
7330.757 2.567e-17
7331.633 2.565e-17
7332.510 2.564e-17
7333.387 2.564e-17
7334.263 3.343e-17
7335.140 2.486e-17
7336.017 2.558e-17
7336.893 2.559e-17
7337.770 2.536e-17
7338.647 2.559e-17
7339.523 2.557e-17
7340.400 2.557e-17
7341.277 2.551e-17
7342.153 2.542e-17
7343.030 7.758e-17
7343.907 2.549e-17
7344.783 2.552e-17
7345.660 2.548e-17
7346.537 3.012e-17
7347.413 2.549e-17
7348.290 2.547e-17
7349.167 2.546e-17
7350.043 2.498e-17
7350.920 2.544e-17
7351.797 2.540e-17
7352.673 5.261e-17
7353.550 2.543e-17
7354.427 2.542e-17
7355.303 2.562e-17
7356.180 2.540e-17
7357.057 2.541e-17
7357.933 2.540e-17
7358.810 2.538e-17
7359.687 2.539e-17
7360.563 2.538e-17
7361.440 2.538e-17
7362.317 2.725e-17
7363.193 2.531e-17
7364.070 2.517e-17
7364.947 2.534e-17
7365.823 2.442e-17
7366.700 3.007e-17
7367.577 2.836e-17
7368.453 2.535e-17
7369.330 2.534e-17
7370.207 2.532e-17
7371.083 2.518e-17
7371.960 2.527e-17
7372.837 2.511e-17
7373.713 2.524e-17
7374.590 2.525e-17
7375.467 2.603e-17
7376.343 2.519e-17
7377.220 2.518e-17
7378.097 2.515e-17
7378.973 2.512e-17
7379.850 2.568e-17
7380.727 2.507e-17
7381.603 2.505e-17
7382.480 2.493e-17
7383.357 2.497e-17
7384.233 2.492e-17
7385.110 2.484e-17
7385.987 2.488e-17
7386.863 2.490e-17
7387.740 2.488e-17
7388.617 2.486e-17
7389.493 2.482e-17
7390.370 2.755e-17
7391.247 2.477e-17
7392.123 3.151e-17
7393.000 2.472e-17
7393.877 2.468e-17
7394.753 2.612e-17
7395.630 2.467e-17
7396.507 2.467e-17
7397.383 2.546e-17
7398.260 2.455e-17
7399.137 2.419e-17
7400.013 2.459e-17
7400.890 2.458e-17
7401.767 2.456e-17
7402.643 2.454e-17
7403.520 2.449e-17
7404.397 2.450e-17
7405.273 2.449e-17
7406.150 2.446e-17
7407.027 2.445e-17
7407.903 2.443e-17
7408.780 2.441e-17
7409.657 2.439e-17
7410.533 2.438e-17
7411.410 2.436e-17
7412.287 2.428e-17
7413.163 2.435e-17
7414.040 3.006e-17
7414.917 2.441e-17
7415.793 4.054e-17
7416.670 2.427e-17
7417.547 2.437e-17
7418.423 2.437e-17
7419.300 2.449e-17
7420.177 2.451e-17
7421.053 2.452e-17
7421.930 2.454e-17
7422.807 2.455e-17
7423.683 2.456e-17
7424.560 2.459e-17
7425.437 2.461e-17
7426.313 2.462e-17
7427.190 2.462e-17
7428.067 2.464e-17
7428.943 2.467e-17
7429.820 2.468e-17
7430.697 2.471e-17
7431.573 2.472e-17
7432.450 2.473e-17
7433.327 2.470e-17
7434.203 2.471e-17
7435.080 2.470e-17
7435.957 2.470e-17
7436.833 2.468e-17
7437.710 2.468e-17
7438.587 2.467e-17
7439.463 2.466e-17
7440.340 2.582e-16
7441.217 2.668e-17
7442.093 2.463e-17
7442.970 2.462e-17
7443.847 2.462e-17
7444.723 2.461e-17
7445.600 2.460e-17
7446.477 2.459e-17
7447.353 2.458e-17
7448.230 2.457e-17
7449.107 2.928e-17
7449.983 2.456e-17
7450.860 2.455e-17
7451.737 2.454e-17
7452.613 2.453e-17
7453.490 2.451e-17
7454.367 2.453e-17
7455.243 2.453e-17
7456.120 2.453e-17
7456.997 2.453e-17
7457.873 2.452e-17
7458.750 2.453e-17
7459.627 2.453e-17
7460.503 2.449e-17
7461.380 2.452e-17
7462.257 2.451e-17
7463.133 2.452e-17
7464.010 2.452e-17
7464.887 2.452e-17
7465.763 2.469e-17
7466.640 2.452e-17
7467.517 2.452e-17
7468.393 2.452e-17
7469.270 2.451e-17
7470.147 2.451e-17
7471.023 2.451e-17
7471.900 3.008e-17
7472.777 7.911e-17
7473.653 1.432e-16
7474.530 2.447e-17
7475.407 2.446e-17
7476.283 2.445e-17
7477.160 2.444e-17
7478.037 2.442e-17
7478.913 2.441e-17
7479.790 2.440e-17
7480.667 2.438e-17
7481.543 2.437e-17
7482.420 2.436e-17
7483.297 2.434e-17
7484.173 2.433e-17
7485.050 2.432e-17
7485.927 2.431e-17
7486.803 2.429e-17
7487.680 2.428e-17
7488.557 2.427e-17
7489.433 2.425e-17
7490.310 4.344e-17
7491.187 2.423e-17
7492.063 2.421e-17
7492.940 2.421e-17
7493.817 2.420e-17
7494.693 2.419e-17
7495.570 2.418e-17
7496.447 2.417e-17
7497.323 2.416e-17
7498.200 2.415e-17
7499.077 2.414e-17
7499.953 2.413e-17
7500.830 2.412e-17
7501.707 2.508e-17
7502.583 2.411e-17
7503.460 2.410e-17
7504.337 3.123e-17
7505.213 2.408e-17
7506.090 2.408e-17
7506.967 2.407e-17
7507.843 2.406e-17
7508.720 2.405e-17
7509.597 2.405e-17
7510.473 2.404e-17
7511.350 2.403e-17
7512.227 2.402e-17
7513.103 2.402e-17
7513.980 2.402e-17
7514.857 2.401e-17
7515.733 2.401e-17
7516.610 2.400e-17
7517.487 2.399e-17
7518.363 2.399e-17
7519.240 4.854e-17
7520.117 2.399e-17
7520.993 2.398e-17
7521.870 2.398e-17
7522.747 2.397e-17
7523.623 2.397e-17
7524.500 2.397e-17
7525.377 2.396e-17
7526.253 2.396e-17
7527.130 2.395e-17
7528.007 2.395e-17
7528.883 2.395e-17
7529.760 2.394e-17
7530.637 2.394e-17
7531.513 2.393e-17
7532.390 2.393e-17
7533.267 2.392e-17
7534.143 2.392e-17
7535.020 2.391e-17
7535.897 2.391e-17
7536.773 2.390e-17
7537.650 2.390e-17
7538.527 2.389e-17
7539.403 2.389e-17
7540.280 2.388e-17
7541.157 2.388e-17
7542.033 2.387e-17
7542.910 2.387e-17
7543.787 2.387e-17
7544.663 2.386e-17
7545.540 2.386e-17
7546.417 2.385e-17
7547.293 2.385e-17
7548.170 2.384e-17
7549.047 2.453e-17
7549.923 2.383e-17
7550.800 2.383e-17
7551.677 2.382e-17
7552.553 2.382e-17
7553.430 2.381e-17
7554.307 2.380e-17
7555.183 2.379e-17
7556.060 2.379e-17
7556.937 2.378e-17
7557.813 2.377e-17
7558.690 2.377e-17
7559.567 3.352e-16
7560.443 2.375e-17
7561.320 2.374e-17
7562.197 2.374e-17
7563.073 2.373e-17
7563.950 2.372e-17
7564.827 2.372e-17
7565.703 3.060e-17
7566.580 2.370e-17
7567.457 2.369e-17
7568.333 2.369e-17
7569.210 2.368e-17
7570.087 2.367e-17
7570.963 2.367e-17
7571.840 2.366e-17
7572.717 2.365e-17
7573.593 2.364e-17
7574.470 2.363e-17
7575.347 2.363e-17
7576.223 2.362e-17
7577.100 2.361e-17
7577.977 2.360e-17
7578.853 2.360e-17
7579.730 2.359e-17
7580.607 2.358e-17
7581.483 2.357e-17
7582.360 2.356e-17
7583.237 2.355e-17
7584.113 2.355e-17
7584.990 2.354e-17
7585.867 2.353e-17
7586.743 2.352e-17
7587.620 2.351e-17
7588.497 2.350e-17
7589.373 2.348e-17
7590.250 2.347e-17
7591.127 2.345e-17
7592.003 2.342e-17
7592.880 2.339e-17
7593.757 2.334e-17
7594.633 2.326e-17
7595.510 2.269e-17
7596.387 1.708e-17
7597.263 4.273e-18
7598.140 1.284e-17
7599.017 1.776e-17
7599.893 1.640e-17
7600.770 2.277e-20
7601.647 1.621e-17
7602.523 1.370e-19
7603.400 1.365e-17
7604.277 2.151e-18
7605.153 1.246e-17
7606.030 1.028e-17
7606.907 1.055e-17
7607.783 7.656e-21
7608.660 2.519e-18
7609.537 1.253e-17
7610.413 1.234e-17
7611.290 8.947e-20
7612.167 1.157e-17
7613.043 1.523e-17
7613.920 6.091e-18
7614.797 1.519e-17
7615.673 1.588e-17
7616.550 2.014e-17
7617.427 1.247e-17
7618.303 1.445e-18
7619.180 2.241e-17
7620.057 4.983e-17
7620.933 2.287e-17
7621.810 2.824e-17
7622.687 1.798e-17
7623.563 1.900e-17
7624.440 2.129e-17
7625.317 1.348e-19
7626.193 1.411e-17
7627.070 1.664e-17
7627.947 2.100e-17
7628.823 1.176e-17
7629.700 1.493e-17
7630.577 6.648e-17
7631.453 2.070e-17
7632.330 2.559e-17
7633.207 2.587e-19
7634.083 1.655e-18
7634.960 1.859e-17
7635.837 2.123e-17
7636.713 1.793e-17
7637.590 9.611e-18
7638.467 1.313e-20
7639.343 3.130e-17
7640.220 2.150e-17
7641.097 3.133e-17
7641.973 1.010e-17
7642.850 4.017e-21
7643.727 2.801e-17
7644.603 2.189e-17
7645.480 2.101e-17
7646.357 1.335e-19
7647.233 4.361e-18
7648.110 1.999e-17
7648.987 2.224e-17
7649.863 2.222e-17
7650.740 1.799e-17
7651.617 1.982e-17
7652.493 1.312e-17
7653.370 2.216e-17
7654.247 2.252e-17
7655.123 2.232e-17
7656.000 1.197e-17
7656.877 1.895e-17
7657.753 2.039e-17
7658.630 2.249e-17
7659.507 2.261e-17
7660.383 2.246e-17
7661.260 1.645e-17
7662.137 2.043e-17
7663.013 2.117e-17
7663.890 2.253e-17
7664.767 2.263e-17
7665.643 2.257e-17
7666.520 2.186e-17
7667.397 2.133e-17
7668.273 1.897e-17
7669.150 2.247e-17
7670.027 2.256e-17
7670.903 2.255e-17
7671.780 2.246e-17
7672.657 7.438e-18
7673.533 2.090e-17
7674.410 2.232e-17
7675.287 2.239e-17
7676.163 2.264e-17
7677.040 2.257e-17
7677.917 2.263e-17
7678.793 1.924e-17
7679.670 1.132e-17
7680.547 2.270e-17
7681.423 2.276e-17
7682.300 2.277e-17
7683.177 2.280e-17
7684.053 2.276e-17
7684.930 1.555e-17
7685.807 1.964e-17
7686.683 2.286e-17
7687.560 2.289e-17
7688.437 2.290e-17
7689.313 2.292e-17
7690.190 2.273e-17
7691.067 2.282e-17
7691.943 2.292e-17
7692.820 2.296e-17
7693.697 2.385e-17
7694.573 2.300e-17
7695.450 2.300e-17
7696.327 2.301e-17
7697.203 2.301e-17
7698.080 2.245e-17
7698.957 1.912e-17
7699.833 2.303e-17
7700.710 2.303e-17
7701.587 7.637e-17
7702.463 2.305e-17
7703.340 2.304e-17
7704.217 2.304e-17
7705.093 2.304e-17
7705.970 2.523e-17
7706.847 2.307e-17
7707.723 2.308e-17
7708.600 2.308e-17
7709.477 2.309e-17
7710.353 2.309e-17
7711.230 2.310e-17
7712.107 2.297e-17
7712.983 2.418e-17
7713.860 2.312e-17
7714.737 1.487e-15
7715.613 2.312e-17
7716.490 2.314e-17
7717.367 2.315e-17
7718.243 2.313e-17
7719.120 3.816e-16
7719.997 2.317e-17
7720.873 2.318e-17
7721.750 2.318e-17
7722.627 2.318e-17
7723.503 2.314e-17
7724.380 2.320e-17
7725.257 2.321e-17
7726.133 2.322e-17
7727.010 2.306e-17
7727.887 2.282e-17
7728.763 2.324e-17
7729.640 2.325e-17
7730.517 2.325e-17
7731.393 2.325e-17
7732.270 2.324e-17
7733.147 2.325e-17
7734.023 2.360e-17
7734.900 2.463e-17
7735.777 2.321e-17
7736.653 2.321e-17
7737.530 2.320e-17
7738.407 2.320e-17
7739.283 2.319e-17
7740.160 2.318e-17
7741.037 2.964e-17
7741.913 2.315e-17
7742.790 2.314e-17
7743.667 2.314e-17
7744.543 2.312e-17
7745.420 2.311e-17
7746.297 2.308e-17
7747.173 2.309e-17
7748.050 2.308e-17
7748.927 2.307e-17
7749.803 2.305e-17
7750.680 2.304e-17
7751.557 4.144e-16
7752.433 2.301e-17
7753.310 2.302e-17
7754.187 2.302e-17
7755.063 2.302e-17
7755.940 2.303e-17
7756.817 2.303e-17
7757.693 2.304e-17
7758.570 2.567e-17
7759.447 2.305e-17
7760.323 2.305e-17
7761.200 2.305e-17
7762.077 5.267e-17
7762.953 2.306e-17
7763.830 2.307e-17
7764.707 2.307e-17
7765.583 2.307e-17
7766.460 2.516e-17
7767.337 2.308e-17
7768.213 2.309e-17
7769.090 2.309e-17
7769.967 2.309e-17
7770.843 2.310e-17
7771.720 2.310e-17
7772.597 2.310e-17
7773.473 2.309e-17
7774.350 2.308e-17
7775.227 2.308e-17
7776.103 2.307e-17
7776.980 2.306e-17
7777.857 2.305e-17
7778.733 2.304e-17
7779.610 2.304e-17
7780.487 2.303e-17
7781.363 3.373e-17
7782.240 2.301e-17
7783.117 2.300e-17
7783.993 2.300e-17
7784.870 2.299e-17
7785.747 2.698e-17
7786.623 2.297e-17
7787.500 2.297e-17
7788.377 2.314e-17
7789.253 2.295e-17
7790.130 2.294e-17
7791.007 2.293e-17
7791.883 2.981e-17
7792.760 4.483e-17
7793.637 2.292e-17
7794.513 2.291e-17
7795.390 2.292e-17
7796.267 2.403e-15
7797.143 2.299e-17
7798.020 2.292e-17
7798.897 2.291e-17
7799.773 2.291e-17
7800.650 2.291e-17
7801.527 2.732e-17
7802.403 2.291e-17
7803.280 2.291e-17
7804.157 2.291e-17
7805.033 2.290e-17
7805.910 2.290e-17
7806.787 2.290e-17
7807.663 2.290e-17
7808.540 2.993e-17
7809.417 2.290e-17
7810.293 2.290e-17
7811.170 2.289e-17
7812.047 2.289e-17
7812.923 2.289e-17
7813.800 2.397e-17
7814.677 2.287e-17
7815.553 2.310e-17
7816.430 2.285e-17
7817.307 2.284e-17
7818.183 2.283e-17
7819.060 2.282e-17
7819.937 2.281e-17
7820.813 2.280e-17
7821.690 2.280e-17
7822.567 2.279e-17
7823.443 2.278e-17
7824.320 3.034e-17
7825.197 2.276e-17
7826.073 2.275e-17
7826.950 2.274e-17
7827.827 2.707e-17
7828.703 2.272e-17
7829.580 2.272e-17
7830.457 2.299e-17
7831.333 2.270e-17
7832.210 2.269e-17
7833.087 2.269e-17
7833.963 2.269e-17
7834.840 2.269e-17
7835.717 6.875e-17
7836.593 2.270e-17
7837.470 2.270e-17
7838.347 2.270e-17
7839.223 2.270e-17
7840.100 2.270e-17
7840.977 2.270e-17
7841.853 2.265e-17
7842.730 2.270e-17
7843.607 2.271e-17
7844.483 2.271e-17
7845.360 2.271e-17
7846.237 2.271e-17
7847.113 2.272e-17
7847.990 2.510e-17
7848.867 2.271e-17
7849.743 2.272e-17
7850.620 2.272e-17
7851.497 2.272e-17
7852.373 2.272e-17
7853.250 2.272e-17
7854.127 5.575e-17
7855.003 2.271e-17
7855.880 2.271e-17
7856.757 2.265e-17
7857.633 2.270e-17
7858.510 2.270e-17
7859.387 2.270e-17
7860.263 5.019e-17
7861.140 2.266e-17
7862.017 2.269e-17
7862.893 5.303e-17
7863.770 2.268e-17
7864.647 2.268e-17
7865.523 2.267e-17
7866.400 2.266e-17
7867.277 2.266e-17
7868.153 2.248e-17
7869.030 2.265e-17
7869.907 3.619e-16
7870.783 2.265e-17
7871.660 2.264e-17
7872.537 2.263e-17
7873.413 2.264e-17
7874.290 2.264e-17
7875.167 2.262e-17
7876.043 2.263e-17
7876.920 2.263e-17
7877.797 2.262e-17
7878.673 2.218e-17
7879.550 2.262e-17
7880.427 9.136e-17
7881.303 2.261e-17
7882.180 2.257e-17
7883.057 2.252e-17
7883.933 8.882e-17
7884.810 2.260e-17
7885.687 2.259e-17
7886.563 3.364e-17
7887.440 2.258e-17
7888.317 2.249e-17
7889.193 2.237e-17
7890.070 3.514e-17
7890.947 3.717e-17
7891.823 4.632e-16
7892.700 3.322e-17
7893.577 2.254e-17
7894.453 2.252e-17
7895.330 2.255e-17
7896.207 5.471e-17
7897.083 2.232e-17
7897.960 2.240e-17
7898.837 2.247e-17
7899.713 2.246e-17
7900.590 2.245e-17
7901.467 2.244e-17
7902.343 2.242e-17
7903.220 2.239e-17
7904.097 2.202e-17
7904.973 2.329e-17
7905.850 2.234e-17
7906.727 2.236e-17
7907.603 2.235e-17
7908.480 2.232e-17
7909.357 2.228e-17
7910.233 2.230e-17
7911.110 2.215e-17
7911.987 2.228e-17
7912.863 2.170e-17
7913.740 2.226e-17
7914.617 2.225e-17
7915.493 2.224e-17
7916.370 2.223e-17
7917.247 2.865e-17
7918.123 2.219e-17
7919.000 2.214e-17
7919.877 2.204e-17
7920.753 2.217e-17
7921.630 2.216e-17
7922.507 2.211e-17
7923.383 2.101e-16
7924.260 2.213e-17
7925.137 2.211e-17
7926.013 2.209e-17
7926.890 2.207e-17
7927.767 2.208e-17
7928.643 2.207e-17
7929.520 2.206e-17
7930.397 2.738e-17
7931.273 2.200e-17
7932.150 2.191e-17
7933.027 1.473e-16
7933.903 2.176e-17
7934.780 2.199e-17
7935.657 2.207e-17
7936.533 2.199e-17
7937.410 2.711e-17
7938.287 2.197e-17
7939.163 2.191e-17
7940.040 2.196e-17
7940.917 2.309e-17
7941.793 2.194e-17
7942.670 2.512e-17
7943.547 2.192e-17
7944.423 2.994e-17
7945.300 2.191e-17
7946.177 3.468e-17
7947.053 2.189e-17
7947.930 2.188e-17
7948.807 2.187e-17
7949.683 2.185e-17
7950.560 2.186e-17
7951.437 8.437e-16
7952.313 2.184e-17
7953.190 2.178e-17
7954.067 2.186e-17
7954.943 2.188e-17
7955.820 2.186e-17
7956.697 2.191e-17
7957.573 2.192e-17
7958.450 2.186e-17
7959.327 2.194e-17
7960.203 2.193e-17
7961.080 2.194e-17
7961.957 2.196e-17
7962.833 2.156e-17
7963.710 2.180e-17
7964.587 2.198e-17
7965.463 2.186e-17
7966.340 2.197e-17
7967.217 2.193e-17
7968.093 2.204e-17
7968.970 2.205e-17
7969.847 2.204e-17
7970.723 2.196e-17
7971.600 2.529e-17
7972.477 2.208e-17
7973.353 2.206e-17
7974.230 2.203e-17
7975.107 2.205e-17
7975.983 2.203e-17
7976.860 2.201e-17
7977.737 2.701e-17
7978.613 2.194e-17
7979.490 2.199e-17
7980.367 2.197e-17
7981.243 2.195e-17
7982.120 2.186e-17
7982.997 2.193e-17
7983.873 2.191e-17
7984.750 2.191e-17
7985.627 2.189e-17
7986.503 2.111e-17
7987.380 2.187e-17
7988.257 2.951e-17
7989.133 2.193e-17
7990.010 2.183e-17
7990.887 2.182e-17
7991.763 2.181e-17
7992.640 2.179e-17
7993.517 2.180e-17
7994.393 2.181e-17
7995.270 2.177e-17
7996.147 2.185e-17
7997.023 2.181e-17
7997.900 2.181e-17
7998.777 2.175e-17
7999.653 3.161e-17
8000.530 2.153e-17
8001.407 2.177e-17
8002.283 2.810e-17
8003.160 2.171e-17
8004.037 2.988e-17
8004.913 2.185e-17
8005.790 2.183e-17
8006.667 2.182e-17
8007.543 2.186e-17
8008.420 2.186e-17
8009.297 2.182e-17
8010.173 2.184e-17
8011.050 2.188e-17
8011.927 2.188e-17
8012.803 3.221e-17
8013.680 2.187e-17
8014.557 2.175e-17
8015.433 2.178e-17
8016.310 4.425e-16
8017.187 2.183e-17
8018.063 2.182e-17
8018.940 2.181e-17
8019.817 2.178e-17
8020.693 2.178e-17
8021.570 2.179e-17
8022.447 2.170e-17
8023.323 2.176e-17
8024.200 2.162e-17
8025.077 2.165e-17
8025.953 4.350e-17
8026.830 2.173e-17
8027.707 2.172e-17
8028.583 2.171e-17
8029.460 2.170e-17
8030.337 7.444e-17
8031.213 7.019e-17
8032.090 2.618e-17
8032.967 2.167e-17
8033.843 2.168e-17
8034.720 2.165e-17
8035.597 2.162e-17
8036.473 2.105e-17
8037.350 2.160e-17
8038.227 2.160e-17
8039.103 2.159e-17
8039.980 2.156e-17
8040.857 2.158e-17
8041.733 2.884e-17
8042.610 2.156e-17
8043.487 2.155e-17
8044.363 2.152e-17
8045.240 2.146e-17
8046.117 2.132e-17
8046.993 2.150e-17
8047.870 2.130e-17
8048.747 2.382e-17
8049.623 2.149e-17
8050.500 2.148e-17
8051.377 2.145e-17
8052.253 2.156e-17
8053.130 2.146e-17
8054.007 2.146e-17
8054.883 2.145e-17
8055.760 2.147e-17
8056.637 2.132e-17
8057.513 2.147e-17
8058.390 2.147e-17
8059.267 2.181e-17
8060.143 2.148e-17
8061.020 2.135e-17
8061.897 2.145e-17
8062.773 2.149e-17
8063.650 2.149e-17
8064.527 1.960e-16
8065.403 2.138e-17
8066.280 2.150e-17
8067.157 2.150e-17
8068.033 2.143e-17
8068.910 2.151e-17
8069.787 2.721e-17
8070.663 2.150e-17
8071.540 2.149e-17
8072.417 2.145e-17
8073.293 2.140e-17
8074.170 2.148e-17
8075.047 2.146e-17
8075.923 2.145e-17
8076.800 2.142e-17
8077.677 2.134e-17
8078.553 2.121e-17
8079.430 2.566e-17
8080.307 2.136e-17
8081.183 2.133e-17
8082.060 2.132e-17
8082.937 2.131e-17
8083.813 2.122e-17
8084.690 2.127e-17
8085.567 2.126e-17
8086.443 2.124e-17
8087.320 2.094e-17
8088.197 2.120e-17
8089.073 2.119e-17
8089.950 2.117e-17
8090.827 2.111e-17
8091.703 2.114e-17
8092.580 2.100e-17
8093.457 2.111e-17
8094.333 2.114e-17
8095.210 2.117e-17
8096.087 2.116e-17
8096.963 2.115e-17
8097.840 2.120e-17
8098.717 2.095e-17
8099.593 2.119e-17
8100.470 2.122e-17
8101.347 2.123e-17
8102.223 2.126e-17
8103.100 2.127e-17
8103.977 2.125e-17
8104.853 2.130e-17
8105.730 2.130e-17
8106.607 2.354e-17
8107.483 2.133e-17
8108.360 2.133e-17
8109.237 2.134e-17
8110.113 2.056e-17
8110.990 2.280e-17
8111.867 2.138e-17
8112.743 2.105e-17
8113.620 2.700e-17
8114.497 2.128e-17
8115.373 2.501e-17
8116.250 2.063e-17
8117.127 2.127e-17
8118.003 2.139e-17
8118.880 2.138e-17
8119.757 2.140e-17
8120.633 2.123e-17
8121.510 2.138e-17
8122.387 2.138e-17
8123.263 2.137e-17
8124.140 2.138e-17
8125.017 2.102e-17
8125.893 2.117e-17
8126.770 2.139e-17
8127.647 2.033e-17
8128.523 2.462e-17
8129.400 2.122e-17
8130.277 2.139e-17
8131.153 2.138e-17
8132.030 2.133e-17
8132.907 2.789e-17
8133.783 2.849e-17
8134.660 2.117e-17
8135.537 2.110e-17
8136.413 2.123e-17
8137.290 1.747e-17
8138.167 2.132e-17
8139.043 3.380e-17
8139.920 2.134e-17
8140.797 2.131e-17
8141.673 2.131e-17
8142.550 2.125e-17
8143.427 2.125e-17
8144.303 2.000e-17
8145.180 2.130e-17
8146.057 1.849e-17
8146.933 2.125e-17
8147.810 2.128e-17
8148.687 9.612e-17
8149.563 2.075e-17
8150.440 2.064e-17
8151.317 2.116e-17
8152.193 2.006e-17
8153.070 2.125e-17
8153.947 2.124e-17
8154.823 1.886e-17
8155.700 2.108e-17
8156.577 2.016e-17
8157.453 2.118e-17
8158.330 2.120e-17
8159.207 2.115e-17
8160.083 2.037e-17
8160.960 2.118e-17
8161.837 2.122e-17
8162.713 2.121e-17
8163.590 1.698e-17
8164.467 1.891e-17
8165.343 2.115e-17
8166.220 2.092e-17
8167.097 2.053e-17
8167.973 2.115e-17
8168.850 2.113e-17
8169.727 2.120e-17
8170.603 2.112e-17
8171.480 2.053e-17
8172.357 1.712e-17
8173.233 2.113e-17
8174.110 2.111e-17
8174.987 2.109e-17
8175.863 2.104e-17
8176.740 2.099e-17
8177.617 2.102e-17
8178.493 2.089e-17
8179.370 1.760e-17
8180.247 1.747e-17
8181.123 2.017e-17
8182.000 2.079e-17
8182.877 2.085e-17
8183.753 2.062e-17
8184.630 2.065e-17
8185.507 2.065e-17
8186.383 2.071e-17
8187.260 2.073e-17
8188.137 2.062e-17
8189.013 2.054e-17
8189.890 2.059e-17
8190.767 2.054e-17
8191.643 1.629e-17
8192.520 2.055e-17
8193.397 2.052e-17
8194.273 2.050e-17
8195.150 1.975e-17
8196.027 2.044e-17
8196.903 2.062e-17
8197.780 2.203e-17
8198.657 2.065e-17
8199.533 2.038e-17
8200.410 2.042e-17
8201.287 1.880e-17
8202.163 1.943e-17
8203.040 1.871e-17
8203.917 2.070e-17
8204.793 2.075e-17
8205.670 2.076e-17
8206.547 2.077e-17
8207.423 2.077e-17
8208.300 2.538e-17
8209.177 2.081e-17
8210.053 2.082e-17
8210.930 2.082e-17
8211.807 1.954e-17
8212.683 2.052e-17
8213.560 2.079e-17
8214.437 1.807e-17
8215.313 2.083e-17
8216.190 3.046e-17
8217.067 2.082e-17
8217.943 2.083e-17
8218.820 2.082e-17
8219.697 2.079e-17
8220.573 2.020e-17
8221.450 2.080e-17
8222.327 2.081e-17
8223.203 2.077e-17
8224.080 2.064e-17
8224.957 2.078e-17
8225.833 2.071e-17
8226.710 2.011e-17
8227.587 2.071e-17
8228.463 2.067e-17
8229.340 1.618e-17
8230.217 1.432e-17
8231.093 1.736e-17
8231.970 1.688e-17
8232.847 2.041e-17
8233.723 1.818e-17
8234.600 2.071e-17
8235.477 2.073e-17
8236.353 1.991e-17
8237.230 2.075e-17
8238.107 2.064e-17
8238.983 2.077e-17
8239.860 2.069e-17
8240.737 2.069e-17
8241.613 2.078e-17
8242.490 2.068e-17
8243.367 2.079e-17
8244.243 3.198e-17
8245.120 2.068e-17
8245.997 2.017e-17
8246.873 2.079e-17
8247.750 2.082e-17
8248.627 2.081e-17
8249.503 2.143e-17
8250.380 2.082e-17
8251.257 2.082e-17
8252.133 2.083e-17
8253.010 2.083e-17
8253.887 2.079e-17
8254.763 2.066e-17
8255.640 2.081e-17
8256.517 2.083e-17
8257.393 3.673e-17
8258.270 2.069e-17
8259.147 2.050e-17
8260.023 2.066e-17
8260.900 2.083e-17
8261.777 2.032e-17
8262.653 2.056e-17
8263.530 2.085e-17
8264.407 2.084e-17
8265.283 2.079e-17
8266.160 2.063e-17
8267.037 2.081e-17
8267.913 2.084e-17
8268.790 2.085e-17
8269.667 2.086e-17
8270.543 2.086e-17
8271.420 2.045e-17
8272.297 2.087e-17
8273.173 2.085e-17
8274.050 2.063e-17
8274.927 2.081e-17
8275.803 2.078e-17
8276.680 1.271e-17
8277.557 2.078e-17
8278.433 2.075e-17
8279.310 2.073e-17
8280.187 2.084e-17
8281.063 2.068e-17
8281.940 1.661e-17
8282.817 2.082e-17
8283.693 2.075e-17
8284.570 2.705e-17
8285.447 9.179e-17
8286.323 2.084e-17
8287.200 3.802e-17
8288.077 2.084e-17
8288.953 2.080e-17
8289.830 2.051e-17
8290.707 2.055e-17
8291.583 2.051e-17
8292.460 2.080e-17
8293.337 2.080e-17
8294.213 2.083e-17
8295.090 2.082e-17
8295.967 2.071e-17
8296.843 1.762e-17
8297.720 2.059e-17
8298.597 5.296e-16
8299.473 2.082e-17
8300.350 2.073e-17
8301.227 2.590e-15
8302.103 2.072e-17
8302.980 2.055e-17
8303.857 2.079e-17
8304.733 5.025e-17
8305.610 2.078e-17
8306.487 1.917e-17
8307.363 1.071e-17
8308.240 2.076e-17
8309.117 2.077e-17
8309.993 2.069e-17
8310.870 2.073e-17
8311.747 2.078e-17
8312.623 2.074e-17
8313.500 2.073e-17
8314.377 2.007e-17
8315.253 2.067e-17
8316.130 1.984e-17
8317.007 2.065e-17
8317.883 2.061e-17
8318.760 2.050e-17
8319.637 2.057e-17
8320.513 1.767e-17
8321.390 2.055e-17
8322.267 2.054e-17
8323.143 2.038e-17
8324.020 1.950e-17
8324.897 2.047e-17
8325.773 2.046e-17
8326.650 2.043e-17
8327.527 2.041e-17
8328.403 2.037e-17
8329.280 2.015e-17
8330.157 2.035e-17
8331.033 2.031e-17
8331.910 1.804e-17
8332.787 2.015e-17
8333.663 2.032e-17
8334.540 1.998e-17
8335.417 2.032e-17
8336.293 2.030e-17
8337.170 2.037e-17
8338.047 2.032e-17
8338.923 2.040e-17
8339.800 5.799e-17
8340.677 3.171e-17
8341.553 2.016e-17
8342.430 2.045e-17
8343.307 2.047e-17
8344.183 2.030e-17
8345.060 2.048e-17
8345.937 2.050e-17
8346.813 3.557e-17
8347.690 2.053e-17
8348.567 2.054e-17
8349.443 2.054e-17
8350.320 2.057e-17
8351.197 2.053e-17
8352.073 2.057e-17
8352.950 2.059e-17
8353.827 2.060e-17
8354.703 2.059e-17
8355.580 2.056e-17
8356.457 2.058e-17
8357.333 2.058e-17
8358.210 2.059e-17
8359.087 2.050e-17
8359.963 2.055e-17
8360.840 2.060e-17
8361.717 2.051e-17
8362.593 2.060e-17
8363.470 2.195e-17
8364.347 1.983e-17
8365.223 2.210e-17
8366.100 2.060e-17
8366.977 2.059e-17
8367.853 3.101e-17
8368.730 6.846e-17
8369.607 1.924e-17
8370.483 2.060e-17
8371.360 2.056e-17
8372.237 2.060e-17
8373.113 2.051e-17
8373.990 2.059e-17
8374.867 2.056e-17
8375.743 2.053e-17
8376.620 2.056e-17
8377.497 2.057e-17
8378.373 2.532e-17
8379.250 2.053e-17
8380.127 2.055e-17
8381.003 2.055e-17
8381.880 2.055e-17
8382.757 2.054e-17
8383.633 2.049e-17
8384.510 2.051e-17
8385.387 2.051e-17
8386.263 2.045e-17
8387.140 2.038e-17
8388.017 2.033e-17
8388.893 2.050e-17
8389.770 2.049e-17
8390.647 2.046e-17
8391.523 2.048e-17
8392.400 3.048e-17
8393.277 2.049e-17
8394.153 2.049e-17
8395.030 2.049e-17
8395.907 2.046e-17
8396.783 2.039e-17
8397.660 2.050e-17
8398.537 2.049e-17
8399.413 2.013e-17
8400.290 2.050e-17
8401.167 2.050e-17
8402.043 2.050e-17
8402.920 2.037e-17
8403.797 2.051e-17
8404.673 2.052e-17
8405.550 2.051e-17
8406.427 2.040e-17
8407.303 2.050e-17
8408.180 2.052e-17
8409.057 2.053e-17
8409.933 2.053e-17
8410.810 2.030e-17
8411.687 2.052e-17
8412.563 2.054e-17
8413.440 2.042e-17
8414.317 2.052e-17
8415.193 2.051e-17
8416.070 2.049e-17
8416.947 2.048e-17
8417.823 2.017e-17
8418.700 2.046e-17
8419.577 2.031e-17
8420.453 2.043e-17
8421.330 2.044e-17
8422.207 2.043e-17
8423.083 2.042e-17
8423.960 2.041e-17
8424.837 2.040e-17
8425.713 2.099e-17
8426.590 2.038e-17
8427.467 2.037e-17
8428.343 2.036e-17
8429.220 2.034e-17
8430.097 2.024e-17
8430.973 2.033e-17
8431.850 2.025e-17
8432.727 2.031e-17
8433.603 2.032e-17
8434.480 4.750e-17
8435.357 2.033e-17
8436.233 2.033e-17
8437.110 2.033e-17
8437.987 2.034e-17
8438.863 2.025e-17
8439.740 2.033e-17
8440.617 2.035e-17
8441.493 2.036e-17
8442.370 2.034e-17
8443.247 2.033e-17
8444.123 2.037e-17
8445.000 2.035e-17
8445.877 2.038e-17
8446.753 2.038e-17
8447.630 2.038e-17
8448.507 2.032e-17
8449.383 2.039e-17
8450.260 2.040e-17
8451.137 2.040e-17
8452.013 2.040e-17
8452.890 2.040e-17
8453.767 2.040e-17
8454.643 1.332e-15
8455.520 2.039e-17
8456.397 2.202e-17
8457.273 2.038e-17
8458.150 2.038e-17
8459.027 2.176e-17
8459.903 2.037e-17
8460.780 2.037e-17
8461.657 2.036e-17
8462.533 2.005e-17
8463.410 2.035e-17
8464.287 2.035e-17
8465.163 2.033e-17
8466.040 2.033e-17
8466.917 2.034e-17
8467.793 1.928e-15
8468.670 2.033e-17
8469.547 2.032e-17
8470.423 2.032e-17
8471.300 2.031e-17
8472.177 2.031e-17
8473.053 2.028e-17
8473.930 2.025e-17
8474.807 2.022e-17
8475.683 2.018e-17
8476.560 2.014e-17
8477.437 2.012e-17
8478.313 2.009e-17
8479.190 2.006e-17
8480.067 2.001e-17
8480.943 1.999e-17
8481.820 1.996e-17
8482.697 1.993e-17
8483.573 1.990e-17
8484.450 1.987e-17
8485.327 1.984e-17
8486.203 1.981e-17
8487.080 1.977e-17
8487.957 1.974e-17
8488.833 1.971e-17
8489.710 1.968e-17
8490.587 1.960e-17
8491.463 1.962e-17
8492.340 1.959e-17
8493.217 1.961e-17
8494.093 1.943e-17
8494.970 1.965e-17
8495.847 1.983e-17
8496.723 2.689e-17
8497.600 1.971e-17
8498.477 1.972e-17
8499.353 2.262e-17
8500.230 1.980e-17
8501.107 1.978e-17
8501.983 1.980e-17
8502.860 1.983e-17
8503.737 1.985e-17
8504.613 1.985e-17
8505.490 2.709e-17
8506.367 1.991e-17
8507.243 1.993e-17
8508.120 1.981e-17
8508.997 1.997e-17
8509.873 1.999e-17
8510.750 2.001e-17
8511.627 2.003e-17
8512.503 2.004e-17
8513.380 2.002e-17
8514.257 1.958e-17
8515.133 1.999e-17
8516.010 1.997e-17
8516.887 1.996e-17
8517.763 1.994e-17
8518.640 1.992e-17
8519.517 1.991e-17
8520.393 1.989e-17
8521.270 1.986e-17
8522.147 1.981e-17
8523.023 1.996e-17
8523.900 1.983e-17
8524.777 1.981e-17
8525.653 1.979e-17
8526.530 1.978e-17
8527.407 1.976e-17
8528.283 1.974e-17
8529.160 1.973e-17
8530.037 1.971e-17
8530.913 1.970e-17
8531.790 1.968e-17
8532.667 1.965e-17
8533.543 1.959e-17
8534.420 1.954e-17
8535.297 1.948e-17
8536.173 1.942e-17
8537.050 1.929e-17
8537.927 1.932e-17
8538.803 1.916e-17
8539.680 1.920e-17
8540.557 1.915e-17
8541.433 1.910e-17
8542.310 1.899e-17
8543.187 1.868e-17
8544.063 1.893e-17
8544.940 1.888e-17
8545.817 1.882e-17
8546.693 1.877e-17
8547.570 1.871e-17
8548.447 1.863e-17
8549.323 1.860e-17
8550.200 1.855e-17
8551.077 1.849e-17
8551.953 1.842e-17
8552.830 1.845e-17
8553.707 1.854e-17
8554.583 1.862e-17
8555.460 1.871e-17
8556.337 1.878e-17
8557.213 1.885e-17
8558.090 1.895e-17
8558.967 1.903e-17
8559.843 1.911e-17
8560.720 1.919e-17
8561.597 1.927e-17
8562.473 1.935e-17
8563.350 1.943e-17
8564.227 1.951e-17
8565.103 1.959e-17
8565.980 1.967e-17
8566.857 1.975e-17
8567.733 1.983e-17
8568.610 1.992e-17
8569.487 2.000e-17
8570.363 2.008e-17
8571.240 2.015e-17
8572.117 2.024e-17
8572.993 2.023e-17
8573.870 2.023e-17
8574.747 2.023e-17
8575.623 2.022e-17
8576.500 2.022e-17
8577.377 2.021e-17
8578.253 2.020e-17
8579.130 2.020e-17
8580.007 4.240e-17
8580.883 2.019e-17
8581.760 2.018e-17
8582.637 2.017e-17
8583.513 2.015e-17
8584.390 2.015e-17
8585.267 2.014e-17
8586.143 2.014e-17
8587.020 2.013e-17
8587.897 2.012e-17
8588.773 2.011e-17
8589.650 2.010e-17
8590.527 2.009e-17
8591.403 2.008e-17
8592.280 2.008e-17
8593.157 2.007e-17
8594.033 2.007e-17
8594.910 2.006e-17
8595.787 2.007e-17
8596.663 2.007e-17
8597.540 2.007e-17
8598.417 2.007e-17
8599.293 2.007e-17
8600.170 2.007e-17
8601.047 2.007e-17
8601.923 2.007e-17
8602.800 2.007e-17
8603.677 2.007e-17
8604.553 2.007e-17
8605.430 2.007e-17
8606.307 2.007e-17
8607.183 2.007e-17
8608.060 2.004e-17
8608.937 2.007e-17
8609.813 2.007e-17
8610.690 3.141e-17
8611.567 2.007e-17
8612.443 2.007e-17
8613.320 2.007e-17
8614.197 2.007e-17
8615.073 2.007e-17
8615.950 2.007e-17
8616.827 2.050e-17
8617.703 2.007e-17
8618.580 2.007e-17
8619.457 3.042e-17
8620.333 2.007e-17
8621.210 2.007e-17
8622.087 2.007e-17
8622.963 2.007e-17
8623.840 6.214e-17
8624.717 2.008e-17
8625.593 2.008e-17
8626.470 2.008e-17
8627.347 2.007e-17
8628.223 2.008e-17
8629.100 2.008e-17
8629.977 2.008e-17
8630.853 2.008e-17
8631.730 1.468e-16
8632.607 2.008e-17
8633.483 2.006e-17
8634.360 2.004e-17
8635.237 2.002e-17
8636.113 2.001e-17
8636.990 1.999e-17
8637.867 1.997e-17
8638.743 1.996e-17
8639.620 1.994e-17
8640.497 1.992e-17
8641.373 1.991e-17
8642.250 1.989e-17
8643.127 1.987e-17
8644.003 1.985e-17
8644.880 1.984e-17
8645.757 1.982e-17
8646.633 1.980e-17
8647.510 1.978e-17
8648.387 1.977e-17
8649.263 4.166e-16
8650.140 1.973e-17
8651.017 1.972e-17
8651.893 1.970e-17
8652.770 9.143e-17
8653.647 6.059e-16
8654.523 1.955e-17
8655.400 1.950e-17
8656.277 1.944e-17
8657.153 1.939e-17
8658.030 1.933e-17
8658.907 1.928e-17
8659.783 1.922e-17
8660.660 1.916e-17
8661.537 7.409e-16
8662.413 1.905e-17
8663.290 1.900e-17
8664.167 1.894e-17
8665.043 1.889e-17
8665.920 1.883e-17
8666.797 1.877e-17
8667.673 1.872e-17
8668.550 1.866e-17
8669.427 1.861e-17
8670.303 2.502e-17
8671.180 1.850e-17
8672.057 1.844e-17
8672.933 1.845e-17
8673.810 1.850e-17
8674.687 1.854e-17
8675.563 1.859e-17
8676.440 1.864e-17
8677.317 1.868e-17
8678.193 1.873e-17
8679.070 1.877e-17
8679.947 1.882e-17
8680.823 1.887e-17
8681.700 1.891e-17
8682.577 1.479e-16
8683.453 1.900e-17
8684.330 1.905e-17
8685.207 1.910e-17
8686.083 1.914e-17
8686.960 1.919e-17
8687.837 1.923e-17
8688.713 1.928e-17
8689.590 5.801e-17
8690.467 1.937e-17
8691.343 1.941e-17
8692.220 1.946e-17
8693.097 1.946e-17
8693.973 1.945e-17
8694.850 1.943e-17
8695.727 2.269e-17
8696.603 1.941e-17
8697.480 1.940e-17
8698.357 1.938e-17
8699.233 1.937e-17
8700.110 1.936e-17
8700.987 1.934e-17
8701.863 1.933e-17
8702.740 1.932e-17
8703.617 1.931e-17
8704.493 2.284e-17
8705.370 1.929e-17
8706.247 1.929e-17
8707.123 1.928e-17
8708.000 4.496e-17
8708.877 1.926e-17
8709.753 1.926e-17
8710.630 1.924e-17
8711.507 1.924e-17
8712.383 1.923e-17
8713.260 1.922e-17
8714.137 1.922e-17
8715.013 1.921e-17
8715.890 1.920e-17
8716.767 1.919e-17
8717.643 1.919e-17
8718.520 1.918e-17
8719.397 1.917e-17
8720.273 1.916e-17
8721.150 2.500e-17
8722.027 1.914e-17
8722.903 1.914e-17
8723.780 1.913e-17
8724.657 1.913e-17
8725.533 1.913e-17
8726.410 1.913e-17
8727.287 1.913e-17
8728.163 1.913e-17
8729.040 2.359e-17
8729.917 1.914e-17
8730.793 1.914e-17
8731.670 1.914e-17
8732.547 1.915e-17
8733.423 1.915e-17
8734.300 1.915e-17
8735.177 1.916e-17
8736.053 1.916e-17
8736.930 1.916e-17
8737.807 1.916e-17
8738.683 1.917e-17
8739.560 1.917e-17
8740.437 1.917e-17
8741.313 1.917e-17
8742.190 1.918e-17
8743.067 2.541e-17
8743.943 1.918e-17
8744.820 1.918e-17
8745.697 1.918e-17
8746.573 1.918e-17
8747.450 1.919e-17
8748.327 1.919e-17
8749.203 1.919e-17
8750.080 1.919e-17
8750.957 1.919e-17
8751.833 1.920e-17
8752.710 3.049e-17
8753.587 1.920e-17
8754.463 1.920e-17
8755.340 1.920e-17
8756.217 1.921e-17
8757.093 1.921e-17
8757.970 1.921e-17
8758.847 1.921e-17
8759.723 1.921e-17
8760.600 1.921e-17
8761.477 1.922e-17
8762.353 1.922e-17
8763.230 1.921e-17
8764.107 8.883e-17
8764.983 1.918e-17
8765.860 1.917e-17
8766.737 1.916e-17
8767.613 1.914e-17
8768.490 1.913e-17
8769.367 1.912e-17
8770.243 1.039e-15
8771.120 1.909e-17
8771.997 1.908e-17
8772.873 1.989e-17
8773.750 1.906e-17
8774.627 1.904e-17
8775.503 1.903e-17
8776.380 1.902e-17
8777.257 1.901e-17
8778.133 1.899e-17
8779.010 1.898e-17
8779.887 1.897e-17
8780.763 4.224e-15
8781.640 1.894e-17
8782.517 1.888e-17
8783.393 1.892e-17
8784.270 1.893e-17
8785.147 1.893e-17
8786.023 1.894e-17
8786.900 1.894e-17
8787.777 1.894e-17
8788.653 1.894e-17
8789.530 1.894e-17
8790.407 1.894e-17
8791.283 1.894e-17
8792.160 1.895e-17
8793.037 1.895e-17
8793.913 1.895e-17
8794.790 1.892e-17
8795.667 1.895e-17
8796.543 1.895e-17
8797.420 1.895e-17
8798.297 1.895e-17
8799.173 1.896e-17
8800.050 1.896e-17
8800.927 1.896e-17
8801.803 1.896e-17
8802.680 1.896e-17
8803.557 1.895e-17
8804.433 2.726e-17
8805.310 1.894e-17
8806.187 1.893e-17
8807.063 1.893e-17
8807.940 1.892e-17
8808.817 1.892e-17
8809.693 1.891e-17
8810.570 1.890e-17
8811.447 1.890e-17
8812.323 1.889e-17
8813.200 1.889e-17
8814.077 1.876e-17
8814.953 1.887e-17
8815.830 1.887e-17
8816.707 1.886e-17
8817.583 1.886e-17
8818.460 1.885e-17
8819.337 1.884e-17
8820.213 1.884e-17
8821.090 1.882e-17
8821.967 1.881e-17
8822.843 1.880e-17
8823.720 1.882e-17
8824.597 1.883e-17
8825.473 1.884e-17
8826.350 1.884e-17
8827.227 1.885e-17
8828.103 1.886e-17
8828.980 1.886e-17
8829.857 1.887e-17
8830.733 1.887e-17
8831.610 1.888e-17
8832.487 1.888e-17
8833.363 1.889e-17
8834.240 1.890e-17
8835.117 1.890e-17
8835.993 4.728e-17
8836.870 2.197e-17
8837.747 1.891e-17
8838.623 1.892e-17
8839.500 1.893e-17
8840.377 1.894e-17
8841.253 1.894e-17
8842.130 1.895e-17
8843.007 1.894e-17
8843.883 1.893e-17
8844.760 1.892e-17
8845.637 1.891e-17
8846.513 1.890e-17
8847.390 1.889e-17
8848.267 1.888e-17
8849.143 1.887e-17
8850.020 1.886e-17
8850.897 1.885e-17
8851.773 1.884e-17
8852.650 1.883e-17
8853.527 1.882e-17
8854.403 1.881e-17
8855.280 1.880e-17
8856.157 1.879e-17
8857.033 1.878e-17
8857.910 1.877e-17
8858.787 1.876e-17
8859.663 1.860e-17
8860.540 1.873e-17
8861.417 1.868e-17
8862.293 2.040e-17
8863.170 2.003e-17
8864.047 3.172e-17
8864.923 4.152e-17
8865.800 6.346e-17
8866.677 1.872e-17
8867.553 1.870e-17
8868.430 1.870e-17
8869.307 1.880e-17
8870.183 1.871e-17
8871.060 1.871e-17
8871.937 1.871e-17
8872.813 1.871e-17
8873.690 1.871e-17
8874.567 1.871e-17
8875.443 1.871e-17
8876.320 1.871e-17
8877.197 1.871e-17
8878.073 1.871e-17
8878.950 1.871e-17
8879.827 1.870e-17
8880.703 1.870e-17
8881.580 1.861e-17
8882.457 1.870e-17
8883.333 1.870e-17
8884.210 1.868e-17
8885.087 1.869e-17
8885.963 1.869e-17
8886.840 1.868e-17
8887.717 1.868e-17
8888.593 1.868e-17
8889.470 1.867e-17
8890.347 1.866e-17
8891.223 1.983e-17
8892.100 1.866e-17
8892.977 1.866e-17
8893.853 1.865e-17
8894.730 1.865e-17
8895.607 1.864e-17
8896.483 1.864e-17
8897.360 1.863e-17
8898.237 1.863e-17
8899.113 2.134e-17
8899.990 1.862e-17
8900.867 1.862e-17
8901.743 1.861e-17
8902.620 1.861e-17
8903.497 1.860e-17
8904.373 1.860e-17
8905.250 1.859e-17
8906.127 1.858e-17
8907.003 1.858e-17
8907.880 1.857e-17
8908.757 1.856e-17
8909.633 1.847e-17
8910.510 1.855e-17
8911.387 1.854e-17
8912.263 1.854e-17
8913.140 1.853e-17
8914.017 1.852e-17
8914.893 1.852e-17
8915.770 1.851e-17
8916.647 1.850e-17
8917.523 1.850e-17
8918.400 1.835e-17
8919.277 2.424e-17
8920.153 1.841e-17
8921.030 1.847e-17
8921.907 1.841e-17
8922.783 1.845e-17
8923.660 1.846e-17
8924.537 1.846e-17
8925.413 1.845e-17
8926.290 1.846e-17
8927.167 1.842e-17
8928.043 1.846e-17
8928.920 1.844e-17
8929.797 1.902e-17
8930.673 2.105e-17
8931.550 2.237e-17
8932.427 1.838e-17
8933.303 1.841e-17
8934.180 1.959e-17
8935.057 1.845e-17
8935.933 1.844e-17
8936.810 2.332e-17
8937.687 1.846e-17
8938.563 1.845e-17
8939.440 1.845e-17
8940.317 1.844e-17
8941.193 1.846e-17
8942.070 1.845e-17
8942.947 1.815e-17
8943.823 1.897e-17
8944.700 1.790e-17
8945.577 1.845e-17
8946.453 1.844e-17
8947.330 1.846e-17
8948.207 1.845e-17
8949.083 1.825e-17
8949.960 2.295e-17
8950.837 1.840e-17
8951.713 1.844e-17
8952.590 1.846e-17
8953.467 1.843e-17
8954.343 1.805e-17
8955.220 1.844e-17
8956.097 1.844e-17
8956.973 1.813e-17
8957.850 1.831e-17
8958.727 1.845e-17
8959.603 1.846e-17
8960.480 3.982e-16
8961.357 1.844e-17
8962.233 1.847e-17
8963.110 1.832e-17
8963.987 1.837e-17
8964.863 1.471e-17
8965.740 1.832e-17
8966.617 1.835e-17
8967.493 2.845e-17
8968.370 1.814e-17
8969.247 1.821e-17
8970.123 1.833e-17
8971.000 2.585e-17
8971.877 2.495e-17
8972.753 1.826e-17
8973.630 1.043e-16
8974.507 1.806e-17
8975.383 1.652e-17
8976.260 1.933e-17
8977.137 1.612e-17
8978.013 1.842e-17
8978.890 1.654e-17
8979.767 1.816e-17
8980.643 1.815e-17
8981.520 1.812e-17
8982.397 1.795e-17
8983.273 1.676e-17
8984.150 1.803e-17
8985.027 1.810e-17
8985.903 1.810e-17
8986.780 1.797e-17
8987.657 1.807e-17
8988.533 1.791e-17
8989.410 2.217e-17
8990.287 1.590e-17
8991.163 1.782e-17
8992.040 1.669e-17
8992.917 1.748e-17
8993.793 1.727e-17
8994.670 1.704e-17
8995.547 2.673e-17
8996.423 1.799e-17
8997.300 1.802e-17
8998.177 1.803e-17
8999.053 1.803e-17
8999.930 1.801e-17
9000.807 1.800e-17
9001.683 1.793e-17
9002.560 1.509e-17
9003.437 1.734e-17
9004.313 1.796e-17
9005.190 1.794e-17
9006.067 1.101e-17
9006.943 1.787e-17
9007.820 1.799e-17
9008.697 1.798e-17
9009.573 1.551e-17
9010.450 1.747e-17
9011.327 1.783e-17
9012.203 1.799e-17
9013.080 1.799e-17
9013.957 1.760e-17
9014.833 1.777e-17
9015.710 1.797e-17
9016.587 1.800e-17
9017.463 1.795e-17
9018.340 1.781e-17
9019.217 6.105e-18
9020.093 1.781e-17
9020.970 1.795e-17
9021.847 1.799e-17
9022.723 1.783e-17
9023.600 1.795e-17
9024.477 1.780e-17
9025.353 1.655e-17
9026.230 1.792e-17
9027.107 1.779e-17
9027.983 1.727e-17
9028.860 1.749e-17
9029.737 1.792e-17
9030.613 1.794e-17
9031.490 2.661e-17
9032.367 1.790e-17
9033.243 1.787e-17
9034.120 1.742e-17
9034.997 1.790e-17
9035.873 1.791e-17
9036.750 1.791e-17
9037.627 1.784e-17
9038.503 1.790e-17
9039.380 1.789e-17
9040.257 1.788e-17
9041.133 1.787e-17
9042.010 1.786e-17
9042.887 1.782e-17
9043.763 1.774e-17
9044.640 1.739e-17
9045.517 1.733e-17
9046.393 1.785e-17
9047.270 1.786e-17
9048.147 1.786e-17
9049.023 1.786e-17
9049.900 1.605e-17
9050.777 1.782e-17
9051.653 5.395e-16
9052.530 1.785e-17
9053.407 1.770e-17
9054.283 1.783e-17
9055.160 1.744e-17
9056.037 1.775e-17
9056.913 1.779e-17
9057.790 1.785e-17
9058.667 1.785e-17
9059.543 2.623e-17
9060.420 1.784e-17
9061.297 1.784e-17
9062.173 1.780e-17
9063.050 1.595e-17
9063.927 1.775e-17
9064.803 1.767e-17
9065.680 1.769e-17
9066.557 1.379e-17
9067.433 1.774e-17
9068.310 1.767e-17
9069.187 1.772e-17
9070.063 1.744e-17
9070.940 2.799e-17
9071.817 1.549e-17
9072.693 1.758e-17
9073.570 1.753e-17
9074.447 3.579e-18
9075.323 1.747e-17
9076.200 1.749e-17
9077.077 1.891e-17
9077.953 1.755e-17
9078.830 1.863e-17
9079.707 1.754e-17
9080.583 1.749e-17
9081.460 1.542e-17
9082.337 8.866e-18
9083.213 1.711e-17
9084.090 1.683e-17
9084.967 1.747e-17
9085.843 1.740e-17
9086.720 1.751e-17
9087.597 1.739e-17
9088.473 1.739e-17
9089.350 1.427e-17
9090.227 1.737e-17
9091.103 1.751e-17
9091.980 1.745e-17
9092.857 2.431e-17
9093.733 2.109e-17
9094.610 1.786e-17
9095.487 1.746e-17
9096.363 1.457e-17
9097.240 1.747e-17
9098.117 1.742e-17
9098.993 1.757e-17
9099.870 1.938e-17
9100.747 1.690e-17
9101.623 1.739e-17
9102.500 1.610e-17
