4500.000 4.290e-17
4500.877 4.308e-17
4501.753 4.326e-17
4502.630 4.344e-17
4503.507 4.362e-17
4504.383 4.380e-17
4505.260 4.398e-17
4506.137 4.416e-17
4507.013 4.413e-17
4507.890 4.405e-17
4508.767 4.398e-17
4509.643 4.390e-17
4510.520 4.383e-17
4511.397 4.375e-17
4512.273 4.368e-17
4513.150 4.360e-17
4514.027 4.352e-17
4514.903 4.345e-17
4515.780 4.337e-17
4516.657 4.321e-17
4517.533 4.291e-17
4518.410 4.262e-17
4519.287 4.232e-17
4520.163 4.202e-17
4521.040 4.173e-17
4521.917 4.143e-17
4522.793 4.114e-17
4523.670 4.084e-17
4524.547 4.055e-17
4525.423 4.025e-17
4526.300 3.996e-17
4527.177 3.999e-17
4528.053 4.002e-17
4528.930 4.005e-17
4529.807 4.016e-17
4530.683 4.012e-17
4531.560 4.015e-17
4532.437 4.018e-17
4533.313 4.022e-17
4534.190 4.025e-17
4535.067 4.028e-17
4535.943 4.031e-17
4536.820 4.033e-17
4537.697 4.032e-17
4538.573 4.032e-17
4539.450 4.032e-17
4540.327 4.032e-17
4541.203 4.032e-17
4542.080 4.032e-17
4542.957 5.060e-17
4543.833 4.032e-17
4544.710 4.031e-17
4545.587 4.391e-17
4546.463 4.033e-17
4547.340 4.040e-17
4548.217 4.047e-17
4549.093 4.055e-17
4549.970 4.062e-17
4550.847 4.070e-17
4551.723 4.077e-17
4552.600 4.084e-17
4553.477 4.092e-17
4554.353 4.441e-17
4555.230 4.106e-17
4556.107 4.114e-17
4556.983 4.119e-17
4557.860 4.125e-17
4558.737 4.130e-17
4559.613 4.136e-17
4560.490 4.141e-17
4561.367 4.146e-17
4562.243 4.151e-17
4563.120 4.157e-17
4563.997 4.162e-17
4564.873 4.167e-17
4565.750 4.173e-17
4566.627 4.177e-17
4567.503 4.179e-17
4568.380 4.181e-17
4569.257 4.344e-17
4570.133 4.184e-17
4571.010 4.186e-17
4571.887 4.188e-17
4572.763 4.190e-17
4573.640 4.192e-17
4574.517 4.194e-17
4575.393 4.196e-17
4576.270 4.198e-17
4577.147 4.176e-17
4578.023 4.154e-17
4578.900 4.131e-17
4579.777 4.108e-17
4580.653 4.086e-17
4581.530 4.063e-17
4582.407 4.041e-17
4583.283 4.018e-17
4584.160 4.071e-17
4585.037 3.973e-17
4585.913 3.950e-17
4586.790 3.943e-17
4587.667 3.947e-17
4588.543 3.952e-17
4589.420 3.956e-17
4590.297 3.961e-17
4591.173 3.965e-17
4592.050 3.969e-17
4592.927 3.974e-17
4593.803 3.978e-17
4594.680 3.983e-17
4595.557 3.987e-17
4596.433 3.991e-17
4597.310 3.994e-17
4598.187 3.998e-17
4599.063 4.001e-17
4599.940 4.004e-17
4600.817 4.007e-17
4601.693 4.011e-17
4602.570 4.014e-17
4603.447 4.017e-17
4604.323 4.020e-17
4605.200 4.023e-17
4606.077 4.027e-17
4606.953 4.028e-17
4607.830 4.028e-17
4608.707 4.029e-17
4609.583 4.030e-17
4610.460 4.030e-17
4611.337 4.031e-17
4612.213 4.032e-17
4613.090 4.032e-17
4613.967 4.033e-17
4614.843 4.034e-17
4615.720 4.034e-17
4616.597 4.037e-17
4617.473 4.043e-17
4618.350 4.049e-17
4619.227 4.055e-17
4620.103 4.061e-17
4620.980 4.067e-17
4621.857 4.073e-17
4622.733 4.079e-17
4623.610 4.085e-17
4624.487 4.091e-17
4625.363 4.097e-17
4626.240 4.103e-17
4627.117 4.092e-17
4627.993 4.080e-17
4628.870 4.069e-17
4629.747 4.057e-17
4630.623 4.045e-17
4631.500 4.033e-17
4632.377 4.022e-17
4633.253 4.010e-17
4634.130 3.998e-17
4635.007 3.986e-17
4635.883 3.975e-17
4636.760 3.963e-17
4637.637 3.951e-17
4638.513 3.940e-17
4639.390 3.928e-17
4640.267 3.916e-17
4641.143 3.905e-17
4642.020 3.893e-17
4642.897 3.881e-17
4643.773 3.870e-17
4644.650 3.858e-17
4645.527 3.847e-17
4646.403 3.837e-17
4647.280 3.846e-17
4648.157 3.855e-17
4649.033 3.864e-17
4649.910 3.872e-17
4650.787 3.881e-17
4651.663 3.889e-17
4652.540 3.898e-17
4653.417 3.906e-17
4654.293 3.915e-17
4655.170 3.924e-17
4656.047 3.932e-17
4656.923 3.920e-17
4657.800 3.900e-17
4658.677 3.881e-17
4659.553 3.862e-17
4660.430 3.843e-17
4661.307 3.824e-17
4662.183 3.805e-17
4663.060 3.786e-17
4663.937 3.768e-17
4664.813 3.749e-17
4665.690 3.730e-17
4666.567 3.721e-17
4667.443 3.736e-17
4668.320 3.750e-17
4669.197 3.764e-17
4670.073 3.779e-17
4670.950 3.793e-17
4671.827 3.808e-17
4672.703 3.822e-17
4673.580 4.092e-17
4674.457 3.851e-17
4675.333 3.865e-17
4676.210 3.880e-17
4677.087 5.048e-17
4677.963 3.875e-17
4678.840 3.871e-17
4679.717 3.868e-17
4680.593 3.864e-17
4681.470 3.861e-17
4682.347 3.857e-17
4683.223 3.854e-17
4684.100 3.851e-17
4684.977 3.847e-17
4685.853 3.844e-17
4686.730 3.841e-17
4687.607 3.841e-17
4688.483 3.840e-17
4689.360 3.839e-17
4690.237 3.838e-17
4691.113 3.837e-17
4691.990 3.836e-17
4692.867 3.835e-17
4693.743 3.835e-17
4694.620 3.834e-17
4695.497 3.833e-17
4696.373 3.830e-17
4697.250 3.813e-17
4698.127 3.793e-17
4699.003 3.777e-17
4699.880 3.760e-17
4700.757 3.742e-17
4701.633 3.725e-17
4702.510 3.707e-17
4703.387 3.690e-17
4704.263 3.673e-17
4705.140 3.655e-17
4706.017 3.638e-17
4706.893 3.647e-17
4707.770 3.669e-17
4708.647 3.691e-17
4709.523 3.713e-17
4710.400 3.735e-17
4711.277 3.757e-17
4712.153 3.779e-17
4713.030 3.801e-17
4713.907 3.823e-17
4714.783 3.845e-17
4715.660 3.867e-17
4716.537 3.884e-17
4717.413 3.887e-17
4718.290 3.891e-17
4719.167 3.895e-17
4720.043 3.899e-17
4720.920 3.903e-17
4721.797 3.906e-17
4722.673 3.910e-17
4723.550 3.914e-17
4724.427 3.917e-17
4725.303 3.921e-17
4726.180 3.925e-17
4727.057 3.918e-17
4727.933 3.911e-17
4728.810 3.903e-17
4729.687 3.896e-17
4730.563 3.886e-17
4731.440 3.880e-17
4732.317 3.873e-17
4733.193 3.865e-17
4734.070 3.857e-17
4734.947 3.849e-17
4735.823 3.842e-17
4736.700 3.842e-17
4737.577 3.851e-17
4738.453 3.860e-17
4739.330 3.869e-17
4740.207 3.879e-17
4741.083 3.888e-17
4741.960 3.897e-17
4742.837 3.906e-17
4743.713 3.915e-17
4744.590 3.925e-17
4745.467 3.934e-17
4746.343 3.942e-17
4747.220 3.936e-17
4748.097 3.931e-17
4748.973 3.925e-17
4749.850 3.919e-17
4750.727 3.912e-17
4751.603 3.905e-17
4752.480 3.898e-17
4753.357 3.891e-17
4754.233 3.884e-17
4755.110 3.877e-17
4755.987 3.870e-17
4756.863 3.861e-17
4757.740 3.850e-17
4758.617 3.839e-17
4759.493 3.828e-17
4760.370 3.817e-17
4761.247 3.806e-17
4762.123 3.795e-17
4763.000 3.784e-17
4763.877 3.773e-17
4764.753 3.763e-17
4765.630 3.752e-17
4766.507 3.748e-17
4767.383 3.765e-17
4768.260 3.782e-17
4769.137 3.798e-17
4770.013 3.815e-17
4770.890 3.832e-17
4771.767 3.849e-17
4772.643 3.866e-17
4773.520 3.883e-17
4774.397 3.900e-17
4775.273 3.918e-17
4776.150 3.935e-17
4777.027 3.929e-17
4777.903 3.918e-17
4778.780 3.906e-17
4779.657 3.895e-17
4780.533 3.884e-17
4781.410 3.873e-17
4782.287 3.862e-17
4783.163 3.851e-17
4784.040 3.840e-17
4784.917 3.830e-17
4785.793 3.819e-17
4786.670 3.816e-17
4787.547 3.826e-17
4788.423 3.835e-17
4789.300 3.845e-17
4790.177 3.854e-17
4791.053 3.864e-17
4791.930 3.873e-17
4792.807 3.882e-17
4793.683 3.892e-17
4794.560 3.901e-17
4795.437 3.910e-17
4796.313 3.919e-17
4797.190 3.912e-17
4798.067 3.905e-17
4798.943 3.898e-17
4799.820 3.891e-17
4800.697 3.884e-17
4801.573 3.877e-17
4802.450 3.870e-17
4803.327 3.862e-17
4804.203 3.855e-17
4805.080 3.848e-17
4805.957 3.841e-17
4806.833 3.842e-17
4807.710 3.849e-17
4808.587 3.856e-17
4809.463 3.864e-17
4810.340 3.871e-17
4811.217 3.878e-17
4812.093 3.885e-17
4812.970 4.242e-17
4813.847 4.057e-17
4814.723 3.907e-17
4815.600 3.914e-17
4816.477 3.919e-17
4817.353 3.908e-17
4818.230 3.897e-17
4819.107 3.886e-17
4819.983 3.874e-17
4820.860 3.863e-17
4821.737 3.852e-17
4822.613 3.841e-17
4823.490 3.830e-17
4824.367 3.819e-17
4825.243 4.273e-17
4826.120 3.837e-17
4826.997 3.791e-17
4827.873 3.790e-17
4828.750 3.788e-17
4829.627 3.786e-17
4830.503 3.784e-17
4831.380 3.783e-17
4832.257 3.781e-17
4833.133 3.779e-17
4834.010 3.778e-17
4834.887 3.776e-17
4835.763 3.775e-17
4836.640 3.771e-17
4837.517 3.762e-17
4838.393 3.754e-17
4839.270 3.745e-17
4840.147 3.736e-17
4841.023 3.727e-17
4841.900 3.719e-17
4842.777 3.710e-17
4843.653 3.701e-17
4844.530 3.693e-17
4845.407 3.684e-17
4846.283 3.676e-17
4847.160 3.654e-17
4848.037 3.632e-17
4848.913 3.610e-17
4849.790 3.589e-17
4850.667 3.567e-17
4851.543 3.546e-17
4852.420 3.524e-17
4853.297 3.502e-17
4854.173 3.481e-17
4855.050 3.460e-17
4855.927 3.438e-17
4856.803 3.412e-17
4857.680 3.380e-17
4858.557 3.349e-17
4859.433 3.317e-17
4860.310 3.285e-17
4861.187 3.254e-17
4862.063 3.222e-17
4862.940 3.191e-17
4863.817 3.159e-17
4864.693 3.127e-17
4865.570 3.096e-17
4866.447 3.068e-17
4867.323 3.097e-17
4868.200 3.127e-17
4869.077 3.157e-17
4869.953 3.186e-17
4870.830 3.216e-17
4871.707 3.245e-17
4872.583 3.275e-17
4873.460 3.304e-17
4874.337 3.334e-17
4875.213 3.363e-17
4876.090 3.393e-17
4876.967 3.410e-17
4877.843 3.422e-17
4878.720 3.433e-17
4879.597 3.444e-17
4880.473 3.456e-17
4881.350 3.467e-17
4882.227 3.478e-17
4883.103 3.489e-17
4883.980 4.128e-17
4884.857 3.511e-17
4885.733 3.523e-17
4886.610 3.532e-17
4887.487 3.538e-17
4888.363 3.543e-17
4889.240 3.549e-17
4890.117 3.554e-17
4890.993 3.560e-17
4891.870 3.565e-17
4892.747 3.571e-17
4893.623 3.576e-17
4894.500 3.582e-17
4895.377 3.587e-17
4896.253 3.593e-17
4897.130 3.598e-17
4898.007 3.604e-17
4898.883 3.609e-17
4899.760 3.615e-17
4900.637 3.621e-17
4901.513 3.626e-17
4902.390 3.632e-17
4903.267 3.637e-17
4904.143 3.643e-17
4905.020 3.648e-17
4905.897 3.654e-17
4906.773 3.650e-17
4907.650 3.632e-17
4908.527 3.614e-17
4909.403 3.597e-17
4910.280 3.579e-17
4911.157 3.562e-17
4912.033 3.544e-17
4912.910 3.527e-17
4913.787 3.509e-17
4914.663 3.492e-17
4915.540 3.475e-17
4916.417 3.458e-17
4917.293 3.456e-17
4918.170 3.455e-17
4919.047 3.454e-17
4919.923 3.453e-17
4920.800 3.451e-17
4921.677 3.450e-17
4922.553 3.449e-17
4923.430 3.447e-17
4924.307 3.446e-17
4925.183 3.445e-17
4926.060 3.444e-17
4926.937 3.442e-17
4927.813 3.439e-17
4928.690 3.437e-17
4929.567 3.435e-17
4930.443 3.432e-17
4931.320 3.430e-17
4932.197 3.427e-17
4933.073 3.425e-17
4933.950 3.422e-17
4934.827 3.420e-17
4935.703 3.417e-17
4936.580 3.420e-17
4937.457 3.444e-17
4938.333 3.467e-17
4939.210 6.087e-17
4940.087 3.513e-17
4940.963 3.536e-17
4941.840 3.559e-17
4942.717 3.583e-17
4943.593 3.606e-17
4944.470 3.629e-17
4945.347 3.652e-17
4946.223 3.675e-17
4947.100 3.663e-17
4947.977 3.643e-17
4948.853 3.623e-17
4949.730 3.602e-17
4950.607 3.582e-17
4951.483 3.562e-17
4952.360 3.541e-17
4953.237 3.521e-17
4954.113 3.501e-17
4954.990 3.480e-17
4955.867 3.460e-17
4956.743 3.452e-17
4957.620 3.464e-17
4958.497 3.475e-17
4959.373 3.487e-17
4960.250 3.498e-17
4961.127 3.510e-17
4962.003 3.521e-17
4962.880 3.533e-17
4963.757 3.544e-17
4964.633 3.779e-17
4965.510 3.567e-17
4966.387 3.579e-17
4967.263 3.577e-17
4968.140 3.576e-17
4969.017 3.575e-17
4969.893 3.573e-17
4970.770 3.572e-17
4971.647 3.571e-17
4972.523 3.569e-17
4973.400 3.568e-17
4974.277 3.566e-17
4975.153 3.565e-17
4976.030 3.563e-17
4976.907 3.550e-17
4977.783 3.526e-17
4978.660 3.503e-17
4979.537 3.480e-17
4980.413 3.457e-17
4981.290 3.434e-17
4982.167 3.411e-17
4983.043 3.388e-17
4983.920 3.365e-17
4984.797 3.342e-17
4985.673 3.319e-17
4986.550 3.303e-17
4987.427 3.316e-17
4988.303 3.329e-17
4989.180 3.342e-17
4990.057 3.355e-17
4990.933 3.368e-17
4991.810 3.381e-17
4992.687 3.394e-17
4993.563 3.407e-17
4994.440 3.420e-17
4995.317 3.433e-17
4996.193 3.446e-17
4997.070 3.436e-17
4997.947 3.418e-17
4998.823 3.401e-17
4999.700 3.383e-17
5000.577 3.366e-17
5001.453 3.350e-17
5002.330 3.333e-17
5003.207 3.316e-17
5004.083 3.299e-17
5004.960 3.282e-17
5005.837 3.638e-17
5006.713 3.252e-17
5007.590 3.245e-17
5008.467 3.238e-17
5009.343 3.231e-17
5010.220 3.223e-17
5011.097 3.216e-17
5011.973 3.209e-17
5012.850 3.202e-17
5013.727 3.194e-17
5014.603 3.187e-17
5015.480 3.180e-17
5016.357 3.173e-17
5017.233 3.182e-17
5018.110 3.192e-17
5018.987 3.203e-17
5019.863 3.214e-17
5020.740 3.224e-17
5021.617 3.234e-17
5022.493 3.245e-17
5023.370 3.256e-17
5024.247 3.266e-17
5025.123 3.276e-17
5026.000 3.283e-17
5026.877 3.294e-17
5027.753 3.299e-17
5028.630 3.303e-17
5029.507 3.307e-17
5030.383 3.312e-17
5031.260 3.317e-17
5032.137 3.321e-17
5033.013 3.326e-17
5033.890 3.331e-17
5034.767 3.335e-17
5035.643 3.338e-17
5036.520 3.342e-17
5037.397 3.333e-17
5038.273 3.323e-17
5039.150 3.288e-17
5040.027 3.303e-17
5040.903 3.290e-17
5041.780 3.283e-17
5042.657 3.273e-17
5043.533 3.251e-17
5044.410 3.249e-17
5045.287 3.241e-17
5046.163 3.234e-17
5047.040 3.243e-17
5047.917 3.260e-17
5048.793 3.275e-17
5049.670 3.292e-17
5050.547 3.309e-17
5051.423 3.324e-17
5052.300 3.341e-17
5053.177 3.357e-17
5054.053 3.373e-17
5054.930 3.390e-17
5055.807 3.406e-17
5056.683 3.415e-17
5057.560 3.409e-17
5058.437 3.405e-17
5059.313 3.399e-17
5060.190 3.395e-17
5061.067 3.389e-17
5061.943 3.384e-17
5062.820 3.379e-17
5063.697 3.372e-17
5064.573 3.369e-17
5065.450 3.364e-17
5066.327 3.359e-17
5067.203 3.349e-17
5068.080 3.342e-17
5068.957 3.334e-17
5069.833 3.326e-17
5070.710 3.317e-17
5071.587 3.302e-17
5072.463 3.300e-17
5073.340 3.293e-17
5074.217 3.281e-17
5075.093 3.276e-17
5075.970 3.268e-17
5076.847 3.265e-17
5077.723 3.263e-17
5078.600 3.267e-17
5079.477 3.268e-17
5080.353 3.268e-17
5081.230 3.270e-17
5082.107 3.271e-17
5082.983 3.272e-17
5083.860 3.273e-17
5084.737 3.274e-17
5085.613 3.271e-17
5086.490 3.276e-17
5087.367 3.275e-17
5088.243 3.274e-17
5089.120 3.273e-17
5089.997 3.272e-17
5090.873 3.271e-17
5091.750 3.270e-17
5092.627 3.269e-17
5093.503 3.267e-17
5094.380 3.266e-17
5095.257 3.263e-17
5096.133 3.264e-17
5097.010 3.266e-17
5097.887 3.269e-17
5098.763 3.273e-17
5099.640 3.277e-17
5100.517 3.280e-17
5101.393 3.284e-17
5102.270 3.287e-17
5103.147 3.289e-17
5104.023 3.294e-17
5104.900 3.298e-17
5105.777 3.302e-17
5106.653 3.306e-17
5107.530 3.312e-17
5108.407 3.318e-17
5109.283 3.324e-17
5110.160 3.331e-17
5111.037 3.337e-17
5111.913 3.343e-17
5112.790 3.349e-17
5113.667 3.355e-17
5114.543 3.361e-17
5115.420 3.367e-17
5116.297 3.373e-17
5117.173 3.358e-17
5118.050 3.339e-17
5118.927 3.321e-17
5119.803 3.303e-17
5120.680 3.284e-17
5121.557 3.266e-17
5122.433 3.248e-17
5123.310 3.230e-17
5124.187 3.211e-17
5125.063 3.193e-17
5125.940 3.175e-17
5126.817 3.165e-17
5127.693 3.163e-17
5128.570 3.162e-17
5129.447 3.160e-17
5130.323 3.159e-17
5131.200 3.157e-17
5132.077 3.156e-17
5132.953 3.154e-17
5133.830 3.152e-17
5134.707 3.151e-17
5135.583 3.149e-17
5136.460 3.148e-17
5137.337 3.149e-17
5138.213 3.150e-17
5139.090 3.151e-17
5139.967 3.152e-17
5140.843 3.153e-17
5141.720 3.154e-17
5142.597 3.155e-17
5143.473 3.156e-17
5144.350 3.157e-17
5145.227 3.158e-17
5146.103 3.159e-17
5146.980 3.162e-17
5147.857 3.164e-17
5148.733 3.167e-17
5149.610 3.170e-17
5150.487 3.172e-17
5151.363 3.175e-17
5152.240 3.178e-17
5153.117 3.181e-17
5153.993 3.183e-17
5154.870 3.186e-17
5155.747 3.189e-17
5156.623 3.183e-17
5157.500 3.151e-17
5158.377 3.120e-17
5159.253 3.088e-17
5160.130 3.056e-17
5161.007 3.025e-17
5161.883 2.993e-17
5162.760 2.962e-17
5163.637 2.930e-17
5164.513 2.899e-17
5165.390 2.867e-17
5166.267 2.835e-17
5167.143 2.837e-17
5168.020 2.844e-17
5168.897 2.851e-17
5169.773 2.858e-17
5170.650 2.864e-17
5171.527 2.871e-17
5172.403 2.878e-17
5173.280 2.885e-17
5174.157 2.892e-17
5175.033 2.899e-17
5175.910 2.906e-17
5176.787 2.906e-17
5177.663 2.895e-17
5178.540 2.885e-17
5179.417 2.875e-17
5180.293 2.865e-17
5181.170 2.855e-17
5182.047 2.844e-17
5182.923 2.834e-17
5183.800 2.824e-17
5184.677 2.814e-17
5185.553 2.804e-17
5186.430 2.795e-17
5187.307 2.817e-17
5188.183 2.839e-17
5189.060 2.861e-17
5189.937 2.884e-17
5190.813 2.906e-17
5191.690 2.928e-17
5192.567 2.950e-17
5193.443 2.973e-17
5194.320 2.995e-17
5195.197 3.017e-17
5196.073 3.039e-17
5196.950 3.050e-17
5197.827 3.049e-17
5198.703 3.049e-17
5199.580 3.049e-17
5200.457 3.048e-17
5201.333 3.048e-17
5202.210 3.048e-17
5203.087 3.047e-17
5203.963 3.047e-17
5204.840 3.047e-17
5205.717 3.046e-17
5206.593 3.047e-17
5207.470 3.056e-17
5208.347 3.065e-17
5209.223 3.074e-17
5210.100 3.083e-17
5210.977 3.092e-17
5211.853 3.101e-17
5212.730 3.110e-17
5213.607 3.119e-17
5214.483 3.128e-17
5215.360 3.137e-17
5216.237 3.146e-17
5217.113 3.141e-17
5217.990 3.129e-17
5218.867 3.537e-17
5219.743 3.106e-17
5220.620 3.094e-17
5221.497 3.082e-17
5222.373 3.070e-17
5223.250 3.058e-17
5224.127 3.047e-17
5225.003 3.035e-17
5225.880 3.023e-17
5226.757 3.019e-17
5227.633 3.028e-17
5228.510 3.036e-17
5229.387 3.044e-17
5230.263 3.053e-17
5231.140 3.061e-17
5232.017 3.069e-17
5232.893 3.078e-17
5233.770 3.086e-17
5234.647 3.094e-17
5235.523 3.102e-17
5236.400 3.111e-17
5237.277 3.118e-17
5238.153 3.125e-17
5239.030 3.133e-17
5239.907 3.140e-17
5240.783 3.148e-17
5241.660 3.154e-17
5242.537 3.162e-17
5243.413 3.170e-17
5244.290 3.177e-17
5245.167 3.184e-17
5246.043 3.192e-17
5246.920 3.193e-17
5247.797 3.189e-17
5248.673 3.184e-17
5249.550 3.180e-17
5250.427 3.175e-17
5251.303 4.339e-17
5252.180 3.166e-17
5253.057 3.161e-17
5253.933 3.157e-17
5254.810 3.152e-17
5255.687 3.181e-17
5256.563 3.141e-17
5257.440 3.543e-17
5258.317 3.099e-17
5259.193 3.039e-17
5260.070 3.005e-17
5260.947 2.971e-17
5261.823 2.937e-17
5262.700 3.266e-17
5263.577 2.870e-17
5264.453 2.836e-17
5265.330 2.802e-17
5266.207 2.768e-17
5267.083 2.769e-17
5267.960 2.788e-17
5268.837 2.808e-17
5269.713 2.826e-17
5270.590 2.845e-17
5271.467 2.864e-17
5272.343 2.883e-17
5273.220 2.902e-17
5274.097 2.921e-17
5274.973 2.940e-17
5275.850 2.959e-17
5276.727 2.975e-17
5277.603 5.176e-17
5278.480 2.990e-17
5279.357 2.999e-17
5280.233 3.007e-17
5281.110 3.015e-17
5281.987 3.023e-17
5282.863 3.030e-17
5283.740 3.038e-17
5284.617 3.046e-17
5285.493 3.054e-17
5286.370 3.062e-17
5287.247 3.065e-17
5288.123 3.066e-17
5289.000 3.068e-17
5289.877 3.070e-17
5290.753 3.072e-17
5291.630 3.073e-17
5292.507 3.075e-17
5293.383 3.077e-17
5294.260 3.079e-17
5295.137 3.080e-17
5296.013 3.082e-17
5296.890 3.085e-17
5297.767 3.088e-17
5298.643 3.091e-17
5299.520 3.095e-17
5300.397 3.098e-17
5301.273 3.102e-17
5302.150 3.105e-17
5303.027 3.108e-17
5303.903 3.112e-17
5304.780 3.115e-17
5305.657 3.118e-17
5306.533 3.122e-17
5307.410 3.122e-17
5308.287 3.123e-17
5309.163 3.123e-17
5310.040 3.124e-17
5310.917 3.124e-17
5311.793 3.125e-17
5312.670 3.125e-17
5313.547 3.126e-17
5314.423 3.126e-17
5315.300 3.127e-17
5316.177 3.127e-17
5317.053 3.112e-17
5317.930 3.087e-17
5318.807 3.062e-17
5319.683 3.037e-17
5320.560 3.012e-17
5321.437 2.987e-17
5322.313 2.962e-17
5323.190 2.937e-17
5324.067 2.912e-17
5324.943 2.887e-17
5325.820 2.862e-17
5326.697 2.896e-17
5327.573 2.865e-17
5328.450 2.884e-17
5329.327 2.902e-17
5330.203 2.921e-17
5331.080 2.958e-17
5331.957 4.554e-17
5332.833 2.976e-17
5333.710 2.994e-17
5334.587 3.013e-17
5335.463 3.031e-17
5336.340 3.049e-17
5337.217 3.046e-17
5338.093 3.037e-17
5338.970 3.028e-17
5339.847 3.019e-17
5340.723 3.010e-17
5341.600 3.002e-17
5342.477 2.993e-17
5343.353 2.984e-17
5344.230 2.975e-17
5345.107 2.967e-17
5345.983 2.958e-17
5346.860 2.959e-17
5347.737 2.975e-17
5348.613 2.991e-17
5349.490 3.007e-17
5350.367 3.022e-17
5351.243 3.038e-17
5352.120 3.054e-17
5352.997 3.070e-17
5353.873 3.085e-17
5354.750 3.101e-17
5355.627 3.392e-17
5356.503 3.132e-17
5357.380 3.117e-17
5358.257 3.101e-17
5359.133 3.086e-17
5360.010 3.070e-17
5360.887 3.055e-17
5361.763 3.040e-17
5362.640 3.024e-17
5363.517 3.009e-17
5364.393 2.993e-17
5365.270 2.978e-17
5366.147 2.963e-17
5367.023 2.957e-17
5367.900 2.957e-17
5368.777 2.958e-17
5369.653 2.959e-17
5370.530 2.959e-17
5371.407 2.960e-17
5372.283 2.961e-17
5373.160 2.961e-17
5374.037 2.962e-17
5374.913 2.963e-17
5375.790 2.963e-17
5376.667 2.964e-17
5377.543 2.966e-17
5378.420 2.968e-17
5379.297 2.970e-17
5380.173 2.972e-17
5381.050 2.974e-17
5381.927 2.976e-17
5382.803 2.978e-17
5383.680 2.980e-17
5384.557 2.981e-17
5385.433 2.983e-17
5386.310 2.985e-17
5387.187 2.978e-17
5388.063 2.969e-17
5388.940 2.959e-17
5389.817 2.949e-17
5390.693 2.940e-17
5391.570 2.930e-17
5392.447 2.920e-17
5393.323 2.911e-17
5394.200 2.901e-17
5395.077 2.892e-17
5395.953 2.882e-17
5396.830 2.873e-17
5397.707 2.864e-17
5398.583 2.856e-17
5399.460 2.846e-17
5400.337 2.839e-17
5401.213 2.831e-17
5402.090 2.822e-17
5402.967 2.813e-17
5403.843 2.803e-17
5404.720 2.797e-17
5405.597 2.788e-17
5406.473 2.780e-17
5407.350 2.792e-17
5408.227 2.804e-17
5409.103 2.817e-17
5409.980 2.830e-17
5410.857 2.842e-17
5411.733 2.856e-17
5412.610 2.868e-17
5413.487 2.881e-17
5414.363 2.893e-17
5415.240 2.907e-17
5416.117 2.919e-17
5416.993 2.920e-17
5417.870 2.913e-17
5418.747 2.904e-17
5419.623 2.898e-17
5420.500 2.890e-17
5421.377 2.882e-17
5422.253 2.874e-17
5423.130 2.867e-17
5424.007 2.860e-17
5424.883 2.852e-17
5425.760 2.844e-17
5426.637 2.839e-17
5427.513 2.844e-17
5428.390 2.850e-17
5429.267 2.856e-17
5430.143 2.859e-17
5431.020 2.867e-17
5431.897 2.873e-17
5432.773 2.879e-17
5433.650 2.885e-17
5434.527 2.890e-17
5435.403 2.894e-17
5436.280 2.899e-17
5437.157 2.897e-17
5438.033 2.902e-17
5438.910 2.901e-17
5439.787 2.901e-17
5440.663 2.901e-17
5441.540 2.902e-17
5442.417 2.903e-17
5443.293 2.903e-17
5444.170 2.904e-17
5445.047 2.904e-17
5445.923 2.905e-17
5446.800 2.907e-17
5447.677 2.910e-17
5448.553 2.913e-17
5449.430 2.917e-17
5450.307 2.920e-17
5451.183 2.924e-17
5452.060 2.927e-17
5452.937 2.931e-17
5453.813 2.934e-17
5454.690 2.937e-17
5455.567 2.941e-17
5456.443 2.944e-17
5457.320 2.942e-17
5458.197 2.941e-17
5459.073 2.938e-17
5459.950 2.936e-17
5460.827 2.934e-17
5461.703 2.933e-17
5462.580 2.931e-17
5463.457 2.927e-17
5464.333 2.926e-17
5465.210 2.924e-17
5466.087 2.923e-17
5466.963 2.920e-17
5467.840 2.915e-17
5468.717 2.910e-17
5469.593 2.905e-17
5470.470 2.900e-17
5471.347 2.895e-17
5472.223 2.891e-17
5473.100 2.886e-17
5473.977 2.881e-17
5474.853 2.876e-17
5475.730 2.871e-17
5476.607 2.868e-17
5477.483 2.872e-17
5478.360 2.875e-17
5479.237 2.878e-17
5480.113 2.885e-17
5480.990 2.889e-17
5481.867 2.892e-17
5482.743 2.897e-17
5483.620 2.902e-17
5484.497 2.906e-17
5485.373 2.911e-17
5486.250 2.915e-17
5487.127 2.919e-17
5488.003 2.924e-17
5488.880 2.928e-17
5489.757 2.933e-17
5490.633 2.938e-17
5491.510 2.939e-17
5492.387 2.942e-17
5493.263 2.944e-17
5494.140 2.945e-17
5495.017 2.947e-17
5495.893 2.948e-17
5496.770 2.947e-17
5497.647 2.941e-17
5498.523 2.935e-17
5499.400 2.929e-17
5500.277 2.922e-17
5501.153 2.916e-17
5502.030 2.911e-17
5502.907 2.905e-17
5503.783 2.899e-17
5504.660 2.893e-17
5505.537 2.888e-17
5506.413 2.882e-17
5507.290 2.881e-17
5508.167 2.880e-17
5509.043 2.879e-17
5509.920 2.878e-17
5510.797 2.878e-17
5511.673 2.877e-17
5512.550 2.876e-17
5513.427 2.875e-17
5514.303 2.875e-17
5515.180 2.874e-17
5516.057 2.873e-17
5516.933 2.870e-17
5517.810 2.866e-17
5518.687 2.861e-17
5519.563 2.856e-17
5520.440 2.851e-17
5521.317 2.847e-17
5522.193 2.842e-17
5523.070 2.837e-17
5523.947 2.832e-17
5524.823 2.828e-17
5525.700 2.823e-17
5526.577 2.819e-17
5527.453 2.821e-17
5528.330 2.824e-17
5529.207 2.826e-17
5530.083 2.828e-17
5530.960 2.831e-17
5531.837 2.833e-17
5532.713 2.835e-17
5533.590 2.838e-17
5534.467 2.840e-17
5535.343 2.842e-17
5536.220 2.845e-17
5537.097 2.845e-17
5537.973 2.845e-17
5538.850 2.847e-17
5539.727 2.849e-17
5540.603 2.851e-17
5541.480 2.852e-17
5542.357 2.854e-17
5543.233 2.856e-17
5544.110 2.858e-17
5544.987 3.477e-17
5545.863 2.861e-17
5546.740 2.862e-17
5547.617 2.862e-17
5548.493 2.862e-17
5549.370 2.861e-17
5550.247 2.861e-17
5551.123 2.861e-17
5552.000 2.861e-17
5552.877 2.860e-17
5553.753 2.860e-17
5554.630 2.860e-17
5555.507 2.859e-17
5556.383 2.859e-17
5557.260 2.851e-17
5558.137 2.842e-17
5559.013 2.834e-17
5559.890 2.825e-17
5560.767 2.816e-17
5561.643 2.807e-17
5562.520 2.798e-17
5563.397 2.789e-17
5564.273 2.780e-17
5565.150 2.771e-17
5566.027 2.762e-17
5566.903 2.758e-17
5567.780 2.761e-17
5568.657 2.764e-17
5569.533 2.766e-17
5570.410 2.769e-17
5571.287 2.772e-17
5572.163 2.774e-17
5573.040 2.777e-17
5573.917 2.780e-17
5574.793 2.782e-17
5575.670 2.785e-17
5576.547 2.787e-17
5577.423 2.780e-17
5578.300 2.773e-17
5579.177 2.766e-17
5580.053 2.759e-17
5580.930 2.752e-17
5581.807 2.745e-17
5582.683 2.738e-17
5583.560 2.731e-17
5584.437 2.724e-17
5585.313 2.717e-17
5586.190 2.710e-17
5587.067 2.709e-17
5587.943 2.711e-17
5588.820 2.713e-17
5589.697 2.715e-17
5590.573 2.718e-17
5591.450 2.720e-17
5592.327 2.722e-17
5593.203 2.724e-17
5594.080 2.726e-17
5594.957 2.728e-17
5595.833 2.730e-17
5596.710 2.733e-17
5597.587 2.737e-17
5598.463 2.740e-17
5599.340 5.586e-17
5600.217 2.748e-17
5601.093 2.752e-17
5601.970 2.755e-17
5602.847 2.759e-17
5603.723 2.763e-17
5604.600 2.766e-17
5605.477 2.770e-17
5606.353 2.774e-17
5607.230 2.773e-17
5608.107 2.771e-17
5608.983 2.768e-17
5609.860 2.766e-17
5610.737 2.763e-17
5611.613 2.761e-17
5612.490 2.758e-17
5613.367 2.756e-17
5614.243 2.753e-17
5615.120 2.751e-17
5615.997 2.748e-17
5616.873 2.748e-17
5617.750 2.750e-17
5618.627 2.753e-17
5619.503 2.755e-17
5620.380 2.758e-17
5621.257 2.761e-17
5622.133 2.764e-17
5623.010 2.766e-17
5623.887 2.769e-17
5624.763 2.772e-17
5625.640 2.774e-17
5626.517 2.777e-17
5627.393 2.778e-17
5628.270 2.779e-17
5629.147 2.780e-17
5630.023 2.781e-17
5630.900 2.782e-17
5631.777 2.783e-17
5632.653 2.784e-17
5633.530 2.785e-17
5634.407 2.786e-17
5635.283 2.787e-17
5636.160 2.788e-17
5637.037 2.788e-17
5637.913 2.786e-17
5638.790 2.785e-17
5639.667 2.784e-17
5640.543 2.783e-17
5641.420 2.782e-17
5642.297 2.781e-17
5643.173 2.780e-17
5644.050 2.779e-17
5644.927 2.778e-17
5645.803 2.777e-17
5646.680 3.021e-17
5647.557 2.768e-17
5648.433 2.762e-17
5649.310 2.755e-17
5650.187 2.749e-17
5651.063 2.742e-17
5651.940 2.735e-17
5652.817 2.729e-17
5653.693 2.722e-17
5654.570 2.715e-17
5655.447 2.709e-17
5656.323 2.702e-17
5657.200 2.702e-17
5658.077 2.706e-17
5658.953 2.709e-17
5659.830 2.712e-17
5660.707 2.715e-17
5661.583 2.718e-17
5662.460 2.722e-17
5663.337 2.725e-17
5664.213 2.728e-17
5665.090 2.731e-17
5665.967 2.734e-17
5666.843 2.738e-17
5667.720 2.744e-17
5668.597 2.750e-17
5669.473 2.757e-17
5670.350 2.763e-17
5671.227 3.071e-17
5672.103 2.775e-17
5672.980 2.781e-17
5673.857 2.787e-17
5674.733 2.794e-17
5675.610 2.799e-17
5676.487 2.806e-17
5677.363 2.799e-17
5678.240 2.790e-17
5679.117 2.781e-17
5679.993 2.772e-17
5680.870 2.763e-17
5681.747 2.754e-17
5682.623 2.745e-17
5683.500 2.736e-17
5684.377 2.724e-17
5685.253 2.717e-17
5686.130 2.709e-17
5687.007 2.696e-17
5687.883 2.710e-17
5688.760 2.717e-17
5689.637 2.722e-17
5690.513 2.727e-17
5691.390 2.732e-17
5692.267 2.737e-17
5693.143 2.743e-17
5694.020 2.722e-17
5694.897 2.753e-17
5695.773 2.755e-17
5696.650 2.763e-17
5697.527 2.741e-17
5698.403 3.052e-17
5699.280 2.730e-17
5700.157 2.719e-17
5701.033 2.708e-17
5701.910 2.699e-17
5702.787 2.689e-17
5703.663 2.678e-17
5704.540 2.668e-17
5705.417 2.657e-17
5706.293 2.647e-17
5707.170 2.647e-17
5708.047 2.652e-17
5708.923 2.658e-17
5709.800 2.664e-17
5710.677 2.669e-17
5711.553 2.675e-17
5712.430 2.679e-17
5713.307 2.686e-17
5714.183 2.691e-17
5715.060 2.697e-17
5715.937 2.703e-17
5716.813 2.709e-17
5717.690 2.716e-17
5718.567 2.723e-17
5719.443 2.730e-17
5720.320 2.738e-17
5721.197 2.729e-17
5722.073 2.744e-17
5722.950 2.759e-17
5723.827 2.765e-17
5724.703 2.774e-17
5725.580 2.780e-17
5726.457 2.789e-17
5727.333 2.788e-17
5728.210 2.785e-17
5729.087 2.784e-17
5729.963 2.781e-17
5730.840 2.779e-17
5731.717 2.776e-17
5732.593 2.775e-17
5733.470 2.773e-17
5734.347 2.771e-17
5735.223 2.768e-17
5736.100 2.767e-17
5736.977 2.765e-17
5737.853 2.764e-17
5738.730 2.762e-17
5739.607 2.761e-17
5740.483 2.760e-17
5741.360 2.759e-17
5742.237 2.757e-17
5743.113 2.756e-17
5743.990 2.755e-17
5744.867 2.754e-17
5745.743 2.752e-17
5746.620 2.748e-17
5747.497 2.745e-17
5748.373 2.742e-17
5749.250 2.737e-17
5750.127 2.734e-17
5751.003 2.729e-17
5751.880 2.725e-17
5752.757 2.720e-17
5753.633 2.715e-17
5754.510 2.705e-17
5755.387 2.706e-17
5756.263 2.701e-17
5757.140 2.700e-17
5758.017 2.702e-17
5758.893 2.703e-17
5759.770 2.705e-17
5760.647 2.705e-17
5761.523 2.707e-17
5762.400 2.709e-17
5763.277 2.709e-17
5764.153 2.711e-17
5765.030 2.708e-17
5765.907 2.714e-17
5766.783 2.715e-17
5767.660 2.716e-17
5768.537 2.717e-17
5769.413 2.718e-17
5770.290 2.719e-17
5771.167 2.719e-17
5772.043 2.720e-17
5772.920 2.720e-17
5773.797 2.722e-17
5774.673 2.722e-17
5775.550 2.724e-17
5776.427 2.725e-17
5777.303 2.718e-17
5778.180 2.710e-17
5779.057 2.701e-17
5779.933 2.693e-17
5780.810 2.685e-17
5781.687 2.676e-17
5782.563 2.668e-17
5783.440 2.659e-17
5784.317 2.652e-17
5785.193 2.644e-17
5786.070 2.635e-17
5786.947 2.632e-17
5787.823 2.637e-17
5788.700 2.641e-17
5789.577 2.647e-17
5790.453 2.651e-17
5791.330 2.656e-17
5792.207 2.661e-17
5793.083 2.666e-17
5793.960 2.671e-17
5794.837 2.676e-17
5795.713 2.681e-17
5796.590 2.686e-17
5797.467 2.688e-17
5798.343 2.689e-17
5799.220 2.690e-17
5800.097 2.690e-17
5800.973 2.692e-17
5801.850 2.694e-17
5802.727 2.695e-17
5803.603 2.696e-17
5804.480 2.697e-17
5805.357 2.698e-17
5806.233 2.700e-17
5807.110 2.701e-17
5807.987 2.703e-17
5808.863 2.705e-17
5809.740 2.706e-17
5810.617 2.708e-17
5811.493 2.710e-17
5812.370 2.712e-17
5813.247 2.713e-17
5814.123 2.715e-17
5815.000 2.716e-17
5815.877 2.718e-17
5816.753 2.720e-17
5817.630 2.722e-17
5818.507 2.724e-17
5819.383 2.726e-17
5820.260 2.729e-17
5821.137 2.731e-17
5822.013 2.733e-17
5822.890 2.735e-17
5823.767 2.737e-17
5824.643 2.739e-17
5825.520 2.741e-17
5826.397 2.743e-17
5827.273 2.742e-17
5828.150 2.741e-17
5829.027 2.739e-17
5829.903 2.736e-17
5830.780 2.735e-17
5831.657 2.732e-17
5832.533 2.731e-17
5833.410 2.729e-17
5834.287 2.727e-17
5835.163 2.725e-17
5836.040 2.723e-17
5836.917 2.722e-17
5837.793 2.722e-17
5838.670 2.722e-17
5839.547 2.723e-17
5840.423 2.723e-17
5841.300 2.723e-17
5842.177 2.723e-17
5843.053 2.723e-17
5843.930 2.723e-17
5844.807 2.723e-17
5845.683 2.723e-17
5846.560 2.723e-17
5847.437 2.715e-17
5848.313 2.706e-17
5849.190 2.698e-17
5850.067 2.689e-17
5850.943 2.680e-17
5851.820 2.671e-17
5852.697 2.662e-17
5853.573 2.654e-17
5854.450 2.645e-17
5855.327 2.637e-17
5856.203 2.626e-17
5857.080 2.627e-17
5857.957 2.631e-17
5858.833 2.636e-17
5859.710 2.641e-17
5860.587 2.645e-17
5861.463 2.650e-17
5862.340 2.655e-17
5863.217 2.654e-17
5864.093 2.665e-17
5864.970 2.669e-17
5865.847 2.674e-17
5866.723 2.678e-17
5867.600 5.396e-17
5868.477 2.682e-17
5869.353 2.683e-17
5870.230 2.684e-17
5871.107 4.827e-17
5871.983 2.687e-17
5872.860 2.685e-17
5873.737 2.690e-17
5874.613 2.692e-17
5875.490 2.693e-17
5876.367 2.695e-17
5877.243 2.676e-17
5878.120 2.667e-17
5878.997 2.660e-17
5879.873 2.654e-17
5880.750 2.640e-17
5881.627 2.627e-17
5882.503 2.608e-17
5883.380 2.604e-17
5884.257 2.597e-17
5885.133 2.586e-17
5886.010 2.575e-17
5886.887 2.563e-17
5887.763 2.544e-17
5888.640 2.530e-17
5889.517 2.507e-17
5890.393 2.488e-17
5891.270 2.404e-17
5892.147 2.469e-17
5893.023 2.451e-17
5893.900 2.434e-17
5894.777 2.419e-17
5895.653 2.408e-17
5896.530 2.383e-17
5897.407 2.412e-17
5898.283 2.429e-17
5899.160 2.442e-17
5900.037 2.467e-17
5900.913 2.496e-17
5901.790 2.507e-17
5902.667 2.538e-17
5903.543 2.560e-17
5904.420 2.579e-17
5905.297 2.697e-17
5906.173 2.625e-17
5907.050 2.625e-17
5907.927 2.626e-17
5908.803 2.625e-17
5909.680 2.621e-17
5910.557 2.606e-17
5911.433 2.617e-17
5912.310 2.595e-17
5913.187 2.610e-17
5914.063 2.606e-17
5914.940 2.603e-17
5915.817 2.564e-17
5916.693 2.595e-17
5917.570 2.597e-17
5918.447 2.599e-17
5919.323 2.602e-17
5920.200 2.595e-17
5921.077 2.602e-17
5921.953 2.607e-17
5922.830 2.603e-17
5923.707 2.609e-17
5924.583 2.612e-17
5925.460 2.550e-17
5926.337 8.519e-17
5927.213 2.614e-17
5928.090 2.613e-17
5928.967 2.612e-17
5929.843 2.598e-17
5930.720 2.599e-17
5931.597 2.606e-17
5932.473 2.603e-17
5933.350 2.601e-17
5934.227 2.598e-17
5935.103 2.597e-17
5935.980 2.595e-17
5936.857 2.586e-17
5937.733 2.590e-17
5938.610 2.588e-17
5939.487 2.583e-17
5940.363 2.581e-17
5941.240 2.578e-17
5942.117 2.550e-17
5942.993 2.568e-17
5943.870 2.561e-17
5944.747 2.565e-17
5945.623 2.562e-17
5946.500 2.556e-17
5947.377 2.547e-17
5948.253 2.554e-17
5949.130 2.557e-17
5950.007 2.560e-17
5950.883 2.525e-17
5951.760 2.554e-17
5952.637 2.550e-17
5953.513 2.561e-17
5954.390 2.561e-17
5955.267 2.562e-17
5956.143 2.562e-17
5957.020 2.563e-17
5957.897 2.562e-17
5958.773 2.565e-17
5959.650 2.562e-17
5960.527 2.567e-17
5961.403 2.571e-17
5962.280 2.574e-17
5963.157 2.571e-17
5964.033 2.573e-17
5964.910 2.579e-17
5965.787 2.581e-17
5966.663 2.579e-17
5967.540 2.576e-17
5968.417 2.570e-17
5969.293 2.560e-17
5970.170 2.567e-17
5971.047 2.565e-17
5971.923 8.904e-17
5972.800 2.558e-17
5973.677 2.556e-17
5974.553 2.553e-17
5975.430 2.549e-17
5976.307 2.546e-17
5977.183 2.543e-17
5978.060 2.538e-17
5978.937 2.534e-17
5979.813 2.530e-17
5980.690 2.529e-17
5981.567 2.527e-17
5982.443 2.523e-17
5983.320 2.518e-17
5984.197 2.518e-17
5985.073 2.515e-17
5985.950 2.508e-17
5986.827 2.498e-17
5987.703 2.511e-17
5988.580 2.510e-17
5989.457 2.513e-17
5990.333 2.512e-17
5991.210 2.515e-17
5992.087 2.514e-17
5992.963 2.518e-17
5993.840 2.518e-17
5994.717 2.514e-17
5995.593 2.517e-17
5996.470 2.522e-17
5997.347 2.520e-17
5998.223 2.516e-17
5999.100 2.510e-17
5999.977 2.508e-17
6000.853 2.506e-17
6001.730 2.501e-17
6002.607 2.499e-17
6003.483 2.495e-17
6004.360 2.489e-17
6005.237 2.489e-17
6006.113 2.485e-17
6006.990 2.483e-17
6007.867 2.483e-17
6008.743 2.483e-17
6009.620 2.484e-17
6010.497 2.484e-17
6011.373 2.484e-17
6012.250 2.484e-17
6013.127 2.483e-17
6014.003 2.485e-17
6014.880 2.485e-17
6015.757 2.485e-17
6016.633 2.484e-17
6017.510 2.472e-17
6018.387 2.478e-17
6019.263 2.474e-17
6020.140 2.471e-17
6021.017 2.467e-17
6021.893 2.463e-17
6022.770 2.460e-17
6023.647 2.456e-17
6024.523 2.453e-17
6025.400 2.449e-17
6026.277 2.445e-17
6027.153 2.447e-17
6028.030 2.453e-17
6028.907 2.461e-17
6029.783 2.468e-17
6030.660 2.475e-17
6031.537 2.482e-17
6032.413 2.489e-17
6033.290 2.496e-17
6034.167 2.503e-17
6035.043 2.510e-17
6035.920 3.393e-17
6036.797 2.523e-17
6037.673 2.521e-17
6038.550 2.520e-17
6039.427 2.519e-17
6040.303 2.517e-17
6041.180 2.516e-17
6042.057 2.515e-17
6042.933 2.513e-17
6043.810 2.512e-17
6044.687 2.510e-17
6045.563 2.509e-17
6046.440 2.508e-17
6047.317 2.506e-17
6048.193 2.505e-17
6049.070 2.503e-17
6049.947 2.501e-17
6050.823 2.500e-17
6051.700 2.498e-17
6052.577 2.497e-17
6053.453 2.495e-17
6054.330 2.493e-17
6055.207 2.492e-17
6056.083 2.490e-17
6056.960 2.489e-17
6057.837 2.488e-17
6058.713 2.488e-17
6059.590 2.487e-17
6060.467 2.486e-17
6061.343 2.486e-17
6062.220 2.485e-17
6063.097 2.485e-17
6063.973 2.484e-17
6064.850 2.483e-17
6065.727 2.483e-17
6066.603 2.482e-17
6067.480 2.482e-17
6068.357 2.481e-17
6069.233 2.481e-17
6070.110 2.481e-17
6070.987 2.480e-17
6071.863 2.480e-17
6072.740 2.479e-17
6073.617 2.479e-17
6074.493 2.479e-17
6075.370 2.478e-17
6076.247 2.478e-17
6077.123 2.477e-17
6078.000 2.475e-17
6078.877 2.473e-17
6079.753 2.472e-17
6080.630 2.470e-17
6081.507 2.468e-17
6082.383 2.466e-17
6083.260 2.464e-17
6084.137 2.462e-17
6085.013 2.460e-17
6085.890 2.459e-17
6086.767 2.457e-17
6087.643 2.457e-17
6088.520 2.456e-17
6089.397 2.456e-17
6090.273 2.456e-17
6091.150 2.456e-17
6092.027 2.456e-17
6092.903 2.455e-17
6093.780 2.455e-17
6094.657 2.455e-17
6095.533 2.455e-17
6096.410 2.455e-17
6097.287 2.451e-17
6098.163 2.447e-17
6099.040 2.442e-17
6099.917 2.438e-17
6100.793 2.433e-17
6101.670 2.428e-17
6102.547 2.424e-17
6103.423 2.419e-17
6104.300 2.415e-17
6105.177 2.410e-17
6106.053 2.406e-17
6106.930 2.403e-17
6107.807 2.407e-17
6108.683 2.412e-17
6109.560 2.416e-17
6110.437 2.420e-17
6111.313 2.424e-17
6112.190 2.428e-17
6113.067 2.432e-17
6113.943 2.437e-17
6114.820 2.441e-17
6115.697 2.445e-17
6116.573 2.449e-17
6117.450 2.446e-17
6118.327 2.441e-17
6119.203 2.436e-17
6120.080 2.432e-17
6120.957 2.427e-17
6121.833 2.423e-17
6122.710 2.418e-17
6123.587 2.413e-17
6124.463 2.409e-17
6125.340 2.404e-17
6126.217 2.399e-17
6127.093 2.396e-17
6127.970 2.393e-17
6128.847 2.390e-17
6129.723 2.388e-17
6130.600 2.385e-17
6131.477 2.382e-17
6132.353 2.380e-17
6133.230 2.377e-17
6134.107 2.374e-17
6134.983 2.372e-17
6135.860 2.369e-17
6136.737 2.367e-17
6137.613 2.370e-17
6138.490 3.649e-17
6139.367 2.375e-17
6140.243 2.378e-17
6141.120 5.117e-17
6141.997 2.383e-17
6142.873 2.386e-17
6143.750 2.389e-17
6144.627 2.392e-17
6145.503 2.394e-17
6146.380 2.397e-17
6147.257 2.398e-17
6148.133 2.397e-17
6149.010 2.397e-17
6149.887 2.397e-17
6150.763 2.396e-17
6151.640 2.396e-17
6152.517 2.396e-17
6153.393 2.395e-17
6154.270 2.395e-17
6155.147 2.394e-17
6156.023 2.394e-17
6156.900 2.391e-17
6157.777 2.384e-17
6158.653 2.369e-17
6159.530 2.358e-17
6160.407 2.346e-17
6161.283 2.335e-17
6162.160 2.324e-17
6163.037 2.313e-17
6163.913 2.302e-17
6164.790 2.291e-17
6165.667 2.279e-17
6166.543 2.268e-17
6167.420 2.274e-17
6168.297 2.284e-17
6169.173 2.294e-17
6170.050 2.304e-17
6170.927 2.313e-17
6171.803 2.323e-17
6172.680 2.333e-17
6173.557 2.343e-17
6174.433 2.352e-17
6175.310 2.362e-17
6176.187 2.372e-17
6177.063 2.378e-17
6177.940 4.196e-17
6178.817 2.381e-17
6179.693 2.382e-17
6180.570 2.383e-17
6181.447 2.385e-17
6182.323 2.386e-17
6183.200 2.387e-17
6184.077 2.389e-17
6184.953 2.390e-17
6185.830 2.391e-17
6186.707 2.393e-17
6187.583 2.390e-17
6188.460 2.388e-17
6189.337 2.386e-17
6190.213 2.384e-17
6191.090 2.382e-17
6191.967 2.379e-17
6192.843 2.377e-17
6193.720 2.375e-17
6194.597 4.885e-17
6195.473 2.370e-17
6196.350 2.368e-17
6197.227 2.369e-17
6198.103 2.371e-17
6198.980 2.373e-17
6199.857 2.376e-17
6200.733 2.378e-17
6201.610 2.380e-17
6202.487 2.383e-17
6203.363 2.385e-17
6204.240 2.387e-17
6205.117 2.389e-17
6205.993 2.392e-17
6206.870 2.393e-17
6207.747 2.387e-17
6208.623 2.382e-17
6209.500 2.377e-17
6210.377 2.372e-17
6211.253 2.367e-17
6212.130 2.362e-17
6213.007 2.357e-17
6213.883 2.352e-17
6214.760 5.534e-17
6215.637 2.342e-17
6216.513 2.337e-17
6217.390 2.338e-17
6218.267 2.339e-17
6219.143 2.341e-17
6220.020 2.343e-17
6220.897 2.345e-17
6221.773 2.347e-17
6222.650 2.349e-17
6223.527 1.376e-16
6224.403 2.352e-17
6225.280 2.354e-17
6226.157 2.356e-17
6227.033 2.355e-17
6227.910 2.350e-17
6228.787 2.344e-17
6229.663 2.339e-17
6230.540 2.334e-17
6231.417 2.328e-17
6232.293 2.323e-17
6233.170 2.318e-17
6234.047 2.312e-17
6234.923 2.307e-17
6235.800 2.302e-17
6236.677 2.296e-17
6237.553 2.295e-17
6238.430 2.293e-17
6239.307 2.292e-17
6240.183 2.290e-17
6241.060 2.288e-17
6241.937 9.817e-17
6242.813 2.285e-17
6243.690 2.284e-17
6244.567 2.282e-17
6245.443 1.330e-16
6246.320 2.279e-17
6247.197 2.277e-17
6248.073 2.273e-17
6248.950 2.271e-17
6249.827 2.268e-17
6250.703 2.265e-17
6251.580 2.262e-17
6252.457 2.259e-17
6253.333 2.256e-17
6254.210 2.253e-17
6255.087 2.250e-17
6255.963 2.247e-17
6256.840 2.245e-17
6257.717 2.252e-17
6258.593 2.318e-17
6259.470 2.264e-17
6260.347 2.270e-17
6261.223 2.276e-17
6262.100 2.282e-17
6262.977 2.288e-17
6263.853 2.294e-17
6264.730 2.301e-17
6265.607 2.307e-17
6266.483 2.313e-17
6267.360 2.314e-17
6268.237 2.313e-17
6269.113 2.313e-17
6269.990 3.487e-17
6270.867 2.312e-17
6271.743 2.311e-17
6272.620 2.311e-17
6273.497 2.310e-17
6274.373 2.307e-17
6275.250 2.309e-17
6276.127 2.309e-17
6277.003 2.298e-17
6277.880 2.308e-17
6278.757 2.293e-17
6279.633 2.291e-17
6280.510 2.290e-17
6281.387 2.303e-17
6282.263 2.292e-17
6283.140 2.302e-17
6284.017 2.303e-17
6284.893 2.304e-17
6285.770 2.302e-17
6286.647 2.301e-17
6287.523 2.277e-17
6288.400 2.298e-17
6289.277 2.294e-17
6290.153 2.293e-17
6291.030 2.275e-17
6291.907 2.151e-17
6292.783 2.286e-17
6293.660 2.282e-17
6294.537 2.274e-17
6295.413 2.279e-17
6296.290 2.275e-17
6297.167 2.271e-17
6298.043 2.688e-17
6298.920 2.263e-17
6299.797 2.264e-17
6300.673 2.260e-17
6301.550 2.259e-17
6302.427 2.256e-17
6303.303 2.253e-17
6304.180 2.249e-17
6305.057 2.247e-17
6305.933 2.244e-17
6306.810 2.241e-17
6307.687 2.231e-17
6308.563 2.234e-17
6309.440 2.232e-17
6310.317 3.078e-17
6311.193 2.222e-17
6312.070 2.224e-17
6312.947 2.225e-17
6313.823 2.225e-17
6314.700 2.224e-17
6315.577 2.226e-17
6316.453 2.225e-17
6317.330 2.226e-17
6318.207 2.225e-17
6319.083 2.224e-17
6319.960 2.227e-17
6320.837 2.227e-17
6321.713 2.215e-17
6322.590 2.228e-17
6323.467 2.228e-17
6324.343 2.227e-17
6325.220 2.228e-17
6326.097 2.228e-17
6326.973 2.229e-17
6327.850 2.229e-17
6328.727 2.230e-17
6329.603 2.230e-17
6330.480 2.229e-17
6331.357 2.211e-17
6332.233 2.231e-17
6333.110 2.231e-17
6333.987 2.230e-17
6334.863 2.230e-17
6335.740 2.231e-17
6336.617 2.231e-17
6337.493 2.231e-17
6338.370 2.231e-17
6339.247 2.230e-17
6340.123 2.231e-17
6341.000 2.231e-17
6341.877 2.227e-17
6342.753 2.231e-17
6343.630 2.231e-17
6344.507 2.231e-17
6345.383 2.231e-17
6346.260 2.231e-17
6347.137 2.231e-17
6348.013 2.231e-17
6348.890 2.229e-17
6349.767 2.231e-17
6350.643 2.231e-17
6351.520 2.231e-17
6352.397 2.228e-17
6353.273 2.228e-17
6354.150 2.229e-17
6355.027 2.229e-17
6355.903 2.229e-17
6356.780 2.229e-17
6357.657 2.228e-17
6358.533 2.228e-17
6359.410 2.227e-17
6360.287 2.227e-17
6361.163 2.224e-17
6362.040 2.226e-17
6362.917 2.223e-17
6363.793 2.225e-17
6364.670 2.225e-17
6365.547 2.787e-15
6366.423 2.224e-17
6367.300 2.224e-17
6368.177 2.224e-17
6369.053 2.223e-17
6369.930 2.223e-17
6370.807 2.222e-17
6371.683 2.222e-17
6372.560 2.222e-17
6373.437 2.220e-17
6374.313 2.221e-17
6375.190 2.219e-17
6376.067 2.220e-17
6376.943 2.219e-17
6377.820 2.219e-17
6378.697 2.219e-17
6379.573 2.218e-17
6380.450 2.218e-17
6381.327 2.217e-17
6382.203 2.217e-17
6383.080 2.216e-17
6383.957 2.216e-17
6384.833 2.215e-17
6385.710 2.215e-17
6386.587 2.214e-17
6387.463 2.214e-17
6388.340 4.155e-17
6389.217 2.212e-17
6390.093 2.212e-17
6390.970 2.212e-17
6391.847 2.211e-17
6392.723 2.209e-17
6393.600 2.207e-17
6394.477 2.205e-17
6395.353 2.203e-17
6396.230 2.199e-17
6397.107 2.198e-17
6397.983 2.196e-17
6398.860 2.194e-17
6399.737 2.192e-17
6400.613 2.189e-17
6401.490 2.187e-17
6402.367 2.185e-17
6403.243 2.183e-17
6404.120 2.181e-17
6404.997 2.178e-17
6405.873 2.176e-17
6406.750 2.174e-17
6407.627 2.172e-17
6408.503 2.169e-17
6409.380 2.167e-17
6410.257 2.165e-17
6411.133 2.163e-17
6412.010 2.161e-17
6412.887 2.161e-17
6413.763 2.161e-17
6414.640 2.161e-17
6415.517 5.340e-17
6416.393 2.161e-17
6417.270 2.161e-17
6418.147 2.161e-17
6419.023 2.161e-17
6419.900 2.161e-17
6420.777 2.161e-17
6421.653 2.161e-17
6422.530 2.161e-17
6423.407 2.161e-17
6424.283 2.161e-17
6425.160 2.161e-17
6426.037 2.161e-17
6426.913 2.161e-17
6427.790 2.162e-17
6428.667 2.161e-17
6429.543 2.162e-17
6430.420 2.162e-17
6431.297 2.161e-17
6432.173 2.161e-17
6433.050 2.162e-17
6433.927 2.162e-17
6434.803 2.159e-17
6435.680 2.162e-17
6436.557 2.162e-17
6437.433 2.162e-17
6438.310 2.162e-17
6439.187 2.162e-17
6440.063 2.162e-17
6440.940 2.162e-17
6441.817 2.162e-17
6442.693 2.162e-17
6443.570 2.162e-17
6444.447 2.162e-17
6445.323 2.159e-17
6446.200 2.161e-17
6447.077 2.160e-17
6447.953 2.162e-17
6448.830 2.161e-17
6449.707 2.151e-17
6450.583 2.162e-17
6451.460 2.160e-17
6452.337 2.161e-17
6453.213 2.157e-17
6454.090 2.158e-17
6454.967 2.154e-17
6455.843 2.150e-17
6456.720 2.153e-17
6457.597 2.152e-17
6458.473 2.150e-17
6459.350 2.148e-17
6460.227 2.147e-17
6461.103 2.145e-17
6461.980 2.137e-17
6462.857 2.142e-17
6463.733 2.135e-17
6464.610 2.139e-17
6465.487 2.135e-17
6466.363 2.135e-17
6467.240 2.133e-17
6468.117 2.125e-17
6468.993 2.131e-17
6469.870 2.129e-17
6470.747 2.128e-17
6471.623 2.125e-17
6472.500 2.125e-17
6473.377 2.122e-17
6474.253 2.071e-17
6475.130 2.114e-17
6476.007 2.113e-17
6476.883 2.067e-17
6477.760 2.102e-17
6478.637 2.105e-17
6479.513 2.103e-17
6480.390 2.101e-17
6481.267 2.081e-17
6482.143 2.095e-17
6483.020 2.093e-17
6483.897 2.091e-17
6484.773 2.087e-17
6485.650 2.060e-17
6486.527 2.076e-17
6487.403 2.071e-17
6488.280 2.077e-17
6489.157 2.069e-17
6490.033 2.072e-17
6490.910 2.038e-17
6491.787 2.067e-17
6492.663 2.041e-17
6493.540 2.072e-17
6494.417 2.072e-17
6495.293 2.075e-17
6496.170 2.142e-17
6497.047 2.079e-17
6497.923 2.080e-17
6498.800 2.084e-17
6499.677 2.085e-17
6500.553 4.033e-16
6501.430 2.090e-17
6502.307 2.092e-17
6503.183 2.093e-17
6504.060 2.096e-17
6504.937 2.099e-17
6505.813 2.100e-17
6506.690 2.103e-17
6507.567 2.105e-17
6508.443 2.107e-17
6509.320 2.109e-17
6510.197 2.110e-17
6511.073 2.114e-17
6511.950 2.116e-17
6512.827 2.115e-17
6513.703 2.109e-17
6514.580 2.114e-17
6515.457 2.107e-17
6516.333 2.109e-17
6517.210 2.112e-17
6518.087 2.109e-17
6518.963 2.095e-17
6519.840 2.084e-17
6520.717 2.109e-17
6521.593 2.109e-17
6522.470 2.108e-17
6523.347 2.109e-17
6524.223 1.829e-16
6525.100 2.096e-17
6525.977 2.106e-17
6526.853 2.106e-17
6527.730 2.105e-17
6528.607 2.105e-17
6529.483 2.104e-17
6530.360 2.104e-17
6531.237 2.104e-17
6532.113 2.102e-17
6532.990 2.098e-17
6533.867 2.094e-17
6534.743 2.209e-17
6535.620 2.087e-17
6536.497 2.078e-17
6537.373 2.081e-17
6538.250 2.077e-17
6539.127 2.073e-17
6540.003 2.070e-17
6540.880 2.067e-17
6541.757 2.064e-17
6542.633 2.343e-17
6543.510 2.056e-17
6544.387 2.052e-17
6545.263 2.049e-17
6546.140 2.045e-17
6547.017 2.042e-17
6547.893 3.558e-17
6548.770 2.035e-17
6549.647 2.029e-17
6550.523 2.012e-17
6551.400 2.025e-17
6552.277 2.019e-17
6553.153 2.012e-17
6554.030 2.004e-17
6554.907 1.996e-17
6555.783 1.988e-17
6556.660 1.982e-17
6557.537 1.974e-17
6558.413 1.967e-17
6559.290 1.959e-17
6560.167 1.952e-17
6561.043 1.945e-17
6561.920 1.937e-17
6562.797 1.928e-17
6563.673 1.922e-17
6564.550 9.911e-17
6565.427 1.904e-17
6566.303 1.899e-17
6567.180 1.892e-17
6568.057 1.885e-17
6568.933 1.878e-17
6569.810 1.870e-17
6570.687 2.011e-17
6571.563 1.855e-17
6572.440 1.855e-17
6573.317 1.866e-17
6574.193 1.874e-17
6575.070 1.883e-17
6575.947 1.891e-17
6576.823 1.893e-17
6577.700 1.906e-17
6578.577 1.914e-17
6579.453 1.922e-17
6580.330 1.930e-17
6581.207 1.938e-17
6582.083 1.946e-17
6582.960 1.954e-17
6583.837 1.961e-17
6584.713 1.970e-17
6585.590 2.381e-17
6586.467 1.986e-17
6587.343 1.993e-17
6588.220 1.998e-17
6589.097 2.009e-17
6589.973 2.017e-17
6590.850 2.025e-17
6591.727 2.033e-17
6592.603 2.035e-17
6593.480 2.035e-17
6594.357 2.036e-17
6595.233 2.035e-17
6596.110 2.035e-17
6596.987 2.039e-17
6597.863 2.040e-17
6598.740 2.040e-17
6599.617 2.042e-17
6600.493 2.042e-17
6601.370 2.043e-17
6602.247 2.043e-17
6603.123 2.045e-17
6604.000 2.039e-17
6604.877 2.047e-17
6605.753 2.049e-17
6606.630 2.048e-17
6607.507 2.049e-17
6608.383 2.050e-17
6609.260 2.051e-17
6610.137 2.052e-17
6611.013 2.053e-17
6611.890 2.053e-17
6612.767 2.053e-17
6613.643 2.049e-17
6614.520 2.050e-17
6615.397 2.050e-17
6616.273 2.049e-17
6617.150 2.048e-17
6618.027 2.047e-17
6618.903 2.046e-17
6619.780 2.045e-17
6620.657 2.043e-17
6621.533 2.042e-17
6622.410 2.042e-17
6623.287 2.040e-17
6624.163 2.040e-17
6625.040 2.039e-17
6625.917 2.038e-17
6626.793 2.037e-17
6627.670 2.036e-17
6628.547 2.035e-17
6629.423 5.612e-17
6630.300 2.033e-17
6631.177 2.032e-17
6632.053 2.031e-17
6632.930 2.031e-17
6633.807 2.031e-17
6634.683 2.031e-17
6635.560 2.031e-17
6636.437 2.031e-17
6637.313 2.031e-17
6638.190 2.031e-17
6639.067 2.031e-17
6639.943 2.031e-17
6640.820 2.031e-17
6641.697 2.031e-17
6642.573 2.031e-17
6643.450 2.031e-17
6644.327 2.031e-17
6645.203 2.031e-17
6646.080 2.031e-17
6646.957 2.031e-17
6647.833 2.031e-17
6648.710 2.031e-17
6649.587 2.031e-17
6650.463 2.031e-17
6651.340 2.031e-17
6652.217 2.030e-17
6653.093 2.029e-17
6653.970 2.027e-17
6654.847 2.025e-17
6655.723 2.023e-17
6656.600 2.021e-17
6657.477 2.020e-17
6658.353 2.018e-17
6659.230 2.016e-17
6660.107 2.014e-17
6660.983 2.012e-17
6661.860 2.010e-17
6662.737 2.009e-17
6663.613 2.137e-17
6664.490 2.005e-17
6665.367 2.003e-17
6666.243 2.002e-17
6667.120 2.000e-17
6667.997 1.998e-17
6668.873 1.996e-17
6669.750 2.394e-17
6670.627 1.993e-17
6671.503 1.991e-17
6672.380 1.990e-17
6673.257 1.990e-17
6674.133 1.990e-17
6675.010 1.990e-17
6675.887 1.990e-17
6676.763 1.990e-17
6677.640 1.990e-17
6678.517 1.990e-17
6679.393 1.990e-17
6680.270 1.990e-17
6681.147 1.990e-17
6682.023 1.990e-17
6682.900 1.990e-17
6683.777 1.990e-17
6684.653 1.990e-17
6685.530 1.988e-17
6686.407 1.989e-17
6687.283 1.989e-17
6688.160 1.989e-17
6689.037 1.989e-17
6689.913 1.989e-17
6690.790 1.989e-17
6691.667 1.989e-17
6692.543 1.987e-17
6693.420 1.985e-17
6694.297 1.983e-17
6695.173 1.981e-17
6696.050 1.979e-17
6696.927 1.977e-17
6697.803 1.975e-17
6698.680 1.973e-17
6699.557 1.971e-17
6700.433 1.969e-17
6701.310 1.967e-17
6702.187 1.965e-17
6703.063 1.963e-17
6703.940 1.961e-17
6704.817 1.959e-17
6705.693 1.957e-17
6706.570 2.528e-17
6707.447 1.953e-17
6708.323 1.951e-17
6709.200 1.949e-17
6710.077 1.947e-17
6710.953 1.945e-17
6711.830 1.943e-17
6712.707 1.943e-17
6713.583 1.942e-17
6714.460 1.942e-17
6715.337 1.942e-17
6716.213 1.941e-17
6717.090 1.941e-17
6717.967 1.941e-17
6718.843 2.023e-17
6719.720 1.940e-17
6720.597 1.940e-17
6721.473 1.939e-17
6722.350 1.939e-17
6723.227 1.939e-17
6724.103 1.938e-17
6724.980 1.938e-17
6725.857 1.938e-17
6726.733 1.937e-17
6727.610 1.937e-17
6728.487 1.937e-17
6729.363 1.936e-17
6730.240 1.936e-17
6731.117 1.936e-17
6731.993 2.294e-17
6732.870 1.934e-17
6733.747 1.933e-17
6734.623 1.932e-17
6735.500 1.931e-17
6736.377 1.930e-17
6737.253 1.929e-17
6738.130 1.928e-17
6739.007 1.927e-17
6739.883 1.926e-17
6740.760 1.924e-17
6741.637 1.923e-17
6742.513 1.922e-17
6743.390 1.921e-17
6744.267 1.920e-17
6745.143 1.919e-17
6746.020 1.970e-17
6746.897 1.917e-17
6747.773 1.916e-17
6748.650 1.914e-17
6749.527 1.913e-17
6750.403 1.912e-17
6751.280 1.911e-17
6752.157 1.911e-17
6753.033 1.910e-17
6753.910 1.909e-17
6754.787 1.909e-17
6755.663 1.908e-17
6756.540 1.908e-17
6757.417 1.907e-17
6758.293 1.907e-17
6759.170 1.906e-17
6760.047 1.905e-17
6760.923 1.905e-17
6761.800 1.904e-17
6762.677 1.904e-17
6763.553 1.903e-17
6764.430 1.903e-17
6765.307 1.902e-17
6766.183 1.902e-17
6767.060 1.901e-17
6767.937 1.900e-17
6768.813 1.900e-17
6769.690 1.899e-17
6770.567 1.899e-17
6771.443 1.898e-17
6772.320 1.897e-17
6773.197 1.897e-17
6774.073 1.896e-17
6774.950 1.895e-17
6775.827 1.894e-17
6776.703 1.893e-17
6777.580 1.892e-17
6778.457 1.891e-17
6779.333 1.890e-17
6780.210 1.889e-17
6781.087 1.888e-17
6781.963 1.887e-17
6782.840 1.886e-17
6783.717 1.885e-17
6784.593 1.884e-17
6785.470 1.883e-17
6786.347 1.882e-17
6787.223 1.882e-17
6788.100 1.881e-17
6788.977 1.880e-17
6789.853 1.879e-17
6790.730 1.878e-17
6791.607 1.877e-17
6792.483 1.876e-17
6793.360 1.875e-17
6794.237 1.875e-17
6795.113 1.874e-17
6795.990 1.873e-17
6796.867 1.872e-17
6797.743 1.872e-17
6798.620 1.871e-17
6799.497 1.870e-17
6800.373 1.869e-17
6801.250 1.869e-17
6802.127 1.868e-17
6803.003 1.867e-17
6803.880 1.866e-17
6804.757 1.866e-17
6805.633 1.864e-17
6806.510 1.864e-17
6807.387 1.863e-17
6808.263 1.863e-17
6809.140 1.862e-17
6810.017 1.861e-17
6810.893 1.860e-17
6811.770 1.860e-17
6812.647 1.858e-17
6813.523 1.857e-17
6814.400 1.856e-17
6815.277 1.855e-17
6816.153 1.854e-17
6817.030 1.853e-17
6817.907 1.852e-17
6818.783 1.850e-17
6819.660 1.850e-17
6820.537 1.849e-17
6821.413 1.848e-17
6822.290 1.847e-17
6823.167 1.846e-17
6824.043 1.845e-17
6824.920 1.843e-17
6825.797 1.842e-17
6826.673 1.841e-17
6827.550 1.840e-17
6828.427 1.839e-17
6829.303 3.371e-17
6830.180 1.837e-17
6831.057 1.835e-17
6831.933 1.835e-17
6832.810 1.833e-17
6833.687 1.832e-17
6834.563 8.834e-17
6835.440 1.828e-17
6836.317 4.154e-16
6837.193 1.825e-17
6838.070 1.824e-17
6838.947 1.822e-17
6839.823 1.821e-17
6840.700 1.819e-17
6841.577 2.773e-17
6842.453 1.816e-17
6843.330 1.815e-17
6844.207 1.812e-17
6845.083 1.811e-17
6845.960 1.810e-17
6846.837 1.808e-17
6847.713 1.807e-17
6848.590 1.805e-17
6849.467 1.804e-17
6850.343 1.802e-17
6851.220 1.801e-17
6852.097 1.799e-17
6852.973 1.799e-17
6853.850 1.800e-17
6854.727 1.800e-17
6855.603 1.800e-17
6856.480 1.800e-17
6857.357 1.800e-17
6858.233 1.800e-17
6859.110 1.800e-17
6859.987 1.800e-17
6860.863 1.800e-17
6861.740 1.800e-17
6862.617 1.800e-17
6863.493 1.800e-17
6864.370 1.800e-17
6865.247 1.800e-17
6866.123 1.799e-17
6867.000 2.284e-17
6867.877 1.797e-17
6868.753 1.787e-17
6869.630 1.712e-17
6870.507 1.076e-17
6871.383 1.699e-17
6872.260 1.731e-17
6873.137 3.325e-18
6874.013 1.393e-17
6874.890 1.460e-17
6875.767 8.815e-18
6876.643 1.066e-17
6877.520 4.390e-18
6878.397 1.660e-17
6879.273 1.718e-17
6880.150 2.084e-17
6881.027 1.195e-17
6881.903 1.359e-17
6882.780 2.053e-17
6883.657 1.787e-17
6884.533 2.478e-17
6885.410 1.765e-17
6886.287 1.782e-17
6887.163 1.763e-17
6888.040 1.742e-17
6888.917 1.687e-17
6889.793 1.773e-17
6890.670 1.599e-17
6891.547 1.658e-17
6892.423 1.763e-17
6893.300 1.771e-17
6894.177 1.054e-17
6895.053 1.469e-17
6895.930 1.763e-17
6896.807 1.753e-17
6897.683 1.679e-17
6898.560 1.677e-17
6899.437 1.746e-17
6900.313 1.768e-17
6901.190 1.761e-17
6902.067 1.656e-17
6902.943 1.573e-17
6903.820 1.764e-17
6904.697 1.765e-17
6905.573 1.751e-17
6906.450 1.716e-17
6907.327 1.739e-17
6908.203 1.762e-17
6909.080 1.762e-17
6909.957 1.755e-17
6910.833 1.742e-17
6911.710 1.745e-17
6912.587 1.754e-17
6913.463 1.751e-17
6914.340 1.759e-17
6915.217 1.592e-17
6916.093 1.489e-17
6916.970 1.758e-17
6917.847 1.758e-17
6918.723 1.758e-17
6919.600 1.753e-17
6920.477 1.751e-17
6921.353 1.751e-17
6922.230 1.755e-17
6923.107 1.755e-17
6923.983 1.754e-17
6924.860 1.749e-17
6925.737 1.745e-17
6926.613 1.786e-17
6927.490 1.747e-17
6928.367 1.750e-17
6929.243 2.295e-17
6930.120 1.751e-17
6930.997 1.705e-17
6931.873 1.722e-17
6932.750 1.745e-17
6933.627 1.730e-17
6934.503 1.748e-17
6935.380 1.713e-17
6936.257 1.710e-17
6937.133 1.556e-17
6938.010 1.739e-17
6938.887 1.737e-17
6939.763 1.731e-17
6940.640 1.741e-17
6941.517 1.006e-16
6942.393 1.726e-17
6943.270 1.723e-17
6944.147 1.670e-17
6945.023 1.736e-17
6945.900 1.726e-17
6946.777 1.734e-17
6947.653 1.734e-17
6948.530 1.676e-17
6949.407 1.518e-17
6950.283 1.730e-17
6951.160 1.982e-16
6952.037 1.729e-17
6952.913 1.726e-17
6953.790 1.726e-17
6954.667 1.726e-17
6955.543 1.662e-17
6956.420 1.756e-17
6957.297 1.719e-17
6958.173 2.090e-17
6959.050 1.718e-17
6959.927 1.716e-17
6960.803 1.714e-17
6961.680 1.708e-17
6962.557 1.703e-17
6963.433 1.706e-17
6964.310 1.711e-17
6965.187 1.710e-17
6966.063 1.708e-17
6966.940 1.697e-17
6967.817 1.706e-17
6968.693 1.703e-17
6969.570 1.699e-17
6970.447 1.702e-17
6971.323 1.701e-17
6972.200 1.699e-17
6973.077 1.694e-17
6973.953 1.703e-17
6974.830 1.700e-17
6975.707 1.700e-17
6976.583 1.699e-17
6977.460 1.700e-17
6978.337 1.700e-17
6979.213 1.697e-17
6980.090 1.700e-17
6980.967 1.699e-17
6981.843 1.700e-17
6982.720 1.700e-17
6983.597 1.697e-17
6984.473 1.912e-17
6985.350 2.075e-17
6986.227 1.699e-17
6987.103 1.699e-17
6987.980 1.698e-17
6988.857 1.697e-17
6989.733 1.679e-17
6990.610 1.696e-17
6991.487 1.698e-17
6992.363 1.659e-17
6993.240 1.695e-17
6994.117 1.694e-17
6994.993 1.690e-17
6995.870 1.682e-17
6996.747 1.686e-17
6997.623 1.686e-17
6998.500 2.152e-17
6999.377 1.681e-17
7000.253 1.677e-17
7001.130 1.668e-17
7002.007 1.675e-17
7002.883 2.371e-17
7003.760 1.680e-17
7004.637 1.667e-17
7005.513 1.667e-17
7006.390 1.646e-17
7007.267 1.912e-17
7008.143 1.646e-17
7009.020 1.658e-17
7009.897 1.657e-17
7010.773 1.655e-17
7011.650 1.650e-17
7012.527 1.649e-17
7013.403 1.646e-17
7014.280 1.650e-17
7015.157 1.652e-17
7016.033 1.650e-17
7016.910 1.639e-17
7017.787 1.633e-17
7018.663 1.647e-17
7019.540 1.650e-17
7020.417 1.651e-17
7021.293 1.622e-17
7022.170 1.645e-17
7023.047 1.650e-17
7023.923 1.650e-17
7024.800 1.649e-17
7025.677 1.645e-17
7026.553 1.648e-17
7027.430 1.649e-17
7028.307 1.626e-17
7029.183 1.642e-17
7030.060 1.645e-17
7030.937 1.640e-17
7031.813 1.648e-17
7032.690 1.646e-17
7033.567 1.649e-17
7034.443 1.650e-17
7035.320 1.651e-17
7036.197 1.652e-17
7037.073 1.653e-17
7037.950 1.652e-17
7038.827 1.654e-17
7039.703 1.653e-17
7040.580 1.655e-17
7041.457 1.654e-17
7042.333 1.659e-17
7043.210 6.192e-17
7044.087 1.661e-17
7044.963 1.662e-17
7045.840 1.663e-17
7046.717 1.662e-17
7047.593 1.665e-17
7048.470 1.665e-17
7049.347 1.657e-17
7050.223 1.664e-17
7051.100 3.037e-17
7051.977 1.670e-17
7052.853 1.623e-17
7053.730 1.665e-17
7054.607 1.652e-17
7055.483 1.663e-17
7056.360 2.111e-17
7057.237 1.665e-17
7058.113 1.663e-17
7058.990 1.622e-17
7059.867 1.662e-17
7060.743 1.660e-17
7061.620 1.657e-17
7062.497 1.648e-17
7063.373 1.654e-17
7064.250 2.265e-17
7065.127 1.658e-17
7066.003 1.656e-17
7066.880 1.655e-17
7067.757 1.653e-17
7068.633 1.654e-17
7069.510 2.680e-17
7070.387 1.653e-17
7071.263 1.653e-17
7072.140 1.652e-17
7073.017 1.651e-17
7073.893 1.642e-17
7074.770 1.649e-17
7075.647 1.646e-17
7076.523 1.647e-17
7077.400 1.646e-17
7078.277 1.646e-17
7079.153 1.644e-17
7080.030 1.641e-17
7080.907 1.640e-17
7081.783 1.639e-17
7082.660 1.642e-17
7083.537 1.641e-17
7084.413 1.683e-17
7085.290 1.640e-17
7086.167 1.639e-17
7087.043 1.637e-17
7087.920 1.635e-17
7088.797 2.323e-17
7089.673 2.412e-17
7090.550 1.631e-17
7091.427 1.633e-17
7092.303 2.430e-17
7093.180 1.625e-17
7094.057 1.633e-17
7094.933 1.632e-17
7095.810 1.632e-17
7096.687 1.632e-17
7097.563 1.627e-17
7098.440 1.631e-17
7099.317 1.630e-17
7100.193 1.632e-17
7101.070 1.631e-17
7101.947 1.630e-17
7102.823 1.631e-17
7103.700 1.631e-17
7104.577 1.631e-17
7105.453 1.631e-17
7106.330 1.630e-17
7107.207 1.629e-17
7108.083 1.618e-17
7108.960 1.629e-17
7109.837 1.631e-17
7110.713 1.631e-17
7111.590 1.630e-17
7112.467 1.629e-17
7113.343 1.626e-17
7114.220 1.629e-17
7115.097 1.628e-17
7115.973 1.625e-17
7116.850 1.627e-17
7117.727 1.624e-17
7118.603 1.626e-17
7119.480 1.625e-17
7120.357 1.613e-17
7121.233 1.621e-17
7122.110 1.623e-17
7122.987 1.622e-17
7123.863 1.622e-17
7124.740 1.615e-17
7125.617 1.620e-17
7126.493 1.620e-17
7127.370 1.618e-17
7128.247 1.618e-17
7129.123 1.618e-17
7130.000 1.613e-17
7130.877 1.616e-17
7131.753 1.615e-17
7132.630 1.615e-17
7133.507 1.614e-17
7134.383 1.614e-17
7135.260 1.861e-17
7136.137 1.604e-17
7137.013 1.612e-17
7137.890 1.612e-17
7138.767 1.612e-17
7139.643 1.610e-17
7140.520 1.611e-17
7141.397 1.610e-17
7142.273 1.593e-17
7143.150 2.056e-17
7144.027 1.606e-17
7144.903 1.591e-17
7145.780 1.608e-17
7146.657 2.597e-17
7147.533 1.643e-17
7148.410 1.605e-17
7149.287 1.606e-17
7150.163 1.606e-17
7151.040 1.606e-17
7151.917 1.687e-17
7152.793 1.596e-17
7153.670 1.602e-17
7154.547 1.601e-17
7155.423 1.601e-17
7156.300 1.602e-17
7157.177 1.600e-17
7158.053 1.600e-17
7158.930 1.599e-17
7159.807 1.598e-17
7160.683 1.574e-17
7161.560 1.596e-17
7162.437 1.596e-17
7163.313 1.596e-17
7164.190 1.592e-17
7165.067 1.593e-17
7165.943 1.589e-17
7166.820 1.584e-17
7167.697 1.572e-17
7168.573 1.584e-17
7169.450 1.567e-17
7170.327 1.587e-17
7171.203 1.751e-17
7172.080 1.487e-17
7172.957 1.567e-17
7173.833 1.574e-17
7174.710 1.285e-17
7175.587 2.836e-17
7176.463 1.580e-17
7177.340 1.569e-17
7178.217 1.525e-17
7179.093 1.331e-17
7179.970 1.572e-17
7180.847 1.572e-17
7181.723 1.573e-17
7182.600 1.574e-17
7183.477 1.146e-17
7184.353 1.560e-17
7185.230 1.569e-17
7186.107 1.821e-17
7186.983 1.544e-17
7187.860 1.552e-17
7188.737 1.547e-17
7189.613 1.528e-17
7190.490 1.561e-17
7191.367 1.644e-17
7192.243 1.560e-17
7193.120 1.543e-17
7193.997 1.531e-17
7194.873 1.557e-17
7195.750 1.145e-17
7196.627 1.557e-17
7197.503 1.557e-17
7198.380 1.556e-17
7199.257 1.429e-17
7200.133 1.549e-17
7201.010 1.556e-17
7201.887 1.834e-17
7202.763 1.897e-17
7203.640 1.540e-17
7204.517 1.552e-17
7205.393 1.558e-17
7206.270 8.735e-18
7207.147 1.557e-17
7208.023 1.545e-17
7208.900 1.553e-17
7209.777 1.554e-17
7210.653 1.561e-17
7211.530 1.299e-17
7212.407 1.552e-17
7213.283 1.534e-17
7214.160 1.557e-17
7215.037 1.564e-17
7215.913 1.561e-17
7216.790 1.564e-17
7217.667 1.563e-17
7218.543 1.333e-17
7219.420 1.566e-17
7220.297 1.563e-17
7221.173 1.565e-17
7222.050 1.566e-17
7222.927 1.569e-17
7223.803 1.570e-17
7224.680 1.570e-17
7225.557 1.679e-17
7226.433 1.570e-17
7227.310 1.575e-17
7228.187 1.573e-17
7229.063 1.570e-17
7229.940 1.564e-17
7230.817 1.661e-17
7231.693 1.575e-17
7232.570 1.569e-17
7233.447 1.575e-17
7234.323 1.507e-17
7235.200 3.032e-17
7236.077 1.566e-17
7236.953 1.524e-17
7237.830 1.566e-17
7238.707 1.573e-17
7239.583 1.576e-17
7240.460 1.575e-17
7241.337 1.574e-17
7242.213 6.517e-16
7243.090 1.555e-17
7243.967 8.055e-17
7244.843 1.576e-17
7245.720 8.680e-18
7246.597 2.104e-17
7247.473 1.549e-17
7248.350 1.574e-17
7249.227 1.439e-17
7250.103 1.575e-17
7250.980 1.493e-17
7251.857 1.573e-17
7252.733 2.176e-17
7253.610 1.571e-17
7254.487 1.400e-17
7255.363 1.518e-17
7256.240 1.570e-17
7257.117 1.574e-17
7257.993 1.564e-17
7258.870 1.569e-17
7259.747 1.554e-17
7260.623 1.539e-17
7261.500 1.563e-17
7262.377 1.567e-17
7263.253 1.755e-17
7264.130 1.534e-17
7265.007 1.474e-17
7265.883 1.568e-17
7266.760 1.533e-17
7267.637 1.012e-17
7268.513 1.651e-17
7269.390 1.580e-17
7270.267 1.563e-17
7271.143 4.990e-17
7272.020 1.547e-17
7272.897 1.562e-17
7273.773 1.566e-17
7274.650 1.548e-17
7275.527 1.559e-17
7276.403 1.561e-17
7277.280 1.503e-17
7278.157 1.550e-17
7279.033 2.105e-17
7279.910 1.541e-17
7280.787 1.505e-17
7281.663 1.494e-17
7282.540 1.546e-17
7283.417 1.551e-17
7284.293 1.406e-17
7285.170 1.523e-17
7286.047 1.550e-17
7286.923 1.955e-17
7287.800 1.702e-17
7288.677 1.546e-17
7289.553 1.514e-17
7290.430 1.538e-17
7291.307 1.542e-17
7292.183 1.520e-17
7293.060 3.072e-17
7293.937 1.535e-17
7294.813 1.526e-17
7295.690 1.541e-17
7296.567 1.539e-17
7297.443 1.538e-17
7298.320 1.506e-17
7299.197 1.542e-17
7300.073 1.534e-17
7300.950 1.544e-17
7301.827 1.477e-17
7302.703 1.530e-17
7303.580 1.544e-17
7304.457 1.536e-17
7305.333 1.482e-17
7306.210 1.160e-17
7307.087 1.540e-17
7307.963 1.534e-17
7308.840 1.546e-17
7309.717 1.545e-17
7310.593 1.533e-17
7311.470 1.392e-17
7312.347 1.524e-17
7313.223 1.525e-17
7314.100 1.544e-17
7314.977 1.513e-17
7315.853 1.544e-17
7316.730 1.541e-17
7317.607 1.485e-17
7318.483 1.541e-17
7319.360 1.410e-17
7320.237 1.515e-17
7321.113 1.540e-17
7321.990 1.542e-17
7322.867 1.472e-17
7323.743 1.541e-17
7324.620 1.541e-17
7325.497 1.540e-17
7326.373 1.538e-17
7327.250 1.539e-17
7328.127 1.539e-17
7329.003 1.526e-17
7329.880 1.537e-17
7330.757 1.537e-17
7331.633 1.536e-17
7332.510 1.535e-17
7333.387 1.536e-17
7334.263 2.315e-17
7335.140 1.490e-17
7336.017 1.533e-17
7336.893 1.533e-17
7337.770 1.520e-17
7338.647 1.533e-17
7339.523 1.533e-17
7340.400 1.533e-17
7341.277 1.529e-17
7342.153 1.524e-17
7343.030 6.736e-17
7343.907 1.529e-17
7344.783 1.530e-17
7345.660 1.528e-17
7346.537 1.993e-17
7347.413 1.529e-17
7348.290 1.528e-17
7349.167 1.527e-17
7350.043 1.499e-17
7350.920 1.526e-17
7351.797 1.524e-17
7352.673 4.244e-17
7353.550 1.526e-17
7354.427 1.526e-17
7355.303 1.550e-17
7356.180 1.525e-17
7357.057 1.525e-17
7357.933 1.525e-17
7358.810 1.523e-17
7359.687 1.524e-17
7360.563 1.524e-17
7361.440 1.524e-17
7362.317 1.740e-17
7363.193 1.520e-17
7364.070 1.512e-17
7364.947 1.522e-17
7365.823 1.468e-17
7366.700 1.996e-17
7367.577 1.830e-17
7368.453 1.522e-17
7369.330 1.522e-17
7370.207 1.521e-17
7371.083 1.513e-17
7371.960 1.518e-17
7372.837 1.509e-17
7373.713 1.517e-17
7374.590 1.518e-17
7375.467 1.598e-17
7376.343 1.514e-17
7377.220 1.514e-17
7378.097 1.513e-17
7378.973 1.511e-17
7379.850 1.578e-17
7380.727 1.509e-17
7381.603 1.508e-17
7382.480 1.500e-17
7383.357 1.503e-17
7384.233 1.500e-17
7385.110 1.496e-17
7385.987 1.498e-17
7386.863 1.499e-17
7387.740 1.499e-17
7388.617 1.497e-17
7389.493 1.496e-17
7390.370 1.770e-17
7391.247 1.493e-17
7392.123 2.170e-17
7393.000 1.490e-17
7393.877 1.488e-17
7394.753 1.633e-17
7395.630 1.488e-17
7396.507 1.488e-17
7397.383 1.568e-17
7398.260 1.481e-17
7399.137 1.460e-17
7400.013 1.484e-17
7400.890 1.483e-17
7401.767 1.482e-17
7402.643 1.481e-17
7403.520 1.478e-17
7404.397 1.479e-17
7405.273 1.479e-17
7406.150 1.477e-17
7407.027 1.477e-17
7407.903 1.476e-17
7408.780 1.475e-17
7409.657 1.474e-17
7410.533 1.473e-17
7411.410 1.472e-17
7412.287 1.468e-17
7413.163 1.472e-17
7414.040 2.041e-17
7414.917 1.475e-17
7415.793 3.088e-17
7416.670 1.467e-17
7417.547 1.473e-17
7418.423 1.473e-17
7419.300 1.480e-17
7420.177 1.481e-17
7421.053 1.482e-17
7421.930 1.483e-17
7422.807 1.483e-17
7423.683 1.484e-17
7424.560 1.486e-17
7425.437 1.487e-17
7426.313 1.488e-17
7427.190 1.487e-17
7428.067 1.488e-17
7428.943 1.490e-17
7429.820 1.491e-17
7430.697 1.492e-17
7431.573 1.493e-17
7432.450 1.494e-17
7433.327 1.492e-17
7434.203 1.493e-17
7435.080 1.492e-17
7435.957 1.492e-17
7436.833 1.491e-17
7437.710 1.491e-17
7438.587 1.491e-17
7439.463 1.490e-17
7440.340 2.484e-16
7441.217 1.693e-17
7442.093 1.489e-17
7442.970 1.488e-17
7443.847 1.488e-17
7444.723 1.488e-17
7445.600 1.488e-17
7446.477 1.487e-17
7447.353 1.487e-17
7448.230 1.486e-17
7449.107 1.957e-17
7449.983 1.486e-17
7450.860 1.485e-17
7451.737 1.485e-17
7452.613 1.485e-17
7453.490 1.483e-17
7454.367 1.485e-17
7455.243 1.485e-17
7456.120 1.484e-17
7456.997 1.485e-17
7457.873 1.485e-17
7458.750 1.485e-17
7459.627 1.485e-17
7460.503 1.483e-17
7461.380 1.485e-17
7462.257 1.484e-17
7463.133 1.485e-17
7464.010 1.485e-17
7464.887 1.485e-17
7465.763 1.502e-17
7466.640 1.485e-17
7467.517 1.485e-17
7468.393 1.485e-17
7469.270 1.485e-17
7470.147 1.485e-17
7471.023 1.485e-17
7471.900 2.042e-17
7472.777 6.946e-17
7473.653 1.335e-16
7474.530 1.483e-17
7475.407 1.483e-17
7476.283 1.482e-17
7477.160 1.482e-17
7478.037 1.481e-17
7478.913 1.480e-17
7479.790 1.480e-17
7480.667 1.479e-17
7481.543 1.479e-17
7482.420 1.478e-17
7483.297 1.477e-17
7484.173 1.477e-17
7485.050 1.476e-17
7485.927 1.475e-17
7486.803 1.475e-17
7487.680 1.474e-17
7488.557 1.474e-17
7489.433 1.473e-17
7490.310 3.392e-17
7491.187 1.472e-17
7492.063 1.471e-17
7492.940 1.471e-17
7493.817 1.470e-17
7494.693 1.470e-17
7495.570 1.469e-17
7496.447 1.469e-17
7497.323 1.469e-17
7498.200 1.468e-17
7499.077 1.468e-17
7499.953 1.467e-17
7500.830 1.467e-17
7501.707 1.563e-17
7502.583 1.466e-17
7503.460 1.466e-17
7504.337 2.179e-17
7505.213 1.465e-17
7506.090 1.465e-17
7506.967 1.465e-17
7507.843 1.464e-17
7508.720 1.464e-17
7509.597 1.464e-17
7510.473 1.463e-17
7511.350 1.463e-17
7512.227 1.463e-17
7513.103 1.463e-17
7513.980 1.462e-17
7514.857 1.462e-17
7515.733 1.462e-17
7516.610 1.462e-17
7517.487 1.461e-17
7518.363 1.462e-17
7519.240 3.917e-17
7520.117 1.461e-17
7520.993 1.461e-17
7521.870 1.461e-17
7522.747 1.461e-17
7523.623 1.461e-17
7524.500 1.461e-17
7525.377 1.461e-17
7526.253 1.460e-17
7527.130 1.460e-17
7528.007 1.460e-17
7528.883 1.460e-17
7529.760 1.460e-17
7530.637 1.460e-17
7531.513 1.460e-17
7532.390 1.459e-17
7533.267 1.459e-17
7534.143 1.459e-17
7535.020 1.459e-17
7535.897 1.459e-17
7536.773 1.459e-17
7537.650 1.458e-17
7538.527 1.458e-17
7539.403 1.458e-17
7540.280 1.458e-17
7541.157 1.458e-17
7542.033 1.457e-17
7542.910 1.457e-17
7543.787 1.457e-17
7544.663 1.457e-17
7545.540 1.457e-17
7546.417 1.456e-17
7547.293 1.456e-17
7548.170 1.456e-17
7549.047 1.525e-17
7549.923 1.456e-17
7550.800 1.456e-17
7551.677 1.455e-17
7552.553 1.455e-17
7553.430 1.455e-17
7554.307 1.454e-17
7555.183 1.454e-17
7556.060 1.454e-17
7556.937 1.454e-17
7557.813 1.453e-17
7558.690 1.453e-17
7559.567 3.260e-16
7560.443 1.452e-17
7561.320 1.452e-17
7562.197 1.452e-17
7563.073 1.451e-17
7563.950 1.451e-17
7564.827 1.451e-17
7565.703 2.140e-17
7566.580 1.450e-17
7567.457 1.450e-17
7568.333 1.450e-17
7569.210 1.449e-17
7570.087 1.449e-17
7570.963 1.449e-17
7571.840 1.448e-17
7572.717 1.448e-17
7573.593 1.448e-17
7574.470 1.447e-17
7575.347 1.447e-17
7576.223 1.447e-17
7577.100 1.446e-17
7577.977 1.446e-17
7578.853 1.446e-17
7579.730 1.445e-17
7580.607 1.445e-17
7581.483 1.444e-17
7582.360 1.444e-17
7583.237 1.444e-17
7584.113 1.443e-17
7584.990 1.443e-17
7585.867 1.443e-17
7586.743 1.442e-17
7587.620 1.442e-17
7588.497 1.441e-17
7589.373 1.440e-17
7590.250 1.439e-17
7591.127 1.438e-17
7592.003 1.437e-17
7592.880 1.435e-17
7593.757 1.433e-17
7594.633 1.428e-17
7595.510 1.394e-17
7596.387 1.059e-17
7597.263 2.747e-18
7598.140 8.031e-18
7599.017 1.100e-17
7599.893 1.019e-17
7600.770 1.800e-20
7601.647 1.007e-17
7602.523 9.628e-20
7603.400 8.533e-18
7604.277 1.431e-18
7605.153 7.813e-18
7606.030 6.488e-18
7606.907 6.655e-18
7607.783 6.261e-21
7608.660 1.662e-18
7609.537 7.868e-18
7610.413 7.745e-18
7611.290 6.759e-20
7612.167 7.278e-18
7613.043 9.488e-18
7613.920 3.911e-18
7614.797 9.468e-18
7615.673 9.881e-18
7616.550 1.272e-17
7617.427 7.824e-18
7618.303 9.546e-19
7619.180 1.379e-17
7620.057 4.104e-17
7620.933 1.407e-17
7621.810 2.077e-17
7622.687 1.115e-17
7623.563 1.176e-17
7624.440 1.313e-17
7625.317 9.988e-20
7626.193 8.820e-18
7627.070 1.035e-17
7627.947 1.296e-17
7628.823 7.401e-18
7629.700 9.317e-18
7630.577 6.419e-17
7631.453 1.278e-17
7632.330 2.028e-17
7633.207 1.844e-19
7634.083 1.119e-18
7634.960 1.153e-17
7635.837 1.311e-17
7636.713 1.113e-17
7637.590 6.096e-18
7638.467 1.036e-20
7639.343 2.439e-17
7640.220 1.327e-17
7641.097 2.420e-17
7641.973 6.393e-18
7642.850 3.339e-21
7643.727 2.059e-17
7644.603 1.351e-17
7645.480 1.298e-17
7646.357 9.847e-20
7647.233 2.839e-18
7648.110 1.237e-17
7648.987 1.372e-17
7649.863 1.371e-17
7650.740 1.118e-17
7651.617 1.355e-17
7652.493 8.238e-18
7653.370 1.368e-17
7654.247 1.389e-17
7655.123 1.377e-17
7656.000 7.542e-18
7656.877 1.176e-17
7657.753 1.262e-17
7658.630 1.388e-17
7659.507 1.395e-17
7660.383 1.387e-17
7661.260 1.026e-17
7662.137 1.265e-17
7663.013 1.310e-17
7663.890 1.391e-17
7664.767 1.397e-17
7665.643 1.394e-17
7666.520 1.351e-17
7667.397 1.320e-17
7668.273 1.178e-17
7669.150 1.388e-17
7670.027 1.393e-17
7670.903 1.393e-17
7671.780 1.388e-17
7672.657 4.770e-18
7673.533 1.295e-17
7674.410 1.380e-17
7675.287 1.384e-17
7676.163 1.399e-17
7677.040 1.395e-17
7677.917 1.398e-17
7678.793 1.195e-17
7679.670 7.108e-18
7680.547 1.402e-17
7681.423 1.406e-17
7682.300 1.407e-17
7683.177 1.409e-17
7684.053 1.406e-17
7684.930 9.717e-18
7685.807 1.219e-17
7686.683 1.412e-17
7687.560 1.414e-17
7688.437 1.415e-17
7689.313 1.416e-17
7690.190 1.404e-17
7691.067 1.410e-17
7691.943 1.416e-17
7692.820 1.418e-17
7693.697 1.510e-17
7694.573 1.421e-17
7695.450 1.421e-17
7696.327 1.421e-17
7697.203 1.422e-17
7698.080 1.388e-17
7698.957 1.188e-17
7699.833 1.423e-17
7700.710 1.423e-17
7701.587 6.765e-17
7702.463 1.424e-17
7703.340 1.424e-17
7704.217 1.424e-17
7705.093 1.424e-17
7705.970 1.659e-17
7706.847 1.426e-17
7707.723 1.426e-17
7708.600 1.427e-17
7709.477 1.427e-17
7710.353 1.428e-17
7711.230 1.428e-17
7712.107 1.420e-17
7712.983 1.564e-17
7713.860 1.429e-17
7714.737 1.478e-15
7715.613 1.430e-17
7716.490 1.431e-17
7717.367 1.431e-17
7718.243 1.430e-17
7719.120 3.728e-16
7719.997 1.432e-17
7720.873 1.433e-17
7721.750 1.434e-17
7722.627 1.434e-17
7723.503 1.431e-17
7724.380 1.435e-17
7725.257 1.436e-17
7726.133 1.436e-17
7727.010 1.427e-17
7727.887 1.412e-17
7728.763 1.437e-17
7729.640 1.438e-17
7730.517 1.438e-17
7731.393 1.438e-17
7732.270 1.438e-17
7733.147 1.439e-17
7734.023 1.473e-17
7734.900 1.579e-17
7735.777 1.437e-17
7736.653 1.437e-17
7737.530 1.436e-17
7738.407 1.436e-17
7739.283 1.436e-17
7740.160 1.435e-17
7741.037 2.088e-17
7741.913 1.434e-17
7742.790 1.434e-17
7743.667 1.433e-17
7744.543 1.433e-17
7745.420 1.432e-17
7746.297 1.431e-17
7747.173 1.431e-17
7748.050 1.431e-17
7748.927 1.430e-17
7749.803 1.430e-17
7750.680 1.429e-17
7751.557 4.056e-16
7752.433 1.428e-17
7753.310 1.428e-17
7754.187 1.429e-17
7755.063 1.429e-17
7755.940 1.429e-17
7756.817 1.430e-17
7757.693 1.430e-17
7758.570 1.694e-17
7759.447 1.431e-17
7760.323 1.431e-17
7761.200 1.431e-17
7762.077 4.393e-17
7762.953 1.432e-17
7763.830 1.433e-17
7764.707 1.433e-17
7765.583 1.433e-17
7766.460 1.641e-17
7767.337 1.434e-17
7768.213 1.434e-17
7769.090 1.435e-17
7769.967 1.435e-17
7770.843 1.435e-17
7771.720 1.436e-17
7772.597 1.436e-17
7773.473 1.436e-17
7774.350 1.435e-17
7775.227 1.435e-17
7776.103 1.435e-17
7776.980 1.434e-17
7777.857 1.434e-17
7778.733 1.434e-17
7779.610 1.433e-17
7780.487 1.433e-17
7781.363 2.504e-17
7782.240 1.433e-17
7783.117 1.432e-17
7783.993 1.432e-17
7784.870 1.432e-17
7785.747 1.832e-17
7786.623 1.431e-17
7787.500 1.431e-17
7788.377 1.449e-17
7789.253 1.430e-17
7790.130 1.430e-17
7791.007 1.430e-17
7791.883 2.118e-17
7792.760 3.620e-17
7793.637 1.430e-17
7794.513 1.429e-17
7795.390 1.430e-17
7796.267 2.395e-15
7797.143 1.437e-17
7798.020 1.430e-17
7798.897 1.430e-17
7799.773 1.430e-17
7800.650 1.430e-17
7801.527 1.871e-17
7802.403 1.430e-17
7803.280 1.430e-17
7804.157 1.430e-17
7805.033 1.430e-17
7805.910 1.431e-17
7806.787 1.431e-17
7807.663 1.431e-17
7808.540 2.134e-17
7809.417 1.431e-17
7810.293 1.431e-17
7811.170 1.431e-17
7812.047 1.431e-17
7812.923 1.431e-17
7813.800 1.540e-17
7814.677 1.430e-17
7815.553 1.453e-17
7816.430 1.429e-17
7817.307 1.429e-17
7818.183 1.429e-17
7819.060 1.428e-17
7819.937 1.428e-17
7820.813 1.428e-17
7821.690 1.427e-17
7822.567 1.427e-17
7823.443 1.427e-17
7824.320 2.183e-17
7825.197 1.426e-17
7826.073 1.426e-17
7826.950 1.425e-17
7827.827 1.858e-17
7828.703 1.425e-17
7829.580 1.424e-17
7830.457 1.452e-17
7831.333 1.423e-17
7832.210 1.423e-17
7833.087 1.423e-17
7833.963 1.424e-17
7834.840 1.424e-17
7835.717 6.029e-17
7836.593 1.424e-17
7837.470 1.425e-17
7838.347 1.425e-17
7839.223 1.425e-17
7840.100 1.425e-17
7840.977 1.425e-17
7841.853 1.422e-17
7842.730 1.425e-17
7843.607 1.426e-17
7844.483 1.426e-17
7845.360 1.427e-17
7846.237 1.427e-17
7847.113 1.427e-17
7847.990 1.666e-17
7848.867 1.427e-17
7849.743 1.428e-17
7850.620 1.428e-17
7851.497 1.428e-17
7852.373 1.428e-17
7853.250 1.428e-17
7854.127 4.731e-17
7855.003 1.428e-17
7855.880 1.428e-17
7856.757 1.425e-17
7857.633 1.428e-17
7858.510 1.428e-17
7859.387 1.428e-17
7860.263 4.178e-17
7861.140 1.426e-17
7862.017 1.428e-17
7862.893 4.465e-17
7863.770 1.428e-17
7864.647 1.428e-17
7865.523 1.427e-17
7866.400 1.427e-17
7867.277 1.427e-17
7868.153 1.416e-17
7869.030 1.427e-17
7869.907 3.535e-16
7870.783 1.427e-17
7871.660 1.427e-17
7872.537 1.427e-17
7873.413 1.427e-17
7874.290 1.427e-17
7875.167 1.426e-17
7876.043 1.427e-17
7876.920 1.427e-17
7877.797 1.427e-17
7878.673 1.400e-17
7879.550 1.427e-17
7880.427 8.301e-17
7881.303 1.427e-17
7882.180 1.424e-17
7883.057 1.423e-17
7883.933 8.049e-17
7884.810 1.427e-17
7885.687 1.427e-17
7886.563 2.532e-17
7887.440 1.426e-17
7888.317 1.421e-17
7889.193 1.414e-17
7890.070 2.682e-17
7890.947 2.887e-17
7891.823 4.549e-16
7892.700 2.493e-17
7893.577 1.425e-17
7894.453 1.424e-17
7895.330 1.428e-17
7896.207 4.644e-17
7897.083 1.412e-17
7897.960 1.418e-17
7898.837 1.422e-17
7899.713 1.422e-17
7900.590 1.421e-17
7901.467 1.420e-17
7902.343 1.420e-17
7903.220 1.418e-17
7904.097 1.396e-17
7904.973 1.511e-17
7905.850 1.416e-17
7906.727 1.417e-17
7907.603 1.417e-17
7908.480 1.415e-17
7909.357 1.413e-17
7910.233 1.415e-17
7911.110 1.405e-17
7911.987 1.414e-17
7912.863 1.378e-17
7913.740 1.413e-17
7914.617 1.413e-17
7915.493 1.412e-17
7916.370 1.412e-17
7917.247 2.055e-17
7918.123 1.409e-17
7919.000 1.406e-17
7919.877 1.401e-17
7920.753 1.409e-17
7921.630 1.408e-17
7922.507 1.406e-17
7923.383 2.021e-16
7924.260 1.407e-17
7925.137 1.407e-17
7926.013 1.406e-17
7926.890 1.404e-17
7927.767 1.405e-17
7928.643 1.405e-17
7929.520 1.404e-17
7930.397 1.941e-17
7931.273 1.401e-17
7932.150 1.396e-17
7933.027 1.393e-16
7933.903 1.387e-17
7934.780 1.402e-17
7935.657 1.409e-17
7936.533 1.401e-17
7937.410 1.914e-17
7938.287 1.401e-17
7939.163 1.397e-17
7940.040 1.400e-17
7940.917 1.515e-17
7941.793 1.400e-17
7942.670 1.719e-17
7943.547 1.399e-17
7944.423 2.201e-17
7945.300 1.399e-17
7946.177 2.676e-17
7947.053 1.398e-17
7947.930 1.398e-17
7948.807 1.397e-17
7949.683 1.396e-17
7950.560 1.397e-17
7951.437 8.358e-16
7952.313 1.396e-17
7953.190 1.392e-17
7954.067 1.397e-17
7954.943 1.399e-17
7955.820 1.398e-17
7956.697 1.400e-17
7957.573 1.401e-17
7958.450 1.397e-17
7959.327 1.402e-17
7960.203 1.402e-17
7961.080 1.403e-17
7961.957 1.404e-17
7962.833 1.379e-17
7963.710 1.394e-17
7964.587 1.405e-17
7965.463 1.398e-17
7966.340 1.405e-17
7967.217 1.402e-17
7968.093 1.410e-17
7968.970 1.410e-17
7969.847 1.409e-17
7970.723 1.405e-17
7971.600 1.733e-17
7972.477 1.412e-17
7973.353 1.411e-17
7974.230 1.410e-17
7975.107 1.411e-17
7975.983 1.410e-17
7976.860 1.409e-17
7977.737 1.910e-17
7978.613 1.405e-17
7979.490 1.408e-17
7980.367 1.407e-17
7981.243 1.407e-17
7982.120 1.401e-17
7982.997 1.405e-17
7983.873 1.405e-17
7984.750 1.405e-17
7985.627 1.404e-17
7986.503 1.356e-17
7987.380 1.403e-17
7988.257 2.168e-17
7989.133 1.411e-17
7990.010 1.401e-17
7990.887 1.401e-17
7991.763 1.400e-17
7992.640 1.399e-17
7993.517 1.400e-17
7994.393 1.401e-17
7995.270 1.398e-17
7996.147 1.410e-17
7997.023 1.401e-17
7997.900 1.401e-17
7998.777 1.397e-17
7999.653 2.382e-17
8000.530 1.384e-17
8001.407 1.399e-17
8002.283 2.033e-17
8003.160 1.396e-17
8004.037 2.208e-17
8004.913 1.405e-17
8005.790 1.403e-17
8006.667 1.403e-17
8007.543 1.405e-17
8008.420 1.406e-17
8009.297 1.404e-17
8010.173 1.404e-17
8011.050 1.407e-17
8011.927 1.408e-17
8012.803 2.441e-17
8013.680 1.407e-17
8014.557 1.400e-17
8015.433 1.402e-17
8016.310 4.348e-16
8017.187 1.405e-17
8018.063 1.405e-17
8018.940 1.404e-17
8019.817 1.403e-17
8020.693 1.403e-17
8021.570 1.404e-17
8022.447 1.398e-17
8023.323 1.403e-17
8024.200 1.394e-17
8025.077 1.396e-17
8025.953 3.581e-17
8026.830 1.401e-17
8027.707 1.401e-17
8028.583 1.400e-17
8029.460 1.400e-17
8030.337 6.675e-17
8031.213 6.251e-17
8032.090 1.850e-17
8032.967 1.399e-17
8033.843 1.401e-17
8034.720 1.398e-17
8035.597 1.396e-17
8036.473 1.361e-17
8037.350 1.396e-17
8038.227 1.396e-17
8039.103 1.396e-17
8039.980 1.394e-17
8040.857 1.395e-17
8041.733 2.131e-17
8042.610 1.395e-17
8043.487 1.394e-17
8044.363 1.392e-17
8045.240 1.389e-17
8046.117 1.380e-17
8046.993 1.392e-17
8047.870 1.379e-17
8048.747 1.627e-17
8049.623 1.391e-17
8050.500 1.391e-17
8051.377 1.390e-17
8052.253 1.400e-17
8053.130 1.390e-17
8054.007 1.391e-17
8054.883 1.390e-17
8055.760 1.391e-17
8056.637 1.382e-17
8057.513 1.392e-17
8058.390 1.392e-17
8059.267 1.425e-17
8060.143 1.393e-17
8061.020 1.384e-17
8061.897 1.391e-17
8062.773 1.393e-17
8063.650 1.394e-17
8064.527 1.885e-16
8065.403 1.387e-17
8066.280 1.395e-17
8067.157 1.395e-17
8068.033 1.391e-17
8068.910 1.396e-17
8069.787 1.966e-17
8070.663 1.395e-17
8071.540 1.395e-17
8072.417 1.393e-17
8073.293 1.389e-17
8074.170 1.395e-17
8075.047 1.394e-17
8075.923 1.393e-17
8076.800 1.392e-17
8077.677 1.387e-17
8078.553 1.379e-17
8079.430 1.818e-17
8080.307 1.389e-17
8081.183 1.388e-17
8082.060 1.387e-17
8082.937 1.386e-17
8083.813 1.381e-17
8084.690 1.385e-17
8085.567 1.384e-17
8086.443 1.383e-17
8087.320 1.365e-17
8088.197 1.381e-17
8089.073 1.381e-17
8089.950 1.380e-17
8090.827 1.376e-17
8091.703 1.379e-17
8092.580 1.370e-17
8093.457 1.377e-17
8094.333 1.379e-17
8095.210 1.381e-17
8096.087 1.380e-17
8096.963 1.380e-17
8097.840 1.383e-17
8098.717 1.367e-17
8099.593 1.382e-17
8100.470 1.384e-17
8101.347 1.385e-17
8102.223 1.387e-17
8103.100 1.388e-17
8103.977 1.386e-17
8104.853 1.389e-17
8105.730 1.389e-17
8106.607 1.612e-17
8107.483 1.391e-17
8108.360 1.391e-17
8109.237 1.392e-17
8110.113 1.343e-17
8110.990 1.537e-17
8111.867 1.395e-17
8112.743 1.374e-17
8113.620 1.956e-17
8114.497 1.389e-17
8115.373 1.758e-17
8116.250 1.348e-17
8117.127 1.389e-17
8118.003 1.396e-17
8118.880 1.395e-17
8119.757 1.397e-17
8120.633 1.386e-17
8121.510 1.396e-17
8122.387 1.396e-17
8123.263 1.395e-17
8124.140 1.397e-17
8125.017 1.374e-17
8125.893 1.384e-17
8126.770 1.397e-17
8127.647 1.330e-17
8128.523 1.721e-17
8129.400 1.387e-17
8130.277 1.398e-17
8131.153 1.398e-17
8132.030 1.394e-17
8132.907 2.054e-17
8133.783 2.112e-17
8134.660 1.385e-17
8135.537 1.381e-17
8136.413 1.389e-17
8137.290 1.151e-17
8138.167 1.395e-17
8139.043 2.643e-17
8139.920 1.397e-17
8140.797 1.395e-17
8141.673 1.395e-17
8142.550 1.391e-17
8143.427 1.392e-17
8144.303 1.313e-17
8145.180 1.395e-17
8146.057 1.217e-17
8146.933 1.392e-17
8147.810 1.394e-17
8148.687 8.885e-17
8149.563 1.361e-17
8150.440 1.355e-17
8151.317 1.387e-17
8152.193 1.318e-17
8153.070 1.394e-17
8153.947 1.393e-17
8154.823 1.242e-17
8155.700 1.383e-17
8156.577 1.325e-17
8157.453 1.390e-17
8158.330 1.391e-17
8159.207 1.388e-17
8160.083 1.339e-17
8160.960 1.391e-17
8161.837 1.393e-17
8162.713 1.392e-17
8163.590 1.124e-17
8164.467 1.247e-17
8165.343 1.389e-17
8166.220 1.375e-17
8167.097 1.350e-17
8167.973 1.389e-17
8168.850 1.389e-17
8169.727 1.393e-17
8170.603 1.388e-17
8171.480 1.351e-17
8172.357 1.134e-17
8173.233 1.390e-17
8174.110 1.389e-17
8174.987 1.388e-17
8175.863 1.385e-17
8176.740 1.382e-17
8177.617 1.384e-17
8178.493 1.376e-17
8179.370 1.167e-17
8180.247 1.160e-17
8181.123 1.332e-17
8182.000 1.371e-17
8182.877 1.375e-17
8183.753 1.362e-17
8184.630 1.363e-17
8185.507 1.364e-17
8186.383 1.368e-17
8187.260 1.370e-17
8188.137 1.363e-17
8189.013 1.358e-17
8189.890 1.362e-17
8190.767 1.359e-17
8191.643 1.088e-17
8192.520 1.360e-17
8193.397 1.359e-17
8194.273 1.357e-17
8195.150 1.309e-17
8196.027 1.354e-17
8196.903 1.365e-17
8197.780 1.505e-17
8198.657 1.367e-17
8199.533 1.350e-17
8200.410 1.352e-17
8201.287 1.249e-17
8202.163 1.289e-17
8203.040 1.243e-17
8203.917 1.371e-17
8204.793 1.374e-17
8205.670 1.374e-17
8206.547 1.375e-17
8207.423 1.375e-17
8208.300 1.835e-17
8209.177 1.378e-17
8210.053 1.379e-17
8210.930 1.379e-17
8211.807 1.297e-17
8212.683 1.360e-17
8213.560 1.377e-17
8214.437 1.204e-17
8215.313 1.381e-17
8216.190 2.344e-17
8217.067 1.380e-17
8217.943 1.381e-17
8218.820 1.381e-17
8219.697 1.379e-17
8220.573 1.341e-17
8221.450 1.380e-17
8222.327 1.381e-17
8223.203 1.378e-17
8224.080 1.370e-17
8224.957 1.380e-17
8225.833 1.375e-17
8226.710 1.337e-17
8227.587 1.376e-17
8228.463 1.374e-17
8229.340 1.086e-17
8230.217 9.659e-18
8231.093 1.162e-17
8231.970 1.131e-17
8232.847 1.358e-17
8233.723 1.215e-17
8234.600 1.377e-17
8235.477 1.379e-17
8236.353 1.327e-17
8237.230 1.381e-17
8238.107 1.374e-17
8238.983 1.382e-17
8239.860 1.377e-17
8240.737 1.378e-17
8241.613 1.383e-17
8242.490 1.377e-17
8243.367 1.385e-17
8244.243 2.503e-17
8245.120 1.378e-17
8245.997 1.345e-17
8246.873 1.385e-17
8247.750 1.387e-17
8248.627 1.387e-17
8249.503 1.449e-17
8250.380 1.388e-17
8251.257 1.388e-17
8252.133 1.389e-17
8253.010 1.389e-17
8253.887 1.386e-17
8254.763 1.378e-17
8255.640 1.388e-17
8256.517 1.390e-17
8257.393 2.980e-17
8258.270 1.381e-17
8259.147 1.369e-17
8260.023 1.379e-17
8260.900 1.391e-17
8261.777 1.358e-17
8262.653 1.373e-17
8263.530 1.392e-17
8264.407 1.392e-17
8265.283 1.389e-17
8266.160 1.378e-17
8267.037 1.390e-17
8267.913 1.392e-17
8268.790 1.393e-17
8269.667 1.394e-17
8270.543 1.394e-17
8271.420 1.368e-17
8272.297 1.395e-17
8273.173 1.394e-17
8274.050 1.380e-17
8274.927 1.392e-17
8275.803 1.390e-17
8276.680 8.674e-18
8277.557 1.391e-17
8278.433 1.389e-17
8279.310 1.388e-17
8280.187 1.395e-17
8281.063 1.385e-17
8281.940 1.122e-17
8282.817 1.394e-17
8283.693 1.390e-17
8284.570 2.036e-17
8285.447 8.492e-17
8286.323 1.397e-17
8287.200 3.114e-17
8288.077 1.397e-17
8288.953 1.394e-17
8289.830 1.376e-17
8290.707 1.379e-17
8291.583 1.377e-17
8292.460 1.395e-17
8293.337 1.395e-17
8294.213 1.398e-17
8295.090 1.397e-17
8295.967 1.390e-17
8296.843 1.191e-17
8297.720 1.383e-17
8298.597 5.227e-16
8299.473 1.398e-17
8300.350 1.393e-17
8301.227 2.583e-15
8302.103 1.393e-17
8302.980 1.382e-17
8303.857 1.398e-17
8304.733 4.344e-17
8305.610 1.397e-17
8306.487 1.293e-17
8307.363 7.433e-18
8308.240 1.397e-17
8309.117 1.398e-17
8309.993 1.393e-17
8310.870 1.395e-17
8311.747 1.399e-17
8312.623 1.396e-17
8313.500 1.396e-17
8314.377 1.354e-17
8315.253 1.393e-17
8316.130 1.340e-17
8317.007 1.393e-17
8317.883 1.390e-17
8318.760 1.383e-17
8319.637 1.389e-17
8320.513 1.200e-17
8321.390 1.388e-17
8322.267 1.388e-17
8323.143 1.378e-17
8324.020 1.321e-17
8324.897 1.384e-17
8325.773 1.384e-17
8326.650 1.382e-17
8327.527 1.382e-17
8328.403 1.380e-17
8329.280 1.365e-17
8330.157 1.379e-17
8331.033 1.376e-17
8331.910 1.229e-17
8332.787 1.367e-17
8333.663 1.378e-17
8334.540 1.355e-17
8335.417 1.378e-17
8336.293 1.376e-17
8337.170 1.381e-17
8338.047 1.378e-17
8338.923 1.384e-17
8339.800 5.142e-17
8340.677 2.516e-17
8341.553 1.368e-17
8342.430 1.387e-17
8343.307 1.388e-17
8344.183 1.377e-17
8345.060 1.389e-17
8345.937 1.391e-17
8346.813 2.897e-17
8347.690 1.392e-17
8348.567 1.393e-17
8349.443 1.393e-17
8350.320 1.395e-17
8351.197 1.393e-17
8352.073 1.396e-17
8352.950 1.397e-17
8353.827 1.398e-17
8354.703 1.397e-17
8355.580 1.395e-17
8356.457 1.397e-17
8357.333 1.397e-17
8358.210 1.398e-17
8359.087 1.392e-17
8359.963 1.396e-17
8360.840 1.399e-17
8361.717 1.394e-17
8362.593 1.400e-17
8363.470 1.535e-17
8364.347 1.350e-17
8365.223 1.551e-17
8366.100 1.400e-17
8366.977 1.400e-17
8367.853 2.441e-17
8368.730 6.188e-17
8369.607 1.312e-17
8370.483 1.401e-17
8371.360 1.399e-17
8372.237 1.401e-17
8373.113 1.396e-17
8373.990 1.402e-17
8374.867 1.399e-17
8375.743 1.398e-17
8376.620 1.400e-17
8377.497 1.401e-17
8378.373 1.879e-17
8379.250 1.399e-17
8380.127 1.400e-17
8381.003 1.401e-17
8381.880 1.401e-17
8382.757 1.400e-17
8383.633 1.398e-17
8384.510 1.399e-17
8385.387 1.399e-17
8386.263 1.396e-17
8387.140 1.391e-17
8388.017 1.388e-17
8388.893 1.399e-17
8389.770 1.399e-17
8390.647 1.397e-17
8391.523 1.399e-17
8392.400 2.399e-17
8393.277 1.400e-17
8394.153 1.400e-17
8395.030 1.400e-17
8395.907 1.398e-17
8396.783 1.394e-17
8397.660 1.401e-17
8398.537 1.401e-17
8399.413 1.378e-17
8400.290 1.402e-17
8401.167 1.402e-17
8402.043 1.402e-17
8402.920 1.393e-17
8403.797 1.403e-17
8404.673 1.404e-17
8405.550 1.404e-17
8406.427 1.396e-17
8407.303 1.403e-17
8408.180 1.404e-17
8409.057 1.405e-17
8409.933 1.406e-17
8410.810 1.391e-17
8411.687 1.405e-17
8412.563 1.406e-17
8413.440 1.399e-17
8414.317 1.406e-17
8415.193 1.405e-17
8416.070 1.405e-17
8416.947 1.404e-17
8417.823 1.384e-17
8418.700 1.403e-17
8419.577 1.394e-17
8420.453 1.402e-17
8421.330 1.403e-17
8422.207 1.403e-17
8423.083 1.402e-17
8423.960 1.402e-17
8424.837 1.401e-17
8425.713 1.461e-17
8426.590 1.401e-17
8427.467 1.400e-17
8428.343 1.400e-17
8429.220 1.399e-17
8430.097 1.392e-17
8430.973 1.399e-17
8431.850 1.394e-17
8432.727 1.398e-17
8433.603 1.399e-17
8434.480 4.116e-17
8435.357 1.400e-17
8436.233 1.400e-17
8437.110 1.400e-17
8437.987 1.401e-17
8438.863 1.395e-17
8439.740 1.400e-17
8440.617 1.402e-17
8441.493 1.403e-17
8442.370 1.402e-17
8443.247 1.401e-17
8444.123 1.404e-17
8445.000 1.403e-17
8445.877 1.405e-17
8446.753 1.405e-17
8447.630 1.405e-17
8448.507 1.401e-17
8449.383 1.406e-17
8450.260 1.406e-17
8451.137 1.407e-17
8452.013 1.407e-17
8452.890 1.407e-17
8453.767 1.407e-17
8454.643 1.326e-15
8455.520 1.407e-17
8456.397 1.571e-17
8457.273 1.407e-17
8458.150 1.407e-17
8459.027 1.545e-17
8459.903 1.407e-17
8460.780 1.407e-17
8461.657 1.407e-17
8462.533 1.386e-17
8463.410 1.407e-17
8464.287 1.406e-17
8465.163 1.406e-17
8466.040 1.406e-17
8466.917 1.406e-17
8467.793 1.922e-15
8468.670 1.406e-17
8469.547 1.406e-17
8470.423 1.406e-17
8471.300 1.406e-17
8472.177 1.406e-17
8473.053 1.405e-17
8473.930 1.403e-17
8474.807 1.402e-17
8475.683 1.400e-17
8476.560 1.397e-17
8477.437 1.397e-17
8478.313 1.395e-17
8479.190 1.394e-17
8480.067 1.391e-17
8480.943 1.390e-17
8481.820 1.388e-17
8482.697 1.387e-17
8483.573 1.386e-17
8484.450 1.384e-17
8485.327 1.382e-17
8486.203 1.381e-17
8487.080 1.379e-17
8487.957 1.378e-17
8488.833 1.376e-17
8489.710 1.374e-17
8490.587 1.370e-17
8491.463 1.371e-17
8492.340 1.370e-17
8493.217 1.371e-17
8494.093 1.359e-17
8494.970 1.374e-17
8495.847 1.391e-17
8496.723 2.096e-17
8497.600 1.378e-17
8498.477 1.379e-17
8499.353 1.668e-17
8500.230 1.384e-17
8501.107 1.382e-17
8501.983 1.384e-17
8502.860 1.385e-17
8503.737 1.387e-17
8504.613 1.387e-17
8505.490 2.113e-17
8506.367 1.391e-17
8507.243 1.392e-17
8508.120 1.384e-17
8508.997 1.394e-17
8509.873 1.396e-17
8510.750 1.397e-17
8511.627 1.398e-17
8512.503 1.399e-17
8513.380 1.398e-17
8514.257 1.369e-17
8515.133 1.397e-17
8516.010 1.396e-17
8516.887 1.395e-17
8517.763 1.394e-17
8518.640 1.394e-17
8519.517 1.393e-17
8520.393 1.392e-17
8521.270 1.391e-17
8522.147 1.388e-17
8523.023 1.402e-17
8523.900 1.389e-17
8524.777 1.389e-17
8525.653 1.388e-17
8526.530 1.387e-17
8527.407 1.386e-17
8528.283 1.386e-17
8529.160 1.385e-17
8530.037 1.384e-17
8530.913 1.384e-17
8531.790 1.383e-17
8532.667 1.381e-17
8533.543 1.378e-17
8534.420 1.375e-17
8535.297 1.373e-17
8536.173 1.369e-17
8537.050 1.361e-17
8537.927 1.364e-17
8538.803 1.354e-17
8539.680 1.358e-17
8540.557 1.355e-17
8541.433 1.352e-17
8542.310 1.346e-17
8543.187 1.326e-17
8544.063 1.344e-17
8544.940 1.341e-17
8545.817 1.338e-17
8546.693 1.335e-17
8547.570 1.332e-17
8548.447 1.327e-17
8549.323 1.326e-17
8550.200 1.323e-17
8551.077 1.320e-17
8551.953 1.316e-17
8552.830 1.318e-17
8553.707 1.324e-17
8554.583 1.329e-17
8555.460 1.333e-17
8556.337 1.337e-17
8557.213 1.341e-17
8558.090 1.347e-17
8558.967 1.352e-17
8559.843 1.357e-17
8560.720 1.361e-17
8561.597 1.366e-17
8562.473 1.371e-17
8563.350 1.375e-17
8564.227 1.380e-17
8565.103 1.384e-17
8565.980 1.389e-17
8566.857 1.394e-17
8567.733 1.399e-17
8568.610 1.403e-17
8569.487 1.408e-17
8570.363 1.412e-17
8571.240 1.416e-17
8572.117 1.422e-17
8572.993 1.421e-17
8573.870 1.422e-17
8574.747 1.422e-17
8575.623 1.421e-17
8576.500 1.422e-17
8577.377 1.422e-17
8578.253 1.421e-17
8579.130 1.421e-17
8580.007 3.641e-17
8580.883 1.421e-17
8581.760 1.420e-17
8582.637 1.420e-17
8583.513 1.419e-17
8584.390 1.419e-17
8585.267 1.419e-17
8586.143 1.418e-17
8587.020 1.418e-17
8587.897 1.418e-17
8588.773 1.417e-17
8589.650 1.417e-17
8590.527 1.416e-17
8591.403 1.416e-17
8592.280 1.416e-17
8593.157 1.416e-17
8594.033 1.415e-17
8594.910 1.415e-17
8595.787 1.416e-17
8596.663 1.416e-17
8597.540 1.416e-17
8598.417 1.416e-17
8599.293 1.416e-17
8600.170 1.416e-17
8601.047 1.416e-17
8601.923 1.416e-17
8602.800 1.416e-17
8603.677 1.416e-17
8604.553 1.417e-17
8605.430 1.417e-17
8606.307 1.417e-17
8607.183 1.417e-17
8608.060 1.415e-17
8608.937 1.417e-17
8609.813 1.417e-17
8610.690 2.551e-17
8611.567 1.417e-17
8612.443 1.417e-17
8613.320 1.417e-17
8614.197 1.417e-17
8615.073 1.418e-17
8615.950 1.418e-17
8616.827 1.461e-17
8617.703 1.418e-17
8618.580 1.418e-17
8619.457 2.453e-17
8620.333 1.418e-17
8621.210 1.418e-17
8622.087 1.418e-17
8622.963 1.419e-17
8623.840 5.626e-17
8624.717 1.419e-17
8625.593 1.419e-17
8626.470 1.419e-17
8627.347 1.419e-17
8628.223 1.419e-17
8629.100 1.419e-17
8629.977 1.420e-17
8630.853 1.420e-17
8631.730 1.410e-16
8632.607 1.420e-17
8633.483 1.419e-17
8634.360 1.418e-17
8635.237 1.417e-17
8636.113 1.416e-17
8636.990 1.415e-17
8637.867 1.414e-17
8638.743 1.414e-17
8639.620 1.413e-17
8640.497 1.412e-17
8641.373 1.411e-17
8642.250 1.410e-17
8643.127 1.409e-17
8644.003 1.408e-17
8644.880 1.407e-17
8645.757 1.407e-17
8646.633 1.406e-17
8647.510 1.405e-17
8648.387 1.404e-17
8649.263 4.109e-16
8650.140 1.402e-17
8651.017 1.401e-17
8651.893 1.400e-17
8652.770 8.575e-17
8653.647 6.002e-16
8654.523 1.393e-17
8655.400 1.390e-17
8656.277 1.387e-17
8657.153 1.384e-17
8658.030 1.381e-17
8658.907 1.378e-17
8659.783 1.375e-17
8660.660 1.372e-17
8661.537 7.355e-16
8662.413 1.366e-17
8663.290 1.363e-17
8664.167 1.360e-17
8665.043 1.357e-17
8665.920 1.354e-17
8666.797 1.351e-17
8667.673 1.348e-17
8668.550 1.345e-17
8669.427 1.342e-17
8670.303 1.985e-17
8671.180 1.336e-17
8672.057 1.333e-17
8672.933 1.333e-17
8673.810 1.336e-17
8674.687 1.339e-17
8675.563 1.341e-17
8676.440 1.344e-17
8677.317 1.347e-17
8678.193 1.349e-17
8679.070 1.352e-17
8679.947 1.355e-17
8680.823 1.357e-17
8681.700 1.360e-17
8682.577 1.426e-16
8683.453 1.365e-17
8684.330 1.368e-17
8685.207 1.370e-17
8686.083 1.373e-17
8686.960 1.376e-17
8687.837 1.378e-17
8688.713 1.381e-17
8689.590 5.253e-17
8690.467 1.386e-17
8691.343 1.388e-17
8692.220 1.391e-17
8693.097 1.392e-17
8693.973 1.391e-17
8694.850 1.390e-17
8695.727 1.716e-17
8696.603 1.389e-17
8697.480 1.388e-17
8698.357 1.388e-17
8699.233 1.387e-17
8700.110 1.387e-17
8700.987 1.386e-17
8701.863 1.385e-17
8702.740 1.385e-17
8703.617 1.384e-17
8704.493 1.737e-17
8705.370 1.384e-17
8706.247 1.383e-17
8707.123 1.383e-17
8708.000 3.951e-17
8708.877 1.382e-17
8709.753 1.382e-17
8710.630 1.381e-17
8711.507 1.381e-17
8712.383 1.381e-17
8713.260 1.381e-17
8714.137 1.380e-17
8715.013 1.380e-17
8715.890 1.380e-17
8716.767 1.379e-17
8717.643 1.379e-17
8718.520 1.379e-17
8719.397 1.378e-17
8720.273 1.378e-17
8721.150 1.962e-17
8722.027 1.377e-17
8722.903 1.377e-17
8723.780 1.376e-17
8724.657 1.377e-17
8725.533 1.376e-17
8726.410 1.376e-17
8727.287 1.377e-17
8728.163 1.377e-17
8729.040 1.822e-17
8729.917 1.377e-17
8730.793 1.377e-17
8731.670 1.377e-17
8732.547 1.378e-17
8733.423 1.378e-17
8734.300 1.378e-17
8735.177 1.378e-17
8736.053 1.378e-17
8736.930 1.379e-17
8737.807 1.379e-17
8738.683 1.379e-17
8739.560 1.379e-17
8740.437 1.379e-17
8741.313 1.380e-17
8742.190 1.380e-17
8743.067 2.003e-17
8743.943 1.380e-17
8744.820 1.380e-17
8745.697 1.380e-17
8746.573 1.380e-17
8747.450 1.381e-17
8748.327 1.381e-17
8749.203 1.381e-17
8750.080 1.381e-17
8750.957 1.381e-17
8751.833 1.381e-17
8752.710 2.510e-17
8753.587 1.382e-17
8754.463 1.382e-17
8755.340 1.382e-17
8756.217 1.382e-17
8757.093 1.382e-17
8757.970 1.382e-17
8758.847 1.383e-17
8759.723 1.383e-17
8760.600 1.383e-17
8761.477 1.383e-17
8762.353 1.383e-17
8763.230 1.383e-17
8764.107 8.346e-17
8764.983 1.381e-17
8765.860 1.381e-17
8766.737 1.380e-17
8767.613 1.379e-17
8768.490 1.379e-17
8769.367 1.378e-17
8770.243 1.034e-15
8771.120 1.377e-17
8771.997 1.376e-17
8772.873 1.457e-17
8773.750 1.375e-17
8774.627 1.374e-17
8775.503 1.373e-17
8776.380 1.373e-17
8777.257 1.372e-17
8778.133 1.371e-17
8779.010 1.371e-17
8779.887 1.370e-17
8780.763 4.218e-15
8781.640 1.369e-17
8782.517 1.365e-17
8783.393 1.368e-17
8784.270 1.368e-17
8785.147 1.368e-17
8786.023 1.369e-17
8786.900 1.369e-17
8787.777 1.369e-17
8788.653 1.369e-17
8789.530 1.369e-17
8790.407 1.369e-17
8791.283 1.369e-17
8792.160 1.369e-17
8793.037 1.369e-17
8793.913 1.370e-17
8794.790 1.368e-17
8795.667 1.370e-17
8796.543 1.370e-17
8797.420 1.370e-17
8798.297 1.370e-17
8799.173 1.370e-17
8800.050 1.370e-17
8800.927 1.370e-17
8801.803 1.371e-17
8802.680 1.370e-17
8803.557 1.370e-17
8804.433 2.201e-17
8805.310 1.370e-17
8806.187 1.369e-17
8807.063 1.369e-17
8807.940 1.368e-17
8808.817 1.368e-17
8809.693 1.368e-17
8810.570 1.368e-17
8811.447 1.368e-17
8812.323 1.367e-17
8813.200 1.367e-17
8814.077 1.358e-17
8814.953 1.366e-17
8815.830 1.366e-17
8816.707 1.366e-17
8817.583 1.365e-17
8818.460 1.365e-17
8819.337 1.365e-17
8820.213 1.365e-17
8821.090 1.363e-17
8821.967 1.363e-17
8822.843 1.363e-17
8823.720 1.364e-17
8824.597 1.364e-17
8825.473 1.365e-17
8826.350 1.365e-17
8827.227 1.366e-17
8828.103 1.366e-17
8828.980 1.366e-17
8829.857 1.367e-17
8830.733 1.367e-17
8831.610 1.368e-17
8832.487 1.368e-17
8833.363 1.368e-17
8834.240 1.369e-17
8835.117 1.369e-17
8835.993 4.207e-17
8836.870 1.676e-17
8837.747 1.370e-17
8838.623 1.371e-17
8839.500 1.371e-17
8840.377 1.371e-17
8841.253 1.372e-17
8842.130 1.372e-17
8843.007 1.372e-17
8843.883 1.371e-17
8844.760 1.371e-17
8845.637 1.370e-17
8846.513 1.370e-17
8847.390 1.369e-17
8848.267 1.368e-17
8849.143 1.368e-17
8850.020 1.368e-17
8850.897 1.367e-17
8851.773 1.367e-17
8852.650 1.366e-17
8853.527 1.366e-17
8854.403 1.365e-17
8855.280 1.365e-17
8856.157 1.364e-17
8857.033 1.364e-17
8857.910 1.363e-17
8858.787 1.363e-17
8859.663 1.352e-17
8860.540 1.361e-17
8861.417 1.358e-17
8862.293 1.529e-17
8863.170 1.492e-17
8864.047 2.661e-17
8864.923 3.641e-17
8865.800 5.834e-17
8866.677 1.361e-17
8867.553 1.360e-17
8868.430 1.360e-17
8869.307 1.370e-17
8870.183 1.361e-17
8871.060 1.361e-17
8871.937 1.361e-17
8872.813 1.361e-17
8873.690 1.361e-17
8874.567 1.361e-17
8875.443 1.361e-17
8876.320 1.361e-17
8877.197 1.361e-17
8878.073 1.361e-17
8878.950 1.361e-17
8879.827 1.361e-17
8880.703 1.361e-17
8881.580 1.354e-17
8882.457 1.361e-17
8883.333 1.361e-17
8884.210 1.360e-17
8885.087 1.360e-17
8885.963 1.360e-17
8886.840 1.360e-17
8887.717 1.360e-17
8888.593 1.360e-17
8889.470 1.360e-17
8890.347 1.359e-17
8891.223 1.476e-17
8892.100 1.359e-17
8892.977 1.359e-17
8893.853 1.359e-17
8894.730 1.359e-17
8895.607 1.358e-17
8896.483 1.358e-17
8897.360 1.358e-17
8898.237 1.358e-17
8899.113 1.634e-17
8899.990 1.358e-17
8900.867 1.357e-17
8901.743 1.357e-17
8902.620 1.357e-17
8903.497 1.356e-17
8904.373 1.356e-17
8905.250 1.356e-17
8906.127 1.356e-17
8907.003 1.355e-17
8907.880 1.355e-17
8908.757 1.355e-17
8909.633 1.348e-17
8910.510 1.354e-17
8911.387 1.354e-17
8912.263 1.353e-17
8913.140 1.353e-17
8914.017 1.353e-17
8914.893 1.353e-17
8915.770 1.352e-17
8916.647 1.352e-17
8917.523 1.352e-17
8918.400 1.341e-17
8919.277 1.926e-17
8920.153 1.346e-17
8921.030 1.350e-17
8921.907 1.346e-17
8922.783 1.349e-17
8923.660 1.350e-17
8924.537 1.350e-17
8925.413 1.350e-17
8926.290 1.350e-17
8927.167 1.347e-17
8928.043 1.350e-17
8928.920 1.349e-17
8929.797 1.406e-17
8930.673 1.609e-17
8931.550 1.775e-17
8932.427 1.345e-17
8933.303 1.347e-17
8934.180 1.465e-17
8935.057 1.350e-17
8935.933 1.349e-17
8936.810 1.840e-17
8937.687 1.351e-17
8938.563 1.350e-17
8939.440 1.350e-17
8940.317 1.350e-17
8941.193 1.351e-17
8942.070 1.350e-17
8942.947 1.329e-17
8943.823 1.403e-17
8944.700 1.312e-17
8945.577 1.351e-17
8946.453 1.350e-17
8947.330 1.351e-17
8948.207 1.350e-17
8949.083 1.336e-17
8949.960 1.801e-17
8950.837 1.347e-17
8951.713 1.350e-17
8952.590 1.351e-17
8953.467 1.350e-17
8954.343 1.323e-17
8955.220 1.350e-17
8956.097 1.350e-17
8956.973 1.329e-17
8957.850 1.341e-17
8958.727 1.351e-17
8959.603 1.352e-17
8960.480 3.933e-16
8961.357 1.350e-17
8962.233 1.353e-17
8963.110 1.343e-17
8963.987 1.346e-17
8964.863 1.089e-17
8965.740 1.354e-17
8966.617 1.345e-17
8967.493 2.360e-17
8968.370 1.331e-17
8969.247 1.337e-17
8970.123 1.345e-17
8971.000 2.097e-17
8971.877 2.009e-17
8972.753 1.341e-17
8973.630 9.995e-17
8974.507 1.327e-17
8975.383 1.219e-17
8976.260 1.452e-17
8977.137 1.191e-17
8978.013 1.361e-17
8978.890 1.221e-17
8979.767 1.336e-17
8980.643 1.336e-17
8981.520 1.334e-17
8982.397 1.322e-17
8983.273 1.238e-17
8984.150 1.328e-17
8985.027 1.333e-17
8985.903 1.333e-17
8986.780 1.324e-17
8987.657 1.331e-17
8988.533 1.320e-17
8989.410 1.760e-17
8990.287 1.178e-17
8991.163 1.314e-17
8992.040 1.235e-17
8992.917 1.290e-17
8993.793 1.275e-17
8994.670 1.259e-17
8995.547 2.231e-17
8996.423 1.327e-17
8997.300 1.329e-17
8998.177 1.330e-17
8999.053 1.330e-17
8999.930 1.329e-17
9000.807 1.328e-17
9001.683 1.323e-17
9002.560 1.122e-17
9003.437 1.282e-17
9004.313 1.326e-17
9005.190 1.325e-17
9006.067 8.300e-18
9006.943 1.319e-17
9007.820 1.328e-17
9008.697 1.327e-17
9009.573 1.152e-17
9010.450 1.291e-17
9011.327 1.316e-17
9012.203 1.328e-17
9013.080 1.328e-17
9013.957 1.301e-17
9014.833 1.313e-17
9015.710 1.327e-17
9016.587 1.329e-17
9017.463 1.325e-17
9018.340 1.316e-17
9019.217 4.699e-18
9020.093 1.316e-17
9020.970 1.326e-17
9021.847 1.329e-17
9022.723 1.318e-17
9023.600 1.327e-17
9024.477 1.316e-17
9025.353 1.227e-17
9026.230 1.324e-17
9027.107 1.315e-17
9027.983 1.279e-17
9028.860 1.295e-17
9029.737 1.325e-17
9030.613 1.327e-17
9031.490 2.195e-17
9032.367 1.324e-17
9033.243 1.322e-17
9034.120 1.291e-17
9034.997 1.324e-17
9035.873 1.326e-17
9036.750 1.325e-17
9037.627 1.321e-17
9038.503 1.325e-17
9039.380 1.325e-17
9040.257 1.324e-17
9041.133 1.324e-17
9042.010 1.323e-17
9042.887 1.320e-17
9043.763 1.314e-17
9044.640 1.289e-17
9045.517 1.285e-17
9046.393 1.322e-17
9047.270 1.323e-17
9048.147 1.324e-17
9049.023 1.323e-17
9049.900 1.195e-17
9050.777 1.321e-17
9051.653 5.348e-16
9052.530 1.323e-17
9053.407 1.313e-17
9054.283 1.322e-17
9055.160 1.294e-17
9056.037 1.316e-17
9056.913 1.319e-17
9057.790 1.323e-17
9058.667 1.323e-17
9059.543 2.165e-17
9060.420 1.323e-17
9061.297 1.323e-17
9062.173 1.320e-17
9063.050 1.188e-17
9063.927 1.317e-17
9064.803 1.312e-17
9065.680 1.313e-17
9066.557 1.035e-17
9067.433 1.317e-17
9068.310 1.313e-17
9069.187 1.317e-17
9070.063 1.297e-17
9070.940 2.350e-17
9071.817 1.158e-17
9072.693 1.308e-17
9073.570 1.304e-17
9074.447 2.846e-18
9075.323 1.300e-17
9076.200 1.302e-17
9077.077 1.454e-17
9077.953 1.307e-17
9078.830 1.416e-17
9079.707 1.307e-17
9080.583 1.303e-17
9081.460 1.156e-17
9082.337 6.805e-18
9083.213 1.277e-17
9084.090 1.257e-17
9084.967 1.303e-17
9085.843 1.298e-17
9086.720 1.306e-17
9087.597 1.297e-17
9088.473 1.297e-17
9089.350 1.073e-17
9090.227 1.296e-17
9091.103 1.305e-17
9091.980 1.301e-17
9092.857 2.023e-17
9093.733 1.663e-17
9094.610 1.343e-17
9095.487 1.302e-17
9096.363 1.095e-17
9097.240 1.303e-17
9098.117 1.299e-17
9098.993 1.310e-17
9099.870 1.491e-17
9100.747 1.262e-17
9101.623 1.297e-17
9102.500 1.205e-17
