4500.000 9.640e-18
4500.877 9.670e-18
4501.753 9.699e-18
4502.630 9.729e-18
4503.507 9.758e-18
4504.383 9.787e-18
4505.260 9.817e-18
4506.137 9.846e-18
4507.013 9.842e-18
4507.890 9.829e-18
4508.767 9.816e-18
4509.643 9.804e-18
4510.520 9.791e-18
4511.397 9.778e-18
4512.273 9.766e-18
4513.150 9.753e-18
4514.027 9.740e-18
4514.903 9.728e-18
4515.780 9.716e-18
4516.657 9.689e-18
4517.533 9.640e-18
4518.410 9.591e-18
4519.287 9.542e-18
4520.163 9.493e-18
4521.040 9.444e-18
4521.917 9.395e-18
4522.793 9.346e-18
4523.670 9.297e-18
4524.547 9.249e-18
4525.423 9.200e-18
4526.300 9.152e-18
4527.177 9.157e-18
4528.053 9.162e-18
4528.930 9.167e-18
4529.807 9.244e-18
4530.683 9.178e-18
4531.560 9.183e-18
4532.437 9.188e-18
4533.313 9.193e-18
4534.190 9.199e-18
4535.067 9.204e-18
4535.943 9.209e-18
4536.820 9.211e-18
4537.697 9.211e-18
4538.573 9.210e-18
4539.450 9.210e-18
4540.327 9.210e-18
4541.203 9.210e-18
4542.080 9.209e-18
4542.957 1.949e-17
4543.833 9.208e-18
4544.710 9.208e-18
4545.587 1.280e-17
4546.463 9.210e-18
4547.340 9.222e-18
4548.217 9.234e-18
4549.093 9.246e-18
4549.970 9.258e-18
4550.847 9.270e-18
4551.723 9.283e-18
4552.600 9.295e-18
4553.477 9.307e-18
4554.353 1.274e-17
4555.230 9.332e-18
4556.107 9.344e-18
4556.983 9.353e-18
4557.860 9.362e-18
4558.737 9.371e-18
4559.613 9.380e-18
4560.490 9.389e-18
4561.367 9.398e-18
4562.243 9.407e-18
4563.120 9.415e-18
4563.997 9.424e-18
4564.873 9.433e-18
4565.750 9.442e-18
4566.627 9.448e-18
4567.503 9.452e-18
4568.380 9.455e-18
4569.257 1.107e-17
4570.133 9.462e-18
4571.010 9.465e-18
4571.887 9.469e-18
4572.763 9.472e-18
4573.640 9.475e-18
4574.517 9.479e-18
4575.393 9.482e-18
4576.270 9.485e-18
4577.147 9.449e-18
4578.023 9.412e-18
4578.900 9.375e-18
4579.777 9.338e-18
4580.653 9.301e-18
4581.530 9.264e-18
4582.407 9.227e-18
4583.283 9.190e-18
4584.160 9.912e-18
4585.037 9.116e-18
4585.913 9.080e-18
4586.790 9.067e-18
4587.667 9.075e-18
4588.543 9.082e-18
4589.420 9.090e-18
4590.297 9.097e-18
4591.173 9.104e-18
4592.050 9.112e-18
4592.927 9.119e-18
4593.803 9.126e-18
4594.680 9.134e-18
4595.557 9.141e-18
4596.433 9.148e-18
4597.310 9.154e-18
4598.187 9.159e-18
4599.063 9.165e-18
4599.940 9.170e-18
4600.817 9.175e-18
4601.693 9.181e-18
4602.570 9.186e-18
4603.447 9.191e-18
4604.323 9.196e-18
4605.200 9.202e-18
4606.077 9.207e-18
4606.953 9.209e-18
4607.830 9.210e-18
4608.707 9.211e-18
4609.583 9.212e-18
4610.460 9.213e-18
4611.337 9.214e-18
4612.213 9.215e-18
4613.090 9.216e-18
4613.967 9.217e-18
4614.843 9.218e-18
4615.720 9.219e-18
4616.597 9.224e-18
4617.473 9.233e-18
4618.350 9.243e-18
4619.227 9.253e-18
4620.103 9.263e-18
4620.980 9.273e-18
4621.857 9.283e-18
4622.733 9.293e-18
4623.610 9.302e-18
4624.487 9.312e-18
4625.363 9.322e-18
4626.240 9.332e-18
4627.117 9.315e-18
4627.993 9.295e-18
4628.870 9.276e-18
4629.747 9.257e-18
4630.623 9.238e-18
4631.500 9.218e-18
4632.377 9.199e-18
4633.253 9.180e-18
4634.130 9.161e-18
4635.007 9.142e-18
4635.883 9.123e-18
4636.760 9.104e-18
4637.637 9.084e-18
4638.513 9.065e-18
4639.390 9.046e-18
4640.267 9.027e-18
4641.143 9.008e-18
4642.020 8.989e-18
4642.897 8.970e-18
4643.773 8.951e-18
4644.650 8.932e-18
4645.527 8.913e-18
4646.403 8.898e-18
4647.280 8.912e-18
4648.157 8.927e-18
4649.033 8.941e-18
4649.910 8.956e-18
4650.787 8.970e-18
4651.663 8.984e-18
4652.540 8.998e-18
4653.417 9.012e-18
4654.293 9.026e-18
4655.170 9.041e-18
4656.047 9.055e-18
4656.923 9.035e-18
4657.800 9.002e-18
4658.677 8.971e-18
4659.553 8.942e-18
4660.430 8.912e-18
4661.307 8.882e-18
4662.183 8.852e-18
4663.060 8.823e-18
4663.937 8.793e-18
4664.813 8.763e-18
4665.690 8.734e-18
4666.567 8.721e-18
4667.443 8.746e-18
4668.320 8.771e-18
4669.197 8.796e-18
4670.073 8.821e-18
4670.950 8.846e-18
4671.827 8.871e-18
4672.703 8.896e-18
4673.580 1.147e-17
4674.457 8.946e-18
4675.333 8.971e-18
4676.210 8.996e-18
4677.087 2.069e-17
4677.963 8.991e-18
4678.840 8.986e-18
4679.717 8.982e-18
4680.593 8.977e-18
4681.470 8.973e-18
4682.347 8.968e-18
4683.223 8.964e-18
4684.100 8.960e-18
4684.977 8.955e-18
4685.853 8.951e-18
4686.730 8.948e-18
4687.607 8.948e-18
4688.483 8.948e-18
4689.360 8.948e-18
4690.237 8.948e-18
4691.113 8.947e-18
4691.990 8.946e-18
4692.867 8.947e-18
4693.743 8.947e-18
4694.620 8.947e-18
4695.497 8.947e-18
4696.373 8.944e-18
4697.250 8.916e-18
4698.127 8.884e-18
4699.003 8.860e-18
4699.880 8.831e-18
4700.757 8.804e-18
4701.633 8.776e-18
4702.510 8.748e-18
4703.387 8.720e-18
4704.263 8.693e-18
4705.140 8.665e-18
4706.017 8.637e-18
4706.893 8.654e-18
4707.770 8.692e-18
4708.647 8.729e-18
4709.523 8.767e-18
4710.400 8.804e-18
4711.277 8.842e-18
4712.153 8.879e-18
4713.030 8.917e-18
4713.907 8.955e-18
4714.783 8.993e-18
4715.660 9.031e-18
4716.537 9.060e-18
4717.413 9.066e-18
4718.290 9.074e-18
4719.167 9.082e-18
4720.043 9.089e-18
4720.920 9.096e-18
4721.797 9.103e-18
4722.673 9.111e-18
4723.550 9.118e-18
4724.427 9.125e-18
4725.303 9.133e-18
4726.180 9.140e-18
4727.057 9.131e-18
4727.933 9.119e-18
4728.810 9.108e-18
4729.687 9.096e-18
4730.563 9.081e-18
4731.440 9.073e-18
4732.317 9.061e-18
4733.193 9.049e-18
4734.070 9.037e-18
4734.947 9.025e-18
4735.823 9.013e-18
4736.700 9.015e-18
4737.577 9.031e-18
4738.453 9.048e-18
4739.330 9.064e-18
4740.207 9.081e-18
4741.083 9.097e-18
4741.960 9.114e-18
4742.837 9.130e-18
4743.713 9.147e-18
4744.590 9.163e-18
4745.467 9.179e-18
4746.343 9.194e-18
4747.220 9.186e-18
4748.097 9.177e-18
4748.973 9.169e-18
4749.850 9.160e-18
4750.727 9.150e-18
4751.603 9.140e-18
4752.480 9.129e-18
4753.357 9.119e-18
4754.233 9.108e-18
4755.110 9.098e-18
4755.987 9.088e-18
4756.863 9.073e-18
4757.740 9.057e-18
4758.617 9.040e-18
4759.493 9.022e-18
4760.370 9.005e-18
4761.247 8.988e-18
4762.123 8.971e-18
4763.000 8.954e-18
4763.877 8.938e-18
4764.753 8.921e-18
4765.630 8.905e-18
4766.507 8.899e-18
4767.383 8.929e-18
4768.260 8.959e-18
4769.137 8.989e-18
4770.013 9.019e-18
4770.890 9.049e-18
4771.767 9.079e-18
4772.643 9.109e-18
4773.520 9.140e-18
4774.397 9.171e-18
4775.273 9.202e-18
4776.150 9.233e-18
4777.027 9.224e-18
4777.903 9.207e-18
4778.780 9.189e-18
4779.657 9.172e-18
4780.533 9.155e-18
4781.410 9.138e-18
4782.287 9.122e-18
4783.163 9.105e-18
4784.040 9.088e-18
4784.917 9.072e-18
4785.793 9.055e-18
4786.670 9.053e-18
4787.547 9.070e-18
4788.423 9.088e-18
4789.300 9.106e-18
4790.177 9.124e-18
4791.053 9.142e-18
4791.930 9.159e-18
4792.807 9.177e-18
4793.683 9.195e-18
4794.560 9.212e-18
4795.437 9.230e-18
4796.313 9.247e-18
4797.190 9.237e-18
4798.067 9.226e-18
4798.943 9.216e-18
4799.820 9.206e-18
4800.697 9.195e-18
4801.573 9.183e-18
4802.450 9.171e-18
4803.327 9.159e-18
4804.203 9.147e-18
4805.080 9.135e-18
4805.957 9.123e-18
4806.833 9.126e-18
4807.710 9.138e-18
4808.587 9.151e-18
4809.463 9.164e-18
4810.340 9.176e-18
4811.217 9.189e-18
4812.093 9.202e-18
4812.970 1.271e-17
4813.847 1.081e-17
4814.723 9.240e-18
4815.600 9.252e-18
4816.477 9.262e-18
4817.353 9.243e-18
4818.230 9.224e-18
4819.107 9.205e-18
4819.983 9.187e-18
4820.860 9.168e-18
4821.737 9.149e-18
4822.613 9.130e-18
4823.490 9.111e-18
4824.367 9.093e-18
4825.243 1.373e-17
4826.120 9.467e-18
4826.997 9.047e-18
4827.873 9.044e-18
4828.750 9.041e-18
4829.627 9.039e-18
4830.503 9.036e-18
4831.380 9.034e-18
4832.257 9.031e-18
4833.133 9.029e-18
4834.010 9.026e-18
4834.887 9.024e-18
4835.763 9.021e-18
4836.640 9.015e-18
4837.517 9.001e-18
4838.393 8.986e-18
4839.270 8.971e-18
4840.147 8.957e-18
4841.023 8.942e-18
4841.900 8.927e-18
4842.777 8.913e-18
4843.653 8.898e-18
4844.530 8.884e-18
4845.407 8.869e-18
4846.283 8.854e-18
4847.160 8.818e-18
4848.037 8.781e-18
4848.913 8.742e-18
4849.790 8.705e-18
4850.667 8.670e-18
4851.543 8.634e-18
4852.420 8.598e-18
4853.297 8.561e-18
4854.173 8.525e-18
4855.050 8.490e-18
4855.927 8.454e-18
4856.803 8.410e-18
4857.680 8.356e-18
4858.557 8.303e-18
4859.433 8.249e-18
4860.310 8.196e-18
4861.187 8.142e-18
4862.063 8.088e-18
4862.940 8.035e-18
4863.817 7.981e-18
4864.693 7.927e-18
4865.570 7.874e-18
4866.447 7.826e-18
4867.323 7.878e-18
4868.200 7.931e-18
4869.077 7.984e-18
4869.953 8.036e-18
4870.830 8.088e-18
4871.707 8.138e-18
4872.583 8.192e-18
4873.460 8.243e-18
4874.337 8.296e-18
4875.213 8.348e-18
4876.090 8.400e-18
4876.967 8.432e-18
4877.843 8.453e-18
4878.720 8.473e-18
4879.597 8.493e-18
4880.473 8.514e-18
4881.350 8.534e-18
4882.227 8.554e-18
4883.103 8.575e-18
4883.980 1.488e-17
4884.857 8.615e-18
4885.733 8.636e-18
4886.610 8.653e-18
4887.487 8.664e-18
4888.363 8.674e-18
4889.240 8.685e-18
4890.117 8.695e-18
4890.993 8.705e-18
4891.870 8.716e-18
4892.747 8.727e-18
4893.623 8.737e-18
4894.500 8.747e-18
4895.377 8.758e-18
4896.253 8.768e-18
4897.130 8.779e-18
4898.007 8.789e-18
4898.883 8.800e-18
4899.760 8.810e-18
4900.637 8.821e-18
4901.513 8.831e-18
4902.390 8.841e-18
4903.267 8.852e-18
4904.143 8.862e-18
4905.020 8.872e-18
4905.897 8.883e-18
4906.773 8.876e-18
4907.650 8.846e-18
4908.527 8.816e-18
4909.403 8.786e-18
4910.280 8.755e-18
4911.157 8.725e-18
4912.033 8.695e-18
4912.910 8.665e-18
4913.787 8.635e-18
4914.663 8.605e-18
4915.540 8.575e-18
4916.417 8.546e-18
4917.293 8.544e-18
4918.170 8.543e-18
4919.047 8.541e-18
4919.923 8.539e-18
4920.800 8.538e-18
4921.677 8.536e-18
4922.553 8.535e-18
4923.430 8.533e-18
4924.307 8.531e-18
4925.183 8.530e-18
4926.060 8.528e-18
4926.937 8.525e-18
4927.813 8.522e-18
4928.690 8.518e-18
4929.567 8.514e-18
4930.443 8.510e-18
4931.320 8.507e-18
4932.197 8.503e-18
4933.073 8.499e-18
4933.950 8.496e-18
4934.827 8.492e-18
4935.703 8.488e-18
4936.580 8.494e-18
4937.457 8.536e-18
4938.333 8.577e-18
4939.210 3.459e-17
4940.087 8.660e-18
4940.963 8.702e-18
4941.840 8.743e-18
4942.717 8.785e-18
4943.593 8.826e-18
4944.470 8.867e-18
4945.347 8.909e-18
4946.223 8.950e-18
4947.100 8.930e-18
4947.977 8.895e-18
4948.853 8.860e-18
4949.730 8.825e-18
4950.607 8.789e-18
4951.483 8.753e-18
4952.360 8.717e-18
4953.237 8.682e-18
4954.113 8.646e-18
4954.990 8.610e-18
4955.867 8.574e-18
4956.743 8.561e-18
4957.620 8.581e-18
4958.497 8.602e-18
4959.373 8.623e-18
4960.250 8.643e-18
4961.127 8.664e-18
4962.003 8.684e-18
4962.880 8.705e-18
4963.757 8.726e-18
4964.633 1.098e-17
4965.510 8.767e-18
4966.387 8.787e-18
4967.263 8.785e-18
4968.140 8.783e-18
4969.017 8.781e-18
4969.893 8.779e-18
4970.770 8.777e-18
4971.647 8.774e-18
4972.523 8.772e-18
4973.400 8.770e-18
4974.277 8.767e-18
4975.153 8.765e-18
4976.030 8.763e-18
4976.907 8.738e-18
4977.783 8.697e-18
4978.660 8.657e-18
4979.537 8.616e-18
4980.413 8.575e-18
4981.290 8.534e-18
4982.167 8.493e-18
4983.043 8.452e-18
4983.920 8.412e-18
4984.797 8.371e-18
4985.673 8.330e-18
4986.550 8.300e-18
4987.427 8.324e-18
4988.303 8.347e-18
4989.180 8.371e-18
4990.057 8.394e-18
4990.933 8.418e-18
4991.810 8.441e-18
4992.687 8.465e-18
4993.563 8.488e-18
4994.440 8.511e-18
4995.317 8.534e-18
4996.193 8.558e-18
4997.070 8.540e-18
4997.947 8.509e-18
4998.823 8.478e-18
4999.700 8.447e-18
5000.577 8.416e-18
5001.453 8.387e-18
5002.330 8.357e-18
5003.207 8.327e-18
5004.083 8.297e-18
5004.960 8.267e-18
5005.837 1.196e-17
5006.713 8.214e-18
5007.590 8.201e-18
5008.467 8.188e-18
5009.343 8.175e-18
5010.220 8.162e-18
5011.097 8.149e-18
5011.973 8.137e-18
5012.850 8.124e-18
5013.727 8.110e-18
5014.603 8.098e-18
5015.480 8.085e-18
5016.357 8.072e-18
5017.233 8.089e-18
5018.110 8.106e-18
5018.987 8.127e-18
5019.863 8.146e-18
5020.740 8.163e-18
5021.617 8.183e-18
5022.493 8.203e-18
5023.370 8.222e-18
5024.247 8.241e-18
5025.123 8.259e-18
5026.000 8.270e-18
5026.877 8.291e-18
5027.753 8.300e-18
5028.630 8.308e-18
5029.507 8.316e-18
5030.383 8.324e-18
5031.260 8.333e-18
5032.137 8.342e-18
5033.013 8.350e-18
5033.890 8.359e-18
5034.767 8.367e-18
5035.643 8.371e-18
5036.520 8.380e-18
5037.397 8.363e-18
5038.273 8.345e-18
5039.150 8.269e-18
5040.027 8.310e-18
5040.903 8.285e-18
5041.780 8.275e-18
5042.657 8.257e-18
5043.533 8.211e-18
5044.410 8.211e-18
5045.287 8.199e-18
5046.163 8.188e-18
5047.040 8.203e-18
5047.917 8.235e-18
5048.793 8.262e-18
5049.670 8.293e-18
5050.547 8.323e-18
5051.423 8.351e-18
5052.300 8.382e-18
5053.177 8.411e-18
5054.053 8.439e-18
5054.930 8.469e-18
5055.807 8.499e-18
5056.683 8.515e-18
5057.560 8.506e-18
5058.437 8.497e-18
5059.313 8.488e-18
5060.190 8.480e-18
5061.067 8.470e-18
5061.943 8.461e-18
5062.820 8.452e-18
5063.697 8.439e-18
5064.573 8.434e-18
5065.450 8.425e-18
5066.327 8.416e-18
5067.203 8.399e-18
5068.080 8.387e-18
5068.957 8.372e-18
5069.833 8.357e-18
5070.710 8.341e-18
5071.587 8.312e-18
5072.463 8.310e-18
5073.340 8.299e-18
5074.217 8.276e-18
5075.093 8.268e-18
5075.970 8.254e-18
5076.847 8.248e-18
5077.723 8.244e-18
5078.600 8.252e-18
5079.477 8.255e-18
5080.353 8.255e-18
5081.230 8.258e-18
5082.107 8.261e-18
5082.983 8.263e-18
5083.860 8.266e-18
5084.737 8.267e-18
5085.613 8.260e-18
5086.490 8.272e-18
5087.367 8.269e-18
5088.243 8.267e-18
5089.120 8.266e-18
5089.997 8.264e-18
5090.873 8.263e-18
5091.750 8.261e-18
5092.627 8.259e-18
5093.503 8.257e-18
5094.380 8.255e-18
5095.257 8.249e-18
5096.133 8.251e-18
5097.010 8.255e-18
5097.887 8.262e-18
5098.763 8.268e-18
5099.640 8.275e-18
5100.517 8.282e-18
5101.393 8.290e-18
5102.270 8.298e-18
5103.147 8.301e-18
5104.023 8.314e-18
5104.900 8.322e-18
5105.777 8.330e-18
5106.653 8.340e-18
5107.530 8.352e-18
5108.407 8.365e-18
5109.283 8.378e-18
5110.160 8.390e-18
5111.037 8.403e-18
5111.913 8.415e-18
5112.790 8.428e-18
5113.667 8.440e-18
5114.543 8.453e-18
5115.420 8.465e-18
5116.297 8.478e-18
5117.173 8.451e-18
5118.050 8.418e-18
5118.927 8.388e-18
5119.803 8.356e-18
5120.680 8.324e-18
5121.557 8.292e-18
5122.433 8.260e-18
5123.310 8.229e-18
5124.187 8.195e-18
5125.063 8.165e-18
5125.940 8.133e-18
5126.817 8.116e-18
5127.693 8.114e-18
5128.570 8.113e-18
5129.447 8.112e-18
5130.323 8.110e-18
5131.200 8.109e-18
5132.077 8.108e-18
5132.953 8.106e-18
5133.830 8.105e-18
5134.707 8.104e-18
5135.583 8.102e-18
5136.460 8.101e-18
5137.337 8.104e-18
5138.213 8.108e-18
5139.090 8.111e-18
5139.967 8.114e-18
5140.843 8.118e-18
5141.720 8.121e-18
5142.597 8.124e-18
5143.473 8.127e-18
5144.350 8.131e-18
5145.227 8.134e-18
5146.103 8.137e-18
5146.980 8.143e-18
5147.857 8.149e-18
5148.733 8.155e-18
5149.610 8.162e-18
5150.487 8.168e-18
5151.363 8.175e-18
5152.240 8.182e-18
5153.117 8.188e-18
5153.993 8.195e-18
5154.870 8.202e-18
5155.747 8.208e-18
5156.623 8.199e-18
5157.500 8.142e-18
5158.377 8.086e-18
5159.253 8.029e-18
5160.130 7.973e-18
5161.007 7.917e-18
5161.883 7.860e-18
5162.760 7.804e-18
5163.637 7.747e-18
5164.513 7.691e-18
5165.390 7.635e-18
5166.267 7.578e-18
5167.143 7.582e-18
5168.020 7.596e-18
5168.897 7.611e-18
5169.773 7.625e-18
5170.650 7.639e-18
5171.527 7.654e-18
5172.403 7.668e-18
5173.280 7.682e-18
5174.157 7.696e-18
5175.033 7.711e-18
5175.910 7.725e-18
5176.787 7.725e-18
5177.663 7.708e-18
5178.540 7.691e-18
5179.417 7.674e-18
5180.293 7.656e-18
5181.170 7.639e-18
5182.047 7.622e-18
5182.923 7.605e-18
5183.800 7.587e-18
5184.677 7.570e-18
5185.553 7.553e-18
5186.430 7.538e-18
5187.307 7.580e-18
5188.183 7.623e-18
5189.060 7.665e-18
5189.937 7.708e-18
5190.813 7.750e-18
5191.690 7.793e-18
5192.567 7.835e-18
5193.443 7.878e-18
5194.320 7.920e-18
5195.197 7.963e-18
5196.073 8.005e-18
5196.950 8.026e-18
5197.827 8.027e-18
5198.703 8.028e-18
5199.580 8.029e-18
5200.457 8.030e-18
5201.333 8.031e-18
5202.210 8.032e-18
5203.087 8.033e-18
5203.963 8.034e-18
5204.840 8.035e-18
5205.717 8.036e-18
5206.593 8.039e-18
5207.470 8.057e-18
5208.347 8.076e-18
5209.223 8.094e-18
5210.100 8.113e-18
5210.977 8.131e-18
5211.853 8.150e-18
5212.730 8.168e-18
5213.607 8.187e-18
5214.483 8.205e-18
5215.360 8.223e-18
5216.237 8.242e-18
5217.113 8.233e-18
5217.990 8.213e-18
5218.867 1.239e-17
5219.743 8.173e-18
5220.620 8.153e-18
5221.497 8.133e-18
5222.373 8.113e-18
5223.250 8.092e-18
5224.127 8.072e-18
5225.003 8.052e-18
5225.880 8.032e-18
5226.757 8.027e-18
5227.633 8.044e-18
5228.510 8.061e-18
5229.387 8.078e-18
5230.263 8.095e-18
5231.140 8.112e-18
5232.017 8.129e-18
5232.893 8.146e-18
5233.770 8.163e-18
5234.647 8.180e-18
5235.523 8.197e-18
5236.400 8.214e-18
5237.277 8.230e-18
5238.153 8.245e-18
5239.030 8.261e-18
5239.907 8.276e-18
5240.783 8.291e-18
5241.660 8.303e-18
5242.537 8.322e-18
5243.413 8.337e-18
5244.290 8.352e-18
5245.167 8.368e-18
5246.043 8.383e-18
5246.920 8.388e-18
5247.797 8.381e-18
5248.673 8.374e-18
5249.550 8.367e-18
5250.427 8.360e-18
5251.303 2.004e-17
5252.180 8.347e-18
5253.057 8.340e-18
5253.933 8.333e-18
5254.810 8.326e-18
5255.687 8.651e-18
5256.563 8.309e-18
5257.440 1.260e-17
5258.317 8.443e-18
5259.193 8.124e-18
5260.070 8.062e-18
5260.947 8.000e-18
5261.823 7.938e-18
5262.700 1.150e-17
5263.577 7.815e-18
5264.453 7.754e-18
5265.330 7.692e-18
5266.207 7.630e-18
5267.083 7.635e-18
5267.960 7.671e-18
5268.837 7.709e-18
5269.713 7.746e-18
5270.590 7.782e-18
5271.467 7.820e-18
5272.343 7.857e-18
5273.220 7.894e-18
5274.097 7.931e-18
5274.973 7.968e-18
5275.850 8.005e-18
5276.727 8.037e-18
5277.603 2.998e-17
5278.480 8.068e-18
5279.357 8.086e-18
5280.233 8.102e-18
5281.110 8.119e-18
5281.987 8.135e-18
5282.863 8.151e-18
5283.740 8.168e-18
5284.617 8.184e-18
5285.493 8.201e-18
5286.370 8.217e-18
5287.247 8.224e-18
5288.123 8.228e-18
5289.000 8.233e-18
5289.877 8.238e-18
5290.753 8.243e-18
5291.630 8.248e-18
5292.507 8.253e-18
5293.383 8.258e-18
5294.260 8.263e-18
5295.137 8.268e-18
5296.013 8.273e-18
5296.890 8.279e-18
5297.767 8.287e-18
5298.643 8.295e-18
5299.520 8.303e-18
5300.397 8.311e-18
5301.273 8.320e-18
5302.150 8.328e-18
5303.027 8.336e-18
5303.903 8.343e-18
5304.780 8.351e-18
5305.657 8.359e-18
5306.533 8.367e-18
5307.410 8.370e-18
5308.287 8.372e-18
5309.163 8.375e-18
5310.040 8.377e-18
5310.917 8.380e-18
5311.793 8.383e-18
5312.670 8.385e-18
5313.547 8.388e-18
5314.423 8.391e-18
5315.300 8.393e-18
5316.177 8.396e-18
5317.053 8.368e-18
5317.930 8.323e-18
5318.807 8.277e-18
5319.683 8.231e-18
5320.560 8.186e-18
5321.437 8.141e-18
5322.313 8.095e-18
5323.190 8.050e-18
5324.067 8.004e-18
5324.943 7.959e-18
5325.820 7.914e-18
5326.697 8.381e-18
5327.573 7.923e-18
5328.450 7.960e-18
5329.327 7.996e-18
5330.203 8.032e-18
5331.080 8.261e-18
5331.957 2.407e-17
5332.833 8.142e-18
5333.710 8.178e-18
5334.587 8.215e-18
5335.463 8.251e-18
5336.340 8.287e-18
5337.217 8.282e-18
5338.093 8.267e-18
5338.970 8.252e-18
5339.847 8.237e-18
5340.723 8.222e-18
5341.600 8.207e-18
5342.477 8.193e-18
5343.353 8.178e-18
5344.230 8.163e-18
5345.107 8.148e-18
5345.983 8.133e-18
5346.860 8.138e-18
5347.737 8.169e-18
5348.613 8.201e-18
5349.490 8.232e-18
5350.367 8.264e-18
5351.243 8.295e-18
5352.120 8.327e-18
5352.997 8.358e-18
5353.873 8.389e-18
5354.750 8.421e-18
5355.627 1.121e-17
5356.503 8.483e-18
5357.380 8.456e-18
5358.257 8.428e-18
5359.133 8.400e-18
5360.010 8.373e-18
5360.887 8.345e-18
5361.763 8.317e-18
5362.640 8.290e-18
5363.517 8.262e-18
5364.393 8.234e-18
5365.270 8.206e-18
5366.147 8.179e-18
5367.023 8.169e-18
5367.900 8.172e-18
5368.777 8.175e-18
5369.653 8.178e-18
5370.530 8.181e-18
5371.407 8.183e-18
5372.283 8.186e-18
5373.160 8.189e-18
5374.037 8.192e-18
5374.913 8.195e-18
5375.790 8.197e-18
5376.667 8.200e-18
5377.543 8.206e-18
5378.420 8.211e-18
5379.297 8.217e-18
5380.173 8.222e-18
5381.050 8.227e-18
5381.927 8.232e-18
5382.803 8.237e-18
5383.680 8.242e-18
5384.557 8.247e-18
5385.433 8.253e-18
5386.310 8.258e-18
5387.187 8.246e-18
5388.063 8.229e-18
5388.940 8.212e-18
5389.817 8.195e-18
5390.693 8.179e-18
5391.570 8.162e-18
5392.447 8.145e-18
5393.323 8.128e-18
5394.200 8.111e-18
5395.077 8.094e-18
5395.953 8.077e-18
5396.830 8.061e-18
5397.707 8.047e-18
5398.583 8.032e-18
5399.460 8.014e-18
5400.337 8.003e-18
5401.213 7.988e-18
5402.090 7.973e-18
5402.967 7.958e-18
5403.843 7.937e-18
5404.720 7.929e-18
5405.597 7.914e-18
5406.473 7.899e-18
5407.350 7.924e-18
5408.227 7.949e-18
5409.103 7.975e-18
5409.980 8.002e-18
5410.857 8.026e-18
5411.733 8.054e-18
5412.610 8.080e-18
5413.487 8.106e-18
5414.363 8.129e-18
5415.240 8.158e-18
5416.117 8.183e-18
5416.993 8.187e-18
5417.870 8.175e-18
5418.747 8.157e-18
5419.623 8.148e-18
5420.500 8.135e-18
5421.377 8.122e-18
5422.253 8.107e-18
5423.130 8.096e-18
5424.007 8.082e-18
5424.883 8.069e-18
5425.760 8.056e-18
5426.637 8.047e-18
5427.513 8.059e-18
5428.390 8.071e-18
5429.267 8.084e-18
5430.143 8.089e-18
5431.020 8.110e-18
5431.897 8.124e-18
5432.773 8.138e-18
5433.650 8.153e-18
5434.527 8.167e-18
5435.403 8.175e-18
5436.280 8.187e-18
5437.157 8.184e-18
5438.033 8.200e-18
5438.910 8.201e-18
5439.787 8.204e-18
5440.663 8.203e-18
5441.540 8.201e-18
5442.417 8.200e-18
5443.293 8.198e-18
5444.170 8.197e-18
5445.047 8.194e-18
5445.923 8.194e-18
5446.800 8.194e-18
5447.677 8.198e-18
5448.553 8.201e-18
5449.430 8.204e-18
5450.307 8.208e-18
5451.183 8.212e-18
5452.060 8.216e-18
5452.937 8.220e-18
5453.813 8.223e-18
5454.690 8.225e-18
5455.567 8.231e-18
5456.443 8.234e-18
5457.320 8.227e-18
5458.197 8.222e-18
5459.073 8.213e-18
5459.950 8.208e-18
5460.827 8.201e-18
5461.703 8.197e-18
5462.580 8.190e-18
5463.457 8.180e-18
5464.333 8.174e-18
5465.210 8.168e-18
5466.087 8.165e-18
5466.963 8.155e-18
5467.840 8.144e-18
5468.717 8.132e-18
5469.593 8.121e-18
5470.470 8.107e-18
5471.347 8.097e-18
5472.223 8.086e-18
5473.100 8.074e-18
5473.977 8.063e-18
5474.853 8.051e-18
5475.730 8.040e-18
5476.607 8.030e-18
5477.483 8.036e-18
5478.360 8.039e-18
5479.237 8.041e-18
5480.113 8.052e-18
5480.990 8.058e-18
5481.867 8.061e-18
5482.743 8.067e-18
5483.620 8.074e-18
5484.497 8.080e-18
5485.373 8.085e-18
5486.250 8.091e-18
5487.127 8.096e-18
5488.003 8.102e-18
5488.880 8.108e-18
5489.757 8.114e-18
5490.633 8.120e-18
5491.510 8.123e-18
5492.387 8.134e-18
5493.263 8.141e-18
5494.140 8.149e-18
5495.017 8.157e-18
5495.893 8.164e-18
5496.770 8.167e-18
5497.647 8.160e-18
5498.523 8.153e-18
5499.400 8.147e-18
5500.277 8.140e-18
5501.153 8.133e-18
5502.030 8.128e-18
5502.907 8.120e-18
5503.783 8.115e-18
5504.660 8.109e-18
5505.537 8.103e-18
5506.413 8.097e-18
5507.290 8.099e-18
5508.167 8.102e-18
5509.043 8.104e-18
5509.920 8.108e-18
5510.797 8.111e-18
5511.673 8.114e-18
5512.550 8.117e-18
5513.427 8.120e-18
5514.303 8.123e-18
5515.180 8.126e-18
5516.057 8.129e-18
5516.933 8.129e-18
5517.810 8.124e-18
5518.687 8.120e-18
5519.563 8.115e-18
5520.440 8.111e-18
5521.317 8.107e-18
5522.193 8.102e-18
5523.070 8.098e-18
5523.947 8.093e-18
5524.823 8.089e-18
5525.700 8.085e-18
5526.577 8.081e-18
5527.453 8.090e-18
5528.330 8.099e-18
5529.207 8.108e-18
5530.083 8.117e-18
5530.960 8.125e-18
5531.837 8.134e-18
5532.713 8.143e-18
5533.590 8.152e-18
5534.467 8.160e-18
5535.343 8.169e-18
5536.220 8.178e-18
5537.097 8.184e-18
5537.973 8.188e-18
5538.850 8.194e-18
5539.727 8.200e-18
5540.603 8.205e-18
5541.480 8.211e-18
5542.357 8.217e-18
5543.233 8.222e-18
5544.110 8.228e-18
5544.987 1.441e-17
5545.863 8.239e-18
5546.740 8.244e-18
5547.617 8.246e-18
5548.493 8.247e-18
5549.370 8.249e-18
5550.247 8.251e-18
5551.123 8.253e-18
5552.000 8.255e-18
5552.877 8.256e-18
5553.753 8.258e-18
5554.630 8.260e-18
5555.507 8.261e-18
5556.383 8.263e-18
5557.260 8.251e-18
5558.137 8.236e-18
5559.013 8.222e-18
5559.890 8.207e-18
5560.767 8.192e-18
5561.643 8.178e-18
5562.520 8.163e-18
5563.397 8.149e-18
5564.273 8.134e-18
5565.150 8.120e-18
5566.027 8.105e-18
5566.903 8.101e-18
5567.780 8.108e-18
5568.657 8.115e-18
5569.533 8.122e-18
5570.410 8.129e-18
5571.287 8.136e-18
5572.163 8.144e-18
5573.040 8.151e-18
5573.917 8.158e-18
5574.793 8.165e-18
5575.670 8.172e-18
5576.547 8.179e-18
5577.423 8.168e-18
5578.300 8.157e-18
5579.177 8.146e-18
5580.053 8.135e-18
5580.930 8.124e-18
5581.807 8.113e-18
5582.683 8.102e-18
5583.560 8.091e-18
5584.437 8.079e-18
5585.313 8.068e-18
5586.190 8.057e-18
5587.067 8.057e-18
5587.943 8.063e-18
5588.820 8.070e-18
5589.697 8.076e-18
5590.573 8.082e-18
5591.450 8.088e-18
5592.327 8.094e-18
5593.203 8.101e-18
5594.080 8.107e-18
5594.957 8.113e-18
5595.833 8.119e-18
5596.710 8.126e-18
5597.587 8.135e-18
5598.463 8.144e-18
5599.340 3.657e-17
5600.217 8.162e-18
5601.093 8.171e-18
5601.970 8.180e-18
5602.847 8.189e-18
5603.723 8.199e-18
5604.600 8.208e-18
5605.477 8.217e-18
5606.353 8.226e-18
5607.230 8.227e-18
5608.107 8.225e-18
5608.983 8.222e-18
5609.860 8.220e-18
5610.737 8.217e-18
5611.613 8.215e-18
5612.490 8.212e-18
5613.367 8.210e-18
5614.243 8.208e-18
5615.120 8.205e-18
5615.997 8.203e-18
5616.873 8.203e-18
5617.750 8.210e-18
5618.627 8.218e-18
5619.503 8.225e-18
5620.380 8.232e-18
5621.257 8.239e-18
5622.133 8.247e-18
5623.010 8.254e-18
5623.887 8.261e-18
5624.763 8.268e-18
5625.640 8.275e-18
5626.517 8.283e-18
5627.393 8.287e-18
5628.270 8.291e-18
5629.147 8.295e-18
5630.023 8.299e-18
5630.900 8.303e-18
5631.777 8.307e-18
5632.653 8.311e-18
5633.530 8.315e-18
5634.407 8.319e-18
5635.283 8.323e-18
5636.160 8.327e-18
5637.037 8.329e-18
5637.913 8.329e-18
5638.790 8.329e-18
5639.667 8.329e-18
5640.543 8.329e-18
5641.420 8.330e-18
5642.297 8.330e-18
5643.173 8.330e-18
5644.050 8.330e-18
5644.927 8.330e-18
5645.803 8.330e-18
5646.680 1.078e-17
5647.557 8.319e-18
5648.433 8.309e-18
5649.310 8.298e-18
5650.187 8.288e-18
5651.063 8.277e-18
5651.940 8.267e-18
5652.817 8.257e-18
5653.693 8.247e-18
5654.570 8.236e-18
5655.447 8.226e-18
5656.323 8.215e-18
5657.200 8.218e-18
5658.077 8.226e-18
5658.953 8.234e-18
5659.830 8.242e-18
5660.707 8.250e-18
5661.583 8.259e-18
5662.460 8.267e-18
5663.337 8.275e-18
5664.213 8.283e-18
5665.090 8.291e-18
5665.967 8.299e-18
5666.843 8.309e-18
5667.720 8.323e-18
5668.597 8.336e-18
5669.473 8.350e-18
5670.350 8.364e-18
5671.227 1.139e-17
5672.103 8.391e-18
5672.980 8.405e-18
5673.857 8.419e-18
5674.733 8.433e-18
5675.610 8.444e-18
5676.487 8.461e-18
5677.363 8.449e-18
5678.240 8.433e-18
5679.117 8.420e-18
5679.993 8.404e-18
5680.870 8.389e-18
5681.747 8.374e-18
5682.623 8.359e-18
5683.500 8.343e-18
5684.377 8.320e-18
5685.253 8.311e-18
5686.130 8.298e-18
5687.007 8.266e-18
5687.883 8.304e-18
5688.760 8.320e-18
5689.637 8.333e-18
5690.513 8.344e-18
5691.390 8.354e-18
5692.267 8.367e-18
5693.143 8.380e-18
5694.020 8.321e-18
5694.897 8.404e-18
5695.773 8.406e-18
5696.650 8.426e-18
5697.527 8.378e-18
5698.403 1.152e-17
5699.280 8.370e-18
5700.157 8.351e-18
5701.033 8.331e-18
5701.910 8.317e-18
5702.787 8.300e-18
5703.663 8.282e-18
5704.540 8.264e-18
5705.417 8.246e-18
5706.293 8.228e-18
5707.170 8.230e-18
5708.047 8.242e-18
5708.923 8.256e-18
5709.800 8.269e-18
5710.677 8.282e-18
5711.553 8.294e-18
5712.430 8.302e-18
5713.307 8.319e-18
5714.183 8.331e-18
5715.060 8.345e-18
5715.937 8.357e-18
5716.813 8.371e-18
5717.690 8.387e-18
5718.567 8.401e-18
5719.443 8.417e-18
5720.320 8.434e-18
5721.197 8.404e-18
5722.073 8.443e-18
5722.950 8.482e-18
5723.827 8.493e-18
5724.703 8.514e-18
5725.580 8.528e-18
5726.457 8.546e-18
5727.333 8.547e-18
5728.210 8.543e-18
5729.087 8.543e-18
5729.963 8.540e-18
5730.840 8.539e-18
5731.717 8.534e-18
5732.593 8.536e-18
5733.470 8.534e-18
5734.347 8.532e-18
5735.223 8.527e-18
5736.100 8.528e-18
5736.977 8.527e-18
5737.853 8.527e-18
5738.730 8.525e-18
5739.607 8.525e-18
5740.483 8.526e-18
5741.360 8.525e-18
5742.237 8.525e-18
5743.113 8.525e-18
5743.990 8.524e-18
5744.867 8.525e-18
5745.743 8.524e-18
5746.620 8.514e-18
5747.497 8.512e-18
5748.373 8.511e-18
5749.250 8.503e-18
5750.127 8.500e-18
5751.003 8.490e-18
5751.880 8.481e-18
5752.757 8.473e-18
5753.633 8.463e-18
5754.510 8.438e-18
5755.387 8.445e-18
5756.263 8.435e-18
5757.140 8.433e-18
5758.017 8.436e-18
5758.893 8.438e-18
5759.770 8.440e-18
5760.647 8.441e-18
5761.523 8.445e-18
5762.400 8.448e-18
5763.277 8.446e-18
5764.153 8.451e-18
5765.030 8.442e-18
5765.907 8.457e-18
5766.783 8.459e-18
5767.660 8.460e-18
5768.537 8.461e-18
5769.413 8.463e-18
5770.290 8.464e-18
5771.167 8.465e-18
5772.043 8.467e-18
5772.920 8.464e-18
5773.797 8.469e-18
5774.673 8.469e-18
5775.550 8.473e-18
5776.427 8.475e-18
5777.303 8.461e-18
5778.180 8.446e-18
5779.057 8.430e-18
5779.933 8.414e-18
5780.810 8.398e-18
5781.687 8.380e-18
5782.563 8.365e-18
5783.440 8.348e-18
5784.317 8.334e-18
5785.193 8.318e-18
5786.070 8.302e-18
5786.947 8.296e-18
5787.823 8.306e-18
5788.700 8.312e-18
5789.577 8.324e-18
5790.453 8.333e-18
5791.330 8.342e-18
5792.207 8.352e-18
5793.083 8.362e-18
5793.960 8.372e-18
5794.837 8.382e-18
5795.713 8.392e-18
5796.590 8.402e-18
5797.467 8.404e-18
5798.343 8.407e-18
5799.220 8.409e-18
5800.097 8.409e-18
5800.973 8.414e-18
5801.850 8.417e-18
5802.727 8.419e-18
5803.603 8.422e-18
5804.480 8.424e-18
5805.357 8.427e-18
5806.233 8.429e-18
5807.110 8.432e-18
5807.987 8.436e-18
5808.863 8.439e-18
5809.740 8.443e-18
5810.617 8.447e-18
5811.493 8.449e-18
5812.370 8.453e-18
5813.247 8.457e-18
5814.123 8.460e-18
5815.000 8.463e-18
5815.877 8.466e-18
5816.753 8.470e-18
5817.630 8.474e-18
5818.507 8.478e-18
5819.383 8.483e-18
5820.260 8.487e-18
5821.137 8.491e-18
5822.013 8.495e-18
5822.890 8.499e-18
5823.767 8.503e-18
5824.643 8.507e-18
5825.520 8.512e-18
5826.397 8.516e-18
5827.273 8.514e-18
5828.150 8.511e-18
5829.027 8.507e-18
5829.903 8.501e-18
5830.780 8.500e-18
5831.657 8.495e-18
5832.533 8.492e-18
5833.410 8.488e-18
5834.287 8.485e-18
5835.163 8.481e-18
5836.040 8.477e-18
5836.917 8.475e-18
5837.793 8.476e-18
5838.670 8.476e-18
5839.547 8.476e-18
5840.423 8.476e-18
5841.300 8.476e-18
5842.177 8.476e-18
5843.053 8.476e-18
5843.930 8.477e-18
5844.807 8.477e-18
5845.683 8.477e-18
5846.560 8.476e-18
5847.437 8.460e-18
5848.313 8.444e-18
5849.190 8.427e-18
5850.067 8.410e-18
5850.943 8.393e-18
5851.820 8.376e-18
5852.697 8.357e-18
5853.573 8.342e-18
5854.450 8.325e-18
5855.327 8.308e-18
5856.203 8.286e-18
5857.080 8.288e-18
5857.957 8.297e-18
5858.833 8.306e-18
5859.710 8.315e-18
5860.587 8.322e-18
5861.463 8.332e-18
5862.340 8.342e-18
5863.217 8.334e-18
5864.093 8.360e-18
5864.970 8.368e-18
5865.847 8.377e-18
5866.723 8.386e-18
5867.600 3.556e-17
5868.477 8.391e-18
5869.353 8.392e-18
5870.230 8.395e-18
5871.107 2.981e-17
5871.983 8.400e-18
5872.860 8.394e-18
5873.737 8.405e-18
5874.613 8.410e-18
5875.490 8.410e-18
5876.367 8.414e-18
5877.243 8.366e-18
5878.120 8.351e-18
5878.997 8.340e-18
5879.873 8.334e-18
5880.750 8.305e-18
5881.627 8.276e-18
5882.503 8.233e-18
5883.380 8.230e-18
5884.257 8.220e-18
5885.133 8.201e-18
5886.010 8.177e-18
5886.887 8.155e-18
5887.763 8.114e-18
5888.640 8.089e-18
5889.517 8.036e-18
5890.393 7.995e-18
5891.270 7.768e-18
5892.147 7.970e-18
5893.023 7.933e-18
5893.900 7.896e-18
5894.777 7.868e-18
5895.653 7.852e-18
5896.530 7.793e-18
5897.407 7.858e-18
5898.283 7.886e-18
5899.160 7.904e-18
5900.037 7.956e-18
5900.913 8.019e-18
5901.790 8.031e-18
5902.667 8.099e-18
5903.543 8.141e-18
5904.420 8.178e-18
5905.297 9.219e-18
5906.173 8.269e-18
5907.050 8.260e-18
5907.927 8.267e-18
5908.803 8.265e-18
5909.680 8.257e-18
5910.557 8.219e-18
5911.433 8.252e-18
5912.310 8.193e-18
5913.187 8.238e-18
5914.063 8.231e-18
5914.940 8.225e-18
5915.817 8.116e-18
5916.693 8.206e-18
5917.570 8.211e-18
5918.447 8.213e-18
5919.323 8.222e-18
5920.200 8.200e-18
5921.077 8.218e-18
5921.953 8.230e-18
5922.830 8.217e-18
5923.707 8.232e-18
5924.583 8.240e-18
5925.460 8.063e-18
5926.337 6.731e-17
5927.213 8.244e-18
5928.090 8.242e-18
5928.967 8.239e-18
5929.843 8.201e-18
5930.720 8.206e-18
5931.597 8.226e-18
5932.473 8.221e-18
5933.350 8.217e-18
5934.227 8.209e-18
5935.103 8.208e-18
5935.980 8.205e-18
5936.857 8.180e-18
5937.733 8.195e-18
5938.610 8.190e-18
5939.487 8.179e-18
5940.363 8.176e-18
5941.240 8.171e-18
5942.117 8.093e-18
5942.993 8.146e-18
5943.870 8.129e-18
5944.747 8.144e-18
5945.623 8.139e-18
5946.500 8.123e-18
5947.377 8.098e-18
5948.253 8.118e-18
5949.130 8.124e-18
5950.007 8.132e-18
5950.883 8.033e-18
5951.760 8.116e-18
5952.637 8.103e-18
5953.513 8.135e-18
5954.390 8.133e-18
5955.267 8.135e-18
5956.143 8.135e-18
5957.020 8.137e-18
5957.897 8.132e-18
5958.773 8.138e-18
5959.650 8.128e-18
5960.527 8.139e-18
5961.403 8.149e-18
5962.280 8.155e-18
5963.157 8.147e-18
5964.033 8.150e-18
5964.910 8.165e-18
5965.787 8.169e-18
5966.663 8.161e-18
5967.540 8.157e-18
5968.417 8.142e-18
5969.293 8.116e-18
5970.170 8.137e-18
5971.047 8.136e-18
5971.923 7.156e-17
5972.800 8.119e-18
5973.677 8.117e-18
5974.553 8.110e-18
5975.430 8.104e-18
5976.307 8.097e-18
5977.183 8.090e-18
5978.060 8.080e-18
5978.937 8.071e-18
5979.813 8.062e-18
5980.690 8.060e-18
5981.567 8.059e-18
5982.443 8.049e-18
5983.320 8.037e-18
5984.197 8.041e-18
5985.073 8.033e-18
5985.950 8.015e-18
5986.827 7.990e-18
5987.703 8.025e-18
5988.580 8.021e-18
5989.457 8.029e-18
5990.333 8.024e-18
5991.210 8.030e-18
5992.087 8.028e-18
5992.963 8.037e-18
5993.840 8.037e-18
5994.717 8.023e-18
5995.593 8.030e-18
5996.470 8.045e-18
5997.347 8.041e-18
5998.223 8.031e-18
5999.100 8.017e-18
5999.977 8.015e-18
6000.853 8.011e-18
6001.730 8.001e-18
6002.607 7.998e-18
6003.483 7.991e-18
6004.360 7.974e-18
6005.237 7.977e-18
6006.113 7.970e-18
6006.990 7.965e-18
6007.867 7.965e-18
6008.743 7.963e-18
6009.620 7.965e-18
6010.497 7.966e-18
6011.373 7.966e-18
6012.250 7.966e-18
6013.127 7.963e-18
6014.003 7.966e-18
6014.880 7.966e-18
6015.757 7.966e-18
6016.633 7.964e-18
6017.510 7.931e-18
6018.387 7.952e-18
6019.263 7.944e-18
6020.140 7.937e-18
6021.017 7.930e-18
6021.893 7.923e-18
6022.770 7.915e-18
6023.647 7.908e-18
6024.523 7.901e-18
6025.400 7.893e-18
6026.277 7.886e-18
6027.153 7.889e-18
6028.030 7.898e-18
6028.907 7.916e-18
6029.783 7.929e-18
6030.660 7.943e-18
6031.537 7.957e-18
6032.413 7.971e-18
6033.290 7.984e-18
6034.167 7.997e-18
6035.043 8.011e-18
6035.920 1.679e-17
6036.797 8.037e-18
6037.673 8.033e-18
6038.550 8.031e-18
6039.427 8.028e-18
6040.303 8.025e-18
6041.180 8.022e-18
6042.057 8.020e-18
6042.933 8.017e-18
6043.810 8.014e-18
6044.687 8.011e-18
6045.563 8.008e-18
6046.440 8.005e-18
6047.317 8.002e-18
6048.193 7.999e-18
6049.070 7.995e-18
6049.947 7.992e-18
6050.823 7.989e-18
6051.700 7.986e-18
6052.577 7.982e-18
6053.453 7.979e-18
6054.330 7.976e-18
6055.207 7.973e-18
6056.083 7.969e-18
6056.960 7.966e-18
6057.837 7.965e-18
6058.713 7.963e-18
6059.590 7.962e-18
6060.467 7.961e-18
6061.343 7.959e-18
6062.220 7.958e-18
6063.097 7.956e-18
6063.973 7.955e-18
6064.850 7.954e-18
6065.727 7.952e-18
6066.603 7.951e-18
6067.480 7.950e-18
6068.357 7.949e-18
6069.233 7.948e-18
6070.110 7.947e-18
6070.987 7.946e-18
6071.863 7.945e-18
6072.740 7.944e-18
6073.617 7.943e-18
6074.493 7.942e-18
6075.370 7.942e-18
6076.247 7.941e-18
6077.123 7.938e-18
6078.000 7.935e-18
6078.877 7.931e-18
6079.753 7.927e-18
6080.630 7.923e-18
6081.507 7.918e-18
6082.383 7.913e-18
6083.260 7.908e-18
6084.137 7.903e-18
6085.013 7.898e-18
6085.890 7.893e-18
6086.767 7.888e-18
6087.643 7.887e-18
6088.520 7.885e-18
6089.397 7.883e-18
6090.273 7.881e-18
6091.150 7.880e-18
6092.027 7.878e-18
6092.903 7.877e-18
6093.780 7.875e-18
6094.657 7.873e-18
6095.533 7.872e-18
6096.410 7.870e-18
6097.287 7.863e-18
6098.163 7.852e-18
6099.040 7.842e-18
6099.917 7.831e-18
6100.793 7.821e-18
6101.670 7.811e-18
6102.547 7.800e-18
6103.423 7.790e-18
6104.300 7.780e-18
6105.177 7.769e-18
6106.053 7.759e-18
6106.930 7.753e-18
6107.807 7.760e-18
6108.683 7.766e-18
6109.560 7.773e-18
6110.437 7.780e-18
6111.313 7.787e-18
6112.190 7.794e-18
6113.067 7.801e-18
6113.943 7.808e-18
6114.820 7.815e-18
6115.697 7.822e-18
6116.573 7.828e-18
6117.450 7.820e-18
6118.327 7.810e-18
6119.203 7.799e-18
6120.080 7.789e-18
6120.957 7.779e-18
6121.833 7.768e-18
6122.710 7.758e-18
6123.587 7.747e-18
6124.463 7.737e-18
6125.340 7.726e-18
6126.217 7.716e-18
6127.093 7.707e-18
6127.970 7.700e-18
6128.847 7.694e-18
6129.723 7.687e-18
6130.600 7.681e-18
6131.477 7.674e-18
6132.353 7.667e-18
6133.230 7.661e-18
6134.107 7.654e-18
6134.983 7.647e-18
6135.860 7.641e-18
6136.737 7.635e-18
6137.613 7.639e-18
6138.490 2.041e-17
6139.367 7.647e-18
6140.243 7.651e-18
6141.120 3.502e-17
6141.997 7.660e-18
6142.873 7.664e-18
6143.750 7.668e-18
6144.627 7.672e-18
6145.503 7.676e-18
6146.380 7.680e-18
6147.257 7.680e-18
6148.133 7.678e-18
6149.010 7.676e-18
6149.887 7.674e-18
6150.763 7.672e-18
6151.640 7.670e-18
6152.517 7.668e-18
6153.393 7.666e-18
6154.270 7.664e-18
6155.147 7.662e-18
6156.023 7.660e-18
6156.900 7.653e-18
6157.777 7.669e-18
6158.653 7.606e-18
6159.530 7.582e-18
6160.407 7.559e-18
6161.283 7.536e-18
6162.160 7.512e-18
6163.037 7.489e-18
6163.913 7.465e-18
6164.790 7.442e-18
6165.667 7.418e-18
6166.543 7.395e-18
6167.420 7.405e-18
6168.297 7.424e-18
6169.173 7.442e-18
6170.050 7.460e-18
6170.927 7.478e-18
6171.803 7.496e-18
6172.680 7.514e-18
6173.557 7.532e-18
6174.433 7.550e-18
6175.310 7.568e-18
6176.187 7.587e-18
6177.063 7.598e-18
6177.940 2.577e-17
6178.817 7.600e-18
6179.693 7.602e-18
6180.570 7.603e-18
6181.447 7.605e-18
6182.323 7.606e-18
6183.200 7.607e-18
6184.077 7.609e-18
6184.953 7.610e-18
6185.830 7.611e-18
6186.707 7.612e-18
6187.583 7.607e-18
6188.460 7.601e-18
6189.337 7.596e-18
6190.213 7.590e-18
6191.090 7.584e-18
6191.967 7.579e-18
6192.843 7.573e-18
6193.720 7.567e-18
6194.597 3.268e-17
6195.473 7.556e-18
6196.350 7.550e-18
6197.227 7.550e-18
6198.103 7.553e-18
6198.980 7.556e-18
6199.857 7.559e-18
6200.733 7.563e-18
6201.610 7.566e-18
6202.487 7.569e-18
6203.363 7.573e-18
6204.240 7.576e-18
6205.117 7.579e-18
6205.993 7.582e-18
6206.870 7.583e-18
6207.747 7.571e-18
6208.623 7.560e-18
6209.500 7.549e-18
6210.377 7.537e-18
6211.253 7.526e-18
6212.130 7.515e-18
6213.007 7.503e-18
6213.883 7.492e-18
6214.760 3.934e-17
6215.637 7.469e-18
6216.513 7.458e-18
6217.390 7.457e-18
6218.267 7.460e-18
6219.143 7.462e-18
6220.020 7.464e-18
6220.897 7.467e-18
6221.773 7.469e-18
6222.650 7.471e-18
6223.527 1.216e-16
6224.403 7.476e-18
6225.280 7.478e-18
6226.157 7.481e-18
6227.033 7.477e-18
6227.910 7.465e-18
6228.787 7.453e-18
6229.663 7.441e-18
6230.540 7.429e-18
6231.417 7.417e-18
6232.293 7.405e-18
6233.170 7.393e-18
6234.047 7.381e-18
6234.923 7.369e-18
6235.800 7.357e-18
6236.677 7.345e-18
6237.553 7.341e-18
6238.430 7.336e-18
6239.307 7.332e-18
6240.183 7.327e-18
6241.060 7.323e-18
6241.937 8.262e-17
6242.813 7.314e-18
6243.690 7.309e-18
6244.567 7.305e-18
6245.443 1.175e-16
6246.320 7.296e-18
6247.197 7.290e-18
6248.073 7.281e-18
6248.950 7.275e-18
6249.827 7.268e-18
6250.703 7.261e-18
6251.580 7.254e-18
6252.457 7.247e-18
6253.333 7.239e-18
6254.210 7.232e-18
6255.087 7.225e-18
6255.963 7.218e-18
6256.840 7.214e-18
6257.717 7.225e-18
6258.593 7.836e-18
6259.470 7.247e-18
6260.347 7.257e-18
6261.223 7.269e-18
6262.100 7.280e-18
6262.977 7.291e-18
6263.853 7.302e-18
6264.730 7.314e-18
6265.607 7.325e-18
6266.483 7.336e-18
6267.360 7.337e-18
6268.237 7.335e-18
6269.113 7.332e-18
6269.990 1.908e-17
6270.867 7.328e-18
6271.743 7.326e-18
6272.620 7.324e-18
6273.497 7.321e-18
6274.373 7.313e-18
6275.250 7.317e-18
6276.127 7.315e-18
6277.003 7.284e-18
6277.880 7.311e-18
6278.757 7.269e-18
6279.633 7.261e-18
6280.510 7.257e-18
6281.387 7.295e-18
6282.263 7.261e-18
6283.140 7.290e-18
6284.017 7.292e-18
6284.893 7.294e-18
6285.770 7.288e-18
6286.647 7.285e-18
6287.523 7.217e-18
6288.400 7.279e-18
6289.277 7.268e-18
6290.153 7.266e-18
6291.030 7.214e-18
6291.907 6.862e-18
6292.783 7.248e-18
6293.660 7.237e-18
6294.537 7.216e-18
6295.413 7.230e-18
6296.290 7.219e-18
6297.167 7.211e-18
6298.043 1.139e-17
6298.920 7.189e-18
6299.797 7.195e-18
6300.673 7.184e-18
6301.550 7.182e-18
6302.427 7.175e-18
6303.303 7.167e-18
6304.180 7.158e-18
6305.057 7.154e-18
6305.933 7.147e-18
6306.810 7.140e-18
6307.687 7.114e-18
6308.563 7.123e-18
6309.440 7.119e-18
6310.317 1.560e-17
6311.193 7.092e-18
6312.070 7.099e-18
6312.947 7.100e-18
6313.823 7.100e-18
6314.700 7.095e-18
6315.577 7.099e-18
6316.453 7.097e-18
6317.330 7.098e-18
6318.207 7.094e-18
6319.083 7.090e-18
6319.960 7.096e-18
6320.837 7.094e-18
6321.713 7.060e-18
6322.590 7.095e-18
6323.467 7.095e-18
6324.343 7.090e-18
6325.220 7.093e-18
6326.097 7.090e-18
6326.973 7.093e-18
6327.850 7.091e-18
6328.727 7.092e-18
6329.603 7.092e-18
6330.480 7.086e-18
6331.357 7.035e-18
6332.233 7.091e-18
6333.110 7.089e-18
6333.987 7.087e-18
6334.863 7.086e-18
6335.740 7.086e-18
6336.617 7.085e-18
6337.493 7.084e-18
6338.370 7.083e-18
6339.247 7.081e-18
6340.123 7.081e-18
6341.000 7.081e-18
6341.877 7.068e-18
6342.753 7.078e-18
6343.630 7.078e-18
6344.507 7.076e-18
6345.383 7.076e-18
6346.260 7.075e-18
6347.137 7.074e-18
6348.013 7.073e-18
6348.890 7.068e-18
6349.767 7.071e-18
6350.643 7.070e-18
6351.520 7.069e-18
6352.397 7.059e-18
6353.273 7.060e-18
6354.150 7.062e-18
6355.027 7.062e-18
6355.903 7.060e-18
6356.780 7.059e-18
6357.657 7.057e-18
6358.533 7.055e-18
6359.410 7.053e-18
6360.287 7.051e-18
6361.163 7.043e-18
6362.040 7.048e-18
6362.917 7.038e-18
6363.793 7.045e-18
6364.670 7.043e-18
6365.547 2.771e-15
6366.423 7.040e-18
6367.300 7.038e-18
6368.177 7.036e-18
6369.053 7.034e-18
6369.930 7.032e-18
6370.807 7.030e-18
6371.683 7.029e-18
6372.560 7.027e-18
6373.437 7.022e-18
6374.313 7.023e-18
6375.190 7.019e-18
6376.067 7.020e-18
6376.943 7.016e-18
6377.820 7.016e-18
6378.697 7.014e-18
6379.573 7.012e-18
6380.450 7.010e-18
6381.327 7.008e-18
6382.203 7.006e-18
6383.080 7.003e-18
6383.957 7.002e-18
6384.833 7.000e-18
6385.710 6.998e-18
6386.587 6.996e-18
6387.463 6.994e-18
6388.340 2.640e-17
6389.217 6.989e-18
6390.093 6.988e-18
6390.970 6.987e-18
6391.847 6.985e-18
6392.723 6.978e-18
6393.600 6.974e-18
6394.477 6.968e-18
6395.353 6.963e-18
6396.230 6.955e-18
6397.107 6.952e-18
6397.983 6.947e-18
6398.860 6.941e-18
6399.737 6.936e-18
6400.613 6.929e-18
6401.490 6.925e-18
6402.367 6.918e-18
6403.243 6.914e-18
6404.120 6.908e-18
6404.997 6.902e-18
6405.873 6.895e-18
6406.750 6.892e-18
6407.627 6.887e-18
6408.503 6.880e-18
6409.380 6.874e-18
6410.257 6.869e-18
6411.133 6.863e-18
6412.010 6.860e-18
6412.887 6.858e-18
6413.763 6.858e-18
6414.640 6.855e-18
6415.517 3.864e-17
6416.393 6.854e-18
6417.270 6.853e-18
6418.147 6.851e-18
6419.023 6.851e-18
6419.900 6.850e-18
6420.777 6.850e-18
6421.653 6.849e-18
6422.530 6.849e-18
6423.407 6.850e-18
6424.283 6.850e-18
6425.160 6.849e-18
6426.037 6.850e-18
6426.913 6.850e-18
6427.790 6.850e-18
6428.667 6.849e-18
6429.543 6.850e-18
6430.420 6.850e-18
6431.297 6.847e-18
6432.173 6.847e-18
6433.050 6.849e-18
6433.927 6.850e-18
6434.803 6.841e-18
6435.680 6.849e-18
6436.557 6.849e-18
6437.433 6.849e-18
6438.310 6.849e-18
6439.187 6.849e-18
6440.063 6.849e-18
6440.940 6.849e-18
6441.817 6.848e-18
6442.693 6.848e-18
6443.570 6.848e-18
6444.447 6.848e-18
6445.323 6.839e-18
6446.200 6.844e-18
6447.077 6.843e-18
6447.953 6.847e-18
6448.830 6.845e-18
6449.707 6.815e-18
6450.583 6.847e-18
6451.460 6.843e-18
6452.337 6.844e-18
6453.213 6.834e-18
6454.090 6.838e-18
6454.967 6.829e-18
6455.843 6.819e-18
6456.720 6.827e-18
6457.597 6.825e-18
6458.473 6.821e-18
6459.350 6.817e-18
6460.227 6.814e-18
6461.103 6.811e-18
6461.980 6.790e-18
6462.857 6.804e-18
6463.733 6.784e-18
6464.610 6.798e-18
6465.487 6.788e-18
6466.363 6.787e-18
6467.240 6.784e-18
6468.117 6.760e-18
6468.993 6.781e-18
6469.870 6.775e-18
6470.747 6.774e-18
6471.623 6.766e-18
6472.500 6.766e-18
6473.377 6.761e-18
6474.253 6.618e-18
6475.130 6.743e-18
6476.007 6.741e-18
6476.883 6.610e-18
6477.760 6.715e-18
6478.637 6.725e-18
6479.513 6.720e-18
6480.390 6.717e-18
6481.267 6.661e-18
6482.143 6.702e-18
6483.020 6.700e-18
6483.897 6.695e-18
6484.773 6.685e-18
6485.650 6.611e-18
6486.527 6.657e-18
6487.403 6.647e-18
6488.280 6.664e-18
6489.157 6.642e-18
6490.033 6.654e-18
6490.910 6.558e-18
6491.787 6.646e-18
6492.663 6.566e-18
6493.540 6.654e-18
6494.417 6.654e-18
6495.293 6.660e-18
6496.170 7.384e-18
6497.047 6.668e-18
6497.923 6.668e-18
6498.800 6.677e-18
6499.677 6.680e-18
6500.553 3.891e-16
6501.430 6.690e-18
6502.307 6.694e-18
6503.183 6.694e-18
6504.060 6.702e-18
6504.937 6.706e-18
6505.813 6.708e-18
6506.690 6.714e-18
6507.567 6.718e-18
6508.443 6.723e-18
6509.320 6.725e-18
6510.197 6.726e-18
6511.073 6.735e-18
6511.950 6.738e-18
6512.827 6.737e-18
6513.703 6.719e-18
6514.580 6.733e-18
6515.457 6.713e-18
6516.333 6.720e-18
6517.210 6.728e-18
6518.087 6.718e-18
6518.963 6.680e-18
6519.840 6.647e-18
6520.717 6.720e-18
6521.593 6.720e-18
6522.470 6.718e-18
6523.347 6.719e-18
6524.223 1.686e-16
6525.100 6.684e-18
6525.977 6.712e-18
6526.853 6.713e-18
6527.730 6.709e-18
6528.607 6.710e-18
6529.483 6.705e-18
6530.360 6.707e-18
6531.237 6.706e-18
6532.113 6.701e-18
6532.990 6.694e-18
6533.867 6.684e-18
6534.743 7.851e-18
6535.620 6.667e-18
6536.497 6.646e-18
6537.373 6.656e-18
6538.250 6.648e-18
6539.127 6.640e-18
6540.003 6.632e-18
6540.880 6.626e-18
6541.757 6.618e-18
6542.633 9.446e-18
6543.510 6.603e-18
6544.387 6.594e-18
6545.263 6.586e-18
6546.140 6.578e-18
6547.017 6.573e-18
6547.893 2.175e-17
6548.770 6.556e-18
6549.647 6.541e-18
6550.523 6.496e-18
6551.400 6.535e-18
6552.277 6.524e-18
6553.153 6.508e-18
6554.030 6.490e-18
6554.907 6.475e-18
6555.783 6.458e-18
6556.660 6.444e-18
6557.537 6.429e-18
6558.413 6.414e-18
6559.290 6.397e-18
6560.167 6.382e-18
6561.043 6.367e-18
6561.920 6.352e-18
6562.797 6.331e-18
6563.673 6.319e-18
6564.550 8.627e-17
6565.427 6.278e-18
6566.303 6.271e-18
6567.180 6.258e-18
6568.057 6.242e-18
6568.933 6.227e-18
6569.810 6.211e-18
6570.687 7.745e-18
6571.563 6.180e-18
6572.440 6.176e-18
6573.317 6.200e-18
6574.193 6.218e-18
6575.070 6.236e-18
6575.947 6.252e-18
6576.823 6.252e-18
6577.700 6.284e-18
6578.577 6.301e-18
6579.453 6.317e-18
6580.330 6.333e-18
6581.207 6.349e-18
6582.083 6.364e-18
6582.960 6.381e-18
6583.837 6.396e-18
6584.713 6.414e-18
6585.590 1.046e-17
6586.467 6.446e-18
6587.343 6.461e-18
6588.220 6.468e-18
6589.097 6.494e-18
6589.973 6.511e-18
6590.850 6.527e-18
6591.727 6.543e-18
6592.603 6.546e-18
6593.480 6.547e-18
6594.357 6.549e-18
6595.233 6.544e-18
6596.110 6.543e-18
6596.987 6.554e-18
6597.863 6.555e-18
6598.740 6.556e-18
6599.617 6.559e-18
6600.493 6.559e-18
6601.370 6.560e-18
6602.247 6.560e-18
6603.123 6.565e-18
6604.000 6.545e-18
6604.877 6.568e-18
6605.753 6.582e-18
6606.630 6.569e-18
6607.507 6.572e-18
6608.383 6.575e-18
6609.260 6.576e-18
6610.137 6.578e-18
6611.013 6.579e-18
6611.890 6.577e-18
6612.767 6.578e-18
6613.643 6.569e-18
6614.520 6.572e-18
6615.397 6.571e-18
6616.273 6.569e-18
6617.150 6.566e-18
6618.027 6.564e-18
6618.903 6.561e-18
6619.780 6.559e-18
6620.657 6.555e-18
6621.533 6.554e-18
6622.410 6.552e-18
6623.287 6.549e-18
6624.163 6.547e-18
6625.040 6.545e-18
6625.917 6.543e-18
6626.793 6.540e-18
6627.670 6.538e-18
6628.547 6.536e-18
6629.423 4.232e-17
6630.300 6.531e-18
6631.177 6.529e-18
6632.053 6.527e-18
6632.930 6.526e-18
6633.807 6.526e-18
6634.683 6.526e-18
6635.560 6.526e-18
6636.437 6.526e-18
6637.313 6.526e-18
6638.190 6.525e-18
6639.067 6.525e-18
6639.943 6.525e-18
6640.820 6.525e-18
6641.697 6.524e-18
6642.573 6.524e-18
6643.450 6.524e-18
6644.327 6.524e-18
6645.203 6.524e-18
6646.080 6.523e-18
6646.957 6.523e-18
6647.833 6.523e-18
6648.710 6.523e-18
6649.587 6.523e-18
6650.463 6.522e-18
6651.340 6.522e-18
6652.217 6.520e-18
6653.093 6.517e-18
6653.970 6.513e-18
6654.847 6.510e-18
6655.723 6.506e-18
6656.600 6.503e-18
6657.477 6.499e-18
6658.353 6.496e-18
6659.230 6.492e-18
6660.107 6.489e-18
6660.983 6.485e-18
6661.860 6.482e-18
6662.737 6.478e-18
6663.613 7.777e-18
6664.490 6.471e-18
6665.367 6.468e-18
6666.243 6.464e-18
6667.120 6.461e-18
6667.997 6.457e-18
6668.873 6.454e-18
6669.750 1.045e-17
6670.627 6.447e-18
6671.503 6.444e-18
6672.380 6.442e-18
6673.257 6.443e-18
6674.133 6.442e-18
6675.010 6.443e-18
6675.887 6.443e-18
6676.763 6.443e-18
6677.640 6.443e-18
6678.517 6.444e-18
6679.393 6.443e-18
6680.270 6.444e-18
6681.147 6.444e-18
6682.023 6.444e-18
6682.900 6.444e-18
6683.777 6.444e-18
6684.653 6.445e-18
6685.530 6.440e-18
6686.407 6.445e-18
6687.283 6.445e-18
6688.160 6.445e-18
6689.037 6.445e-18
6689.913 6.445e-18
6690.790 6.446e-18
6691.667 6.446e-18
6692.543 6.442e-18
6693.420 6.438e-18
6694.297 6.434e-18
6695.173 6.430e-18
6696.050 6.426e-18
6696.927 6.422e-18
6697.803 6.418e-18
6698.680 6.415e-18
6699.557 6.411e-18
6700.433 6.407e-18
6701.310 6.403e-18
6702.187 6.399e-18
6703.063 6.395e-18
6703.940 6.391e-18
6704.817 6.387e-18
6705.693 6.383e-18
6706.570 1.210e-17
6707.447 6.375e-18
6708.323 6.371e-18
6709.200 6.367e-18
6710.077 6.363e-18
6710.953 6.359e-18
6711.830 6.355e-18
6712.707 6.354e-18
6713.583 6.354e-18
6714.460 6.354e-18
6715.337 6.353e-18
6716.213 6.353e-18
6717.090 6.352e-18
6717.967 6.352e-18
6718.843 7.181e-18
6719.720 6.351e-18
6720.597 6.350e-18
6721.473 6.350e-18
6722.350 6.350e-18
6723.227 6.349e-18
6724.103 6.349e-18
6724.980 6.348e-18
6725.857 6.348e-18
6726.733 6.347e-18
6727.610 6.347e-18
6728.487 6.346e-18
6729.363 6.346e-18
6730.240 6.346e-18
6731.117 6.345e-18
6731.993 9.935e-18
6732.870 6.342e-18
6733.747 6.340e-18
6734.623 6.338e-18
6735.500 6.336e-18
6736.377 6.334e-18
6737.253 6.332e-18
6738.130 6.330e-18
6739.007 6.328e-18
6739.883 6.326e-18
6740.760 6.324e-18
6741.637 6.322e-18
6742.513 6.320e-18
6743.390 6.317e-18
6744.267 6.315e-18
6745.143 6.313e-18
6746.020 6.832e-18
6746.897 6.309e-18
6747.773 6.307e-18
6748.650 6.305e-18
6749.527 6.303e-18
6750.403 6.301e-18
6751.280 6.300e-18
6752.157 6.300e-18
6753.033 6.300e-18
6753.910 6.300e-18
6754.787 6.300e-18
6755.663 6.299e-18
6756.540 6.299e-18
6757.417 6.299e-18
6758.293 6.299e-18
6759.170 6.299e-18
6760.047 6.299e-18
6760.923 6.299e-18
6761.800 6.299e-18
6762.677 6.299e-18
6763.553 6.299e-18
6764.430 6.299e-18
6765.307 6.299e-18
6766.183 6.299e-18
6767.060 6.299e-18
6767.937 6.299e-18
6768.813 6.299e-18
6769.690 6.298e-18
6770.567 6.298e-18
6771.443 6.298e-18
6772.320 6.298e-18
6773.197 6.297e-18
6774.073 6.296e-18
6774.950 6.295e-18
6775.827 6.294e-18
6776.703 6.293e-18
6777.580 6.293e-18
6778.457 6.292e-18
6779.333 6.291e-18
6780.210 6.290e-18
6781.087 6.289e-18
6781.963 6.288e-18
6782.840 6.287e-18
6783.717 6.286e-18
6784.593 6.285e-18
6785.470 6.285e-18
6786.347 6.284e-18
6787.223 6.283e-18
6788.100 6.282e-18
6788.977 6.281e-18
6789.853 6.280e-18
6790.730 6.279e-18
6791.607 6.278e-18
6792.483 6.278e-18
6793.360 6.277e-18
6794.237 6.277e-18
6795.113 6.276e-18
6795.990 6.276e-18
6796.867 6.275e-18
6797.743 6.275e-18
6798.620 6.273e-18
6799.497 6.274e-18
6800.373 6.273e-18
6801.250 6.273e-18
6802.127 6.272e-18
6803.003 6.272e-18
6803.880 6.271e-18
6804.757 6.271e-18
6805.633 6.268e-18
6806.510 6.269e-18
6807.387 6.269e-18
6808.263 6.269e-18
6809.140 6.268e-18
6810.017 6.268e-18
6810.893 6.267e-18
6811.770 6.267e-18
6812.647 6.265e-18
6813.523 6.264e-18
6814.400 6.263e-18
6815.277 6.262e-18
6816.153 6.261e-18
6817.030 6.259e-18
6817.907 6.258e-18
6818.783 6.254e-18
6819.660 6.256e-18
6820.537 6.255e-18
6821.413 6.253e-18
6822.290 6.252e-18
6823.167 6.251e-18
6824.043 6.250e-18
6824.920 6.247e-18
6825.797 6.247e-18
6826.673 6.246e-18
6827.550 6.244e-18
6828.427 6.244e-18
6829.303 2.157e-17
6830.180 6.241e-18
6831.057 6.238e-18
6831.933 6.239e-18
6832.810 6.236e-18
6833.687 6.234e-18
6834.563 7.627e-17
6835.440 6.229e-18
6836.317 4.034e-16
6837.193 6.225e-18
6838.070 6.223e-18
6838.947 6.220e-18
6839.823 6.218e-18
6840.700 6.216e-18
6841.577 1.577e-17
6842.453 6.211e-18
6843.330 6.209e-18
6844.207 6.204e-18
6845.083 6.204e-18
6845.960 6.202e-18
6846.837 6.200e-18
6847.713 6.197e-18
6848.590 6.195e-18
6849.467 6.193e-18
6850.343 6.191e-18
6851.220 6.188e-18
6852.097 6.187e-18
6852.973 6.188e-18
6853.850 6.189e-18
6854.727 6.191e-18
6855.603 6.191e-18
6856.480 6.193e-18
6857.357 6.194e-18
6858.233 6.196e-18
6859.110 6.197e-18
6859.987 6.197e-18
6860.863 6.199e-18
6861.740 6.201e-18
6862.617 6.201e-18
6863.493 6.202e-18
6864.370 6.204e-18
6865.247 6.204e-18
6866.123 6.201e-18
6867.000 1.104e-17
6867.877 6.198e-18
6868.753 6.169e-18
6869.630 5.936e-18
6870.507 3.888e-18
6871.383 5.899e-18
6872.260 6.000e-18
6873.137 1.336e-18
6874.013 4.949e-18
6874.890 5.163e-18
6875.767 3.302e-18
6876.643 3.878e-18
6877.520 1.724e-18
6878.397 5.792e-18
6879.273 5.972e-18
6880.150 9.197e-18
6881.027 4.308e-18
6881.903 4.853e-18
6882.780 8.824e-18
6883.657 6.196e-18
6884.533 1.309e-17
6885.410 6.130e-18
6886.287 6.184e-18
6887.163 6.126e-18
6888.040 6.063e-18
6888.917 5.894e-18
6889.793 6.163e-18
6890.670 5.626e-18
6891.547 5.810e-18
6892.423 6.137e-18
6893.300 6.165e-18
6894.177 3.869e-18
6895.053 5.224e-18
6895.930 6.146e-18
6896.807 6.116e-18
6897.683 5.888e-18
6898.560 5.885e-18
6899.437 6.101e-18
6900.313 6.172e-18
6901.190 6.150e-18
6902.067 5.826e-18
6902.943 5.568e-18
6903.820 6.166e-18
6904.697 6.173e-18
6905.573 6.132e-18
6906.450 6.023e-18
6907.327 6.096e-18
6908.203 6.172e-18
6909.080 6.172e-18
6909.957 6.151e-18
6910.833 6.114e-18
6911.710 6.124e-18
6912.587 6.155e-18
6913.463 6.146e-18
6914.340 6.174e-18
6915.217 5.653e-18
6916.093 5.317e-18
6916.970 6.176e-18
6917.847 6.177e-18
6918.723 6.177e-18
6919.600 6.165e-18
6920.477 6.158e-18
6921.353 6.159e-18
6922.230 6.174e-18
6923.107 6.177e-18
6923.983 6.175e-18
6924.860 6.160e-18
6925.737 6.151e-18
6926.613 6.519e-18
6927.490 6.159e-18
6928.367 6.171e-18
6929.243 1.162e-17
6930.120 6.177e-18
6930.997 6.031e-18
6931.873 6.086e-18
6932.750 6.159e-18
6933.627 6.112e-18
6934.503 6.170e-18
6935.380 6.060e-18
6936.257 6.052e-18
6937.133 5.566e-18
6938.010 6.144e-18
6938.887 6.140e-18
6939.763 6.120e-18
6940.640 6.153e-18
6941.517 9.025e-17
6942.393 6.106e-18
6943.270 6.099e-18
6944.147 5.931e-18
6945.023 6.141e-18
6945.900 6.111e-18
6946.777 6.138e-18
6947.653 6.137e-18
6948.530 5.953e-18
6949.407 5.454e-18
6950.283 6.127e-18
6951.160 1.871e-16
6952.037 6.124e-18
6952.913 6.115e-18
6953.790 6.117e-18
6954.667 6.131e-18
6955.543 5.917e-18
6956.420 6.447e-18
6957.297 6.099e-18
6958.173 9.965e-18
6959.050 6.097e-18
6959.927 6.093e-18
6960.803 6.088e-18
6961.680 6.070e-18
6962.557 6.054e-18
6963.433 6.066e-18
6964.310 6.083e-18
6965.187 6.080e-18
6966.063 6.075e-18
6966.940 6.042e-18
6967.817 6.071e-18
6968.693 6.063e-18
6969.570 6.052e-18
6970.447 6.062e-18
6971.323 6.059e-18
6972.200 6.055e-18
6973.077 6.037e-18
6973.953 6.091e-18
6974.830 6.056e-18
6975.707 6.056e-18
6976.583 6.052e-18
6977.460 6.056e-18
6978.337 6.055e-18
6979.213 6.045e-18
6980.090 6.054e-18
6980.967 6.052e-18
6981.843 6.054e-18
6982.720 6.054e-18
6983.597 6.047e-18
6984.473 8.180e-18
6985.350 9.804e-18
6986.227 6.052e-18
6987.103 6.050e-18
6987.980 6.049e-18
6988.857 6.045e-18
6989.733 5.986e-18
6990.610 6.040e-18
6991.487 6.049e-18
6992.363 5.924e-18
6993.240 6.042e-18
6994.117 6.038e-18
6994.993 6.030e-18
6995.870 6.004e-18
6996.747 6.021e-18
6997.623 6.020e-18
6998.500 1.070e-17
6999.377 6.010e-18
7000.253 5.998e-18
7001.130 5.971e-18
7002.007 5.997e-18
7002.883 1.300e-17
7003.760 6.075e-18
7004.637 5.975e-18
7005.513 5.978e-18
7006.390 5.912e-18
7007.267 8.576e-18
7008.143 5.915e-18
7009.020 5.955e-18
7009.897 5.954e-18
7010.773 5.950e-18
7011.650 5.936e-18
7012.527 5.930e-18
7013.403 5.922e-18
7014.280 5.936e-18
7015.157 5.940e-18
7016.033 5.935e-18
7016.910 5.900e-18
7017.787 5.880e-18
7018.663 5.924e-18
7019.540 5.935e-18
7020.417 5.937e-18
7021.293 5.844e-18
7022.170 5.918e-18
7023.047 5.934e-18
7023.923 5.934e-18
7024.800 5.930e-18
7025.677 5.919e-18
7026.553 5.929e-18
7027.430 5.931e-18
7028.307 5.856e-18
7029.183 5.907e-18
7030.060 5.919e-18
7030.937 5.903e-18
7031.813 5.926e-18
7032.690 5.922e-18
7033.567 5.930e-18
7034.443 5.932e-18
7035.320 5.934e-18
7036.197 5.935e-18
7037.073 5.938e-18
7037.950 5.933e-18
7038.827 5.941e-18
7039.703 5.936e-18
7040.580 5.941e-18
7041.457 5.938e-18
7042.333 5.953e-18
7043.210 5.128e-17
7044.087 5.959e-18
7044.963 5.963e-18
7045.840 5.964e-18
7046.717 5.962e-18
7047.593 5.971e-18
7048.470 5.971e-18
7049.347 5.944e-18
7050.223 5.965e-18
7051.100 1.967e-17
7051.977 5.984e-18
7052.853 5.835e-18
7053.730 5.971e-18
7054.607 5.930e-18
7055.483 5.968e-18
7056.360 1.043e-17
7057.237 5.976e-18
7058.113 5.971e-18
7058.990 5.841e-18
7059.867 5.972e-18
7060.743 5.966e-18
7061.620 5.958e-18
7062.497 5.930e-18
7063.373 5.949e-18
7064.250 1.204e-17
7065.127 5.964e-18
7066.003 5.959e-18
7066.880 5.957e-18
7067.757 5.951e-18
7068.633 5.958e-18
7069.510 1.623e-17
7070.387 5.957e-18
7071.263 5.957e-18
7072.140 5.956e-18
7073.017 5.955e-18
7073.893 5.926e-18
7074.770 5.951e-18
7075.647 5.941e-18
7076.523 5.947e-18
7077.400 5.944e-18
7078.277 5.946e-18
7079.153 5.941e-18
7080.030 5.932e-18
7080.907 5.932e-18
7081.783 5.930e-18
7082.660 5.939e-18
7083.537 5.939e-18
7084.413 6.381e-18
7085.290 5.936e-18
7086.167 5.934e-18
7087.043 5.931e-18
7087.920 5.926e-18
7088.797 1.280e-17
7089.673 1.370e-17
7090.550 5.916e-18
7091.427 5.925e-18
7092.303 1.390e-17
7093.180 5.901e-18
7094.057 5.926e-18
7094.933 5.922e-18
7095.810 5.925e-18
7096.687 5.926e-18
7097.563 5.909e-18
7098.440 5.923e-18
7099.317 5.921e-18
7100.193 5.928e-18
7101.070 5.926e-18
7101.947 5.924e-18
7102.823 5.925e-18
7103.700 5.927e-18
7104.577 5.929e-18
7105.453 5.929e-18
7106.330 5.925e-18
7107.207 5.922e-18
7108.083 5.889e-18
7108.960 5.925e-18
7109.837 5.931e-18
7110.713 5.931e-18
7111.590 5.929e-18
7112.467 5.928e-18
7113.343 5.920e-18
7114.220 5.930e-18
7115.097 5.928e-18
7115.973 5.920e-18
7116.850 5.927e-18
7117.727 5.917e-18
7118.603 5.925e-18
7119.480 5.924e-18
7120.357 5.886e-18
7121.233 5.915e-18
7122.110 5.921e-18
7122.987 5.921e-18
7123.863 5.919e-18
7124.740 5.900e-18
7125.617 5.918e-18
7126.493 5.917e-18
7127.370 5.913e-18
7128.247 5.915e-18
7129.123 5.914e-18
7130.000 5.901e-18
7130.877 5.910e-18
7131.753 5.910e-18
7132.630 5.910e-18
7133.507 5.908e-18
7134.383 5.909e-18
7135.260 8.385e-18
7136.137 5.877e-18
7137.013 5.904e-18
7137.890 5.908e-18
7138.767 5.907e-18
7139.643 5.901e-18
7140.520 5.907e-18
7141.397 5.903e-18
7142.273 5.850e-18
7143.150 1.039e-17
7144.027 5.893e-18
7144.903 5.846e-18
7145.780 5.903e-18
7146.657 1.581e-17
7147.533 6.286e-18
7148.410 5.895e-18
7149.287 5.899e-18
7150.163 5.899e-18
7151.040 5.901e-18
7151.917 6.731e-18
7152.793 5.871e-18
7153.670 5.892e-18
7154.547 5.891e-18
7155.423 5.892e-18
7156.300 5.896e-18
7157.177 5.890e-18
7158.053 5.891e-18
7158.930 5.890e-18
7159.807 5.887e-18
7160.683 5.809e-18
7161.560 5.885e-18
7162.437 5.885e-18
7163.313 5.888e-18
7164.190 5.874e-18
7165.067 5.879e-18
7165.943 5.867e-18
7166.820 5.851e-18
7167.697 5.815e-18
7168.573 5.856e-18
7169.450 5.802e-18
7170.327 5.869e-18
7171.203 7.510e-18
7172.080 5.541e-18
7172.957 5.807e-18
7173.833 5.831e-18
7174.710 4.877e-18
7175.587 1.861e-17
7176.463 5.857e-18
7177.340 5.822e-18
7178.217 5.680e-18
7179.093 5.040e-18
7179.970 5.839e-18
7180.847 5.839e-18
7181.723 5.846e-18
7182.600 5.849e-18
7183.477 4.424e-18
7184.353 5.808e-18
7185.230 5.841e-18
7186.107 8.503e-18
7186.983 5.761e-18
7187.860 5.790e-18
7188.737 5.774e-18
7189.613 5.714e-18
7190.490 5.824e-18
7191.367 6.657e-18
7192.243 5.825e-18
7193.120 5.768e-18
7193.997 5.729e-18
7194.873 5.815e-18
7195.750 4.437e-18
7196.627 5.817e-18
7197.503 5.820e-18
7198.380 5.814e-18
7199.257 5.393e-18
7200.133 5.795e-18
7201.010 5.819e-18
7201.887 8.611e-18
7202.763 9.395e-18
7203.640 5.767e-18
7204.517 5.808e-18
7205.393 5.829e-18
7206.270 3.499e-18
7207.147 5.830e-18
7208.023 5.787e-18
7208.900 5.818e-18
7209.777 5.820e-18
7210.653 5.846e-18
7211.530 4.970e-18
7212.407 5.816e-18
7213.283 5.758e-18
7214.160 5.833e-18
7215.037 5.859e-18
7215.913 5.849e-18
7216.790 5.859e-18
7217.667 5.857e-18
7218.543 5.088e-18
7219.420 5.865e-18
7220.297 5.857e-18
7221.173 5.864e-18
7222.050 5.866e-18
7222.927 5.878e-18
7223.803 5.883e-18
7224.680 5.882e-18
7225.557 8.202e-18
7226.433 5.884e-18
7227.310 5.917e-18
7228.187 5.893e-18
7229.063 5.885e-18
7229.940 5.865e-18
7230.817 6.796e-18
7231.693 5.902e-18
7232.570 5.883e-18
7233.447 5.903e-18
7234.323 5.677e-18
7235.200 2.060e-17
7236.077 5.875e-18
7236.953 5.737e-18
7237.830 5.879e-18
7238.707 5.903e-18
7239.583 5.913e-18
7240.460 5.913e-18
7241.337 5.909e-18
7242.213 6.420e-16
7243.090 5.847e-18
7243.967 7.072e-17
7244.843 5.943e-18
7245.720 3.499e-18
7246.597 1.131e-17
7247.473 5.831e-18
7248.350 5.918e-18
7249.227 5.468e-18
7250.103 5.924e-18
7250.980 5.649e-18
7251.857 5.919e-18
7252.733 1.211e-17
7253.610 5.916e-18
7254.487 5.339e-18
7255.363 5.738e-18
7256.240 5.916e-18
7257.117 5.931e-18
7257.993 5.896e-18
7258.870 5.915e-18
7259.747 5.868e-18
7260.623 5.816e-18
7261.500 5.898e-18
7262.377 5.914e-18
7263.253 7.802e-18
7264.130 5.807e-18
7265.007 5.606e-18
7265.883 5.921e-18
7266.760 5.805e-18
7267.637 4.028e-18
7268.513 6.752e-18
7269.390 6.040e-18
7270.267 5.912e-18
7271.143 4.015e-17
7272.020 5.861e-18
7272.897 5.915e-18
7273.773 5.931e-18
7274.650 5.873e-18
7275.527 5.911e-18
7276.403 5.922e-18
7277.280 5.728e-18
7278.157 5.889e-18
7279.033 1.161e-17
7279.910 5.861e-18
7280.787 5.741e-18
7281.663 5.707e-18
7282.540 5.887e-18
7283.417 5.905e-18
7284.293 5.417e-18
7285.170 5.815e-18
7286.047 5.910e-18
7286.923 9.968e-18
7287.800 7.453e-18
7288.677 5.903e-18
7289.553 5.795e-18
7290.430 5.880e-18
7291.307 5.898e-18
7292.183 5.869e-18
7293.060 2.178e-17
7293.937 5.876e-18
7294.813 5.848e-18
7295.690 5.898e-18
7296.567 5.892e-18
7297.443 5.891e-18
7298.320 5.780e-18
7299.197 5.906e-18
7300.073 5.878e-18
7300.950 5.914e-18
7301.827 5.685e-18
7302.703 5.866e-18
7303.580 5.917e-18
7304.457 5.889e-18
7305.333 5.706e-18
7306.210 4.598e-18
7307.087 5.905e-18
7307.963 5.886e-18
7308.840 5.927e-18
7309.717 5.924e-18
7310.593 5.884e-18
7311.470 5.404e-18
7312.347 5.856e-18
7313.223 5.890e-18
7314.100 5.928e-18
7314.977 5.821e-18
7315.853 5.932e-18
7316.730 5.921e-18
7317.607 5.732e-18
7318.483 5.926e-18
7319.360 5.478e-18
7320.237 5.839e-18
7321.113 5.925e-18
7321.990 5.934e-18
7322.867 5.695e-18
7323.743 5.933e-18
7324.620 5.935e-18
7325.497 5.933e-18
7326.373 5.929e-18
7327.250 5.934e-18
7328.127 5.934e-18
7329.003 5.890e-18
7329.880 5.930e-18
7330.757 5.934e-18
7331.633 5.931e-18
7332.510 5.930e-18
7333.387 5.933e-18
7334.263 1.373e-17
7335.140 5.779e-18
7336.017 5.927e-18
7336.893 5.931e-18
7337.770 5.885e-18
7338.647 5.934e-18
7339.523 5.933e-18
7340.400 5.935e-18
7341.277 5.924e-18
7342.153 5.907e-18
7343.030 5.798e-17
7343.907 5.926e-18
7344.783 5.934e-18
7345.660 5.927e-18
7346.537 1.059e-17
7347.413 5.933e-18
7348.290 5.932e-18
7349.167 5.932e-18
7350.043 5.836e-18
7350.920 5.930e-18
7351.797 5.926e-18
7352.673 3.311e-17
7353.550 5.934e-18
7354.427 5.934e-18
7355.303 6.226e-18
7356.180 5.933e-18
7357.057 5.935e-18
7357.933 5.935e-18
7358.810 5.933e-18
7359.687 5.936e-18
7360.563 5.936e-18
7361.440 5.937e-18
7362.317 8.371e-18
7363.193 5.925e-18
7364.070 5.898e-18
7364.947 5.936e-18
7365.823 5.750e-18
7366.700 1.069e-17
7367.577 9.077e-18
7368.453 5.943e-18
7369.330 5.944e-18
7370.207 5.939e-18
7371.083 5.912e-18
7371.960 5.932e-18
7372.837 5.903e-18
7373.713 5.933e-18
7374.590 5.939e-18
7375.467 6.774e-18
7376.343 5.932e-18
7377.220 5.934e-18
7378.097 5.931e-18
7378.973 5.929e-18
7379.850 6.707e-18
7380.727 5.925e-18
7381.603 5.923e-18
7382.480 5.901e-18
7383.357 5.913e-18
7384.233 5.904e-18
7385.110 5.891e-18
7385.987 5.904e-18
7386.863 5.910e-18
7387.740 5.911e-18
7388.617 5.908e-18
7389.493 5.905e-18
7390.370 8.656e-18
7391.247 5.900e-18
7392.123 1.271e-17
7393.000 5.896e-18
7393.877 5.889e-18
7394.753 7.338e-18
7395.630 5.893e-18
7396.507 5.896e-18
7397.383 6.708e-18
7398.260 5.877e-18
7399.137 5.802e-18
7400.013 5.889e-18
7400.890 5.890e-18
7401.767 5.889e-18
7402.643 5.886e-18
7403.520 5.879e-18
7404.397 5.885e-18
7405.273 5.884e-18
7406.150 5.881e-18
7407.027 5.882e-18
7407.903 5.880e-18
7408.780 5.878e-18
7409.657 5.877e-18
7410.533 5.877e-18
7411.410 5.875e-18
7412.287 5.861e-18
7413.163 5.875e-18
7414.040 1.155e-17
7414.917 5.886e-18
7415.793 2.201e-17
7416.670 5.855e-18
7417.547 5.877e-18
7418.423 5.876e-18
7419.300 5.901e-18
7420.177 5.905e-18
7421.053 5.908e-18
7421.930 5.911e-18
7422.807 5.913e-18
7423.683 5.915e-18
7424.560 5.920e-18
7425.437 5.924e-18
7426.313 5.926e-18
7427.190 5.925e-18
7428.067 5.929e-18
7428.943 5.936e-18
7429.820 5.937e-18
7430.697 5.942e-18
7431.573 5.945e-18
7432.450 5.947e-18
7433.327 5.942e-18
7434.203 5.947e-18
7435.080 5.947e-18
7435.957 5.947e-18
7436.833 5.946e-18
7437.710 5.947e-18
7438.587 5.947e-18
7439.463 5.947e-18
7440.340 2.395e-16
7441.217 7.983e-18
7442.093 5.947e-18
7442.970 5.945e-18
7443.847 5.947e-18
7444.723 5.947e-18
7445.600 5.947e-18
7446.477 5.947e-18
7447.353 5.947e-18
7448.230 5.947e-18
7449.107 1.066e-17
7449.983 5.947e-18
7450.860 5.947e-18
7451.737 5.947e-18
7452.613 5.948e-18
7453.490 5.943e-18
7454.367 5.951e-18
7455.243 5.953e-18
7456.120 5.954e-18
7456.997 5.956e-18
7457.873 5.957e-18
7458.750 5.960e-18
7459.627 5.961e-18
7460.503 5.956e-18
7461.380 5.965e-18
7462.257 5.965e-18
7463.133 5.968e-18
7464.010 5.970e-18
7464.887 5.972e-18
7465.763 6.139e-18
7466.640 5.975e-18
7467.517 5.977e-18
7468.393 5.979e-18
7469.270 5.980e-18
7470.147 5.982e-18
7471.023 5.983e-18
7471.900 1.155e-17
7472.777 6.059e-17
7473.653 1.247e-16
7474.530 5.986e-18
7475.407 5.987e-18
7476.283 5.987e-18
7477.160 5.987e-18
7478.037 5.988e-18
7478.913 5.987e-18
7479.790 5.988e-18
7480.667 5.988e-18
7481.543 5.988e-18
7482.420 5.989e-18
7483.297 5.989e-18
7484.173 5.989e-18
7485.050 5.989e-18
7485.927 5.989e-18
7486.803 5.990e-18
7487.680 5.990e-18
7488.557 5.990e-18
7489.433 5.990e-18
7490.310 2.519e-17
7491.187 5.990e-18
7492.063 5.990e-18
7492.940 5.992e-18
7493.817 5.992e-18
7494.693 5.993e-18
7495.570 5.994e-18
7496.447 5.994e-18
7497.323 5.995e-18
7498.200 5.996e-18
7499.077 5.996e-18
7499.953 5.997e-18
7500.830 5.998e-18
7501.707 6.966e-18
7502.583 5.999e-18
7503.460 6.000e-18
7504.337 1.313e-17
7505.213 6.001e-18
7506.090 6.002e-18
7506.967 6.003e-18
7507.843 6.004e-18
7508.720 6.005e-18
7509.597 6.006e-18
7510.473 6.007e-18
7511.350 6.007e-18
7512.227 6.008e-18
7513.103 6.009e-18
7513.980 6.011e-18
7514.857 6.012e-18
7515.733 6.013e-18
7516.610 6.014e-18
7517.487 6.014e-18
7518.363 6.017e-18
7519.240 3.057e-17
7520.117 6.019e-18
7520.993 6.021e-18
7521.870 6.022e-18
7522.747 6.023e-18
7523.623 6.024e-18
7524.500 6.025e-18
7525.377 6.027e-18
7526.253 6.028e-18
7527.130 6.029e-18
7528.007 6.030e-18
7528.883 6.032e-18
7529.760 6.033e-18
7530.637 6.034e-18
7531.513 6.035e-18
7532.390 6.036e-18
7533.267 6.038e-18
7534.143 6.039e-18
7535.020 6.040e-18
7535.897 6.041e-18
7536.773 6.042e-18
7537.650 6.043e-18
7538.527 6.044e-18
7539.403 6.046e-18
7540.280 6.047e-18
7541.157 6.048e-18
7542.033 6.048e-18
7542.910 6.050e-18
7543.787 6.051e-18
7544.663 6.052e-18
7545.540 6.053e-18
7546.417 6.054e-18
7547.293 6.055e-18
7548.170 6.056e-18
7549.047 6.748e-18
7549.923 6.059e-18
7550.800 6.060e-18
7551.677 6.061e-18
7552.553 6.062e-18
7553.430 6.063e-18
7554.307 6.063e-18
7555.183 6.064e-18
7556.060 6.065e-18
7556.937 6.066e-18
7557.813 6.067e-18
7558.690 6.067e-18
7559.567 3.175e-16
7560.443 6.069e-18
7561.320 6.070e-18
7562.197 6.071e-18
7563.073 6.071e-18
7563.950 6.072e-18
7564.827 6.073e-18
7565.703 1.297e-17
7566.580 6.074e-18
7567.457 6.075e-18
7568.333 6.076e-18
7569.210 6.077e-18
7570.087 6.077e-18
7570.963 6.078e-18
7571.840 6.079e-18
7572.717 6.080e-18
7573.593 6.080e-18
7574.470 6.081e-18
7575.347 6.082e-18
7576.223 6.082e-18
7577.100 6.083e-18
7577.977 6.083e-18
7578.853 6.084e-18
7579.730 6.085e-18
7580.607 6.086e-18
7581.483 6.086e-18
7582.360 6.087e-18
7583.237 6.087e-18
7584.113 6.088e-18
7584.990 6.089e-18
7585.867 6.089e-18
7586.743 6.089e-18
7587.620 6.089e-18
7588.497 6.089e-18
7589.373 6.088e-18
7590.250 6.087e-18
7591.127 6.085e-18
7592.003 6.081e-18
7592.880 6.076e-18
7593.757 6.068e-18
7594.633 6.051e-18
7595.510 5.924e-18
7596.387 4.646e-18
7597.263 1.351e-18
7598.140 3.632e-18
7599.017 4.808e-18
7599.893 4.494e-18
7600.770 1.364e-20
7601.647 4.452e-18
7602.523 5.904e-20
7603.400 3.846e-18
7604.277 7.727e-19
7605.153 3.559e-18
7606.030 3.019e-18
7606.907 3.087e-18
7607.783 4.984e-21
7608.660 8.774e-19
7609.537 3.599e-18
7610.413 3.536e-18
7611.290 4.757e-20
7612.167 3.348e-18
7613.043 4.237e-18
7613.920 1.916e-18
7614.797 4.231e-18
7615.673 4.395e-18
7616.550 5.922e-18
7617.427 3.571e-18
7618.303 5.058e-19
7619.180 5.910e-18
7620.057 3.299e-17
7620.933 6.020e-18
7621.810 1.394e-17
7622.687 4.899e-18
7623.563 5.139e-18
7624.440 5.666e-18
7625.317 6.796e-20
7626.193 3.984e-18
7627.070 4.592e-18
7627.947 5.605e-18
7628.823 3.410e-18
7629.700 4.186e-18
7630.577 6.209e-17
7631.453 5.542e-18
7632.330 1.543e-17
7633.207 1.164e-19
7634.083 6.279e-19
7634.960 5.066e-18
7635.837 5.678e-18
7636.713 4.916e-18
7637.590 2.881e-18
7638.467 7.816e-21
7639.343 1.807e-17
7640.220 5.744e-18
7641.097 1.769e-17
7641.973 3.003e-18
7642.850 2.718e-21
7643.727 1.380e-17
7644.603 5.834e-18
7645.480 5.634e-18
7646.357 6.635e-20
7647.233 1.445e-18
7648.110 5.399e-18
7648.987 5.917e-18
7649.863 5.912e-18
7650.740 4.935e-18
7651.617 7.812e-18
7652.493 3.764e-18
7653.370 5.902e-18
7654.247 5.985e-18
7655.123 5.942e-18
7656.000 3.480e-18
7656.877 5.166e-18
7657.753 5.503e-18
7658.630 5.985e-18
7659.507 6.016e-18
7660.383 5.983e-18
7661.260 4.579e-18
7662.137 5.518e-18
7663.013 5.690e-18
7663.890 6.006e-18
7664.767 6.029e-18
7665.643 6.017e-18
7666.520 5.855e-18
7667.397 5.734e-18
7668.273 5.187e-18
7669.150 6.000e-18
7670.027 6.022e-18
7670.903 6.024e-18
7671.780 6.007e-18
7672.657 2.320e-18
7673.533 5.645e-18
7674.410 5.973e-18
7675.287 5.988e-18
7676.163 6.046e-18
7677.040 6.028e-18
7677.917 6.042e-18
7678.793 5.257e-18
7679.670 3.237e-18
7680.547 6.055e-18
7681.423 6.069e-18
7682.300 6.070e-18
7683.177 6.078e-18
7684.053 6.066e-18
7684.930 4.360e-18
7685.807 5.336e-18
7686.683 6.089e-18
7687.560 6.095e-18
7688.437 6.098e-18
7689.313 6.101e-18
7690.190 6.055e-18
7691.067 6.075e-18
7691.943 6.097e-18
7692.820 6.108e-18
7693.697 7.047e-18
7694.573 6.117e-18
7695.450 6.118e-18
7696.327 6.121e-18
7697.203 6.123e-18
7698.080 5.993e-18
7698.957 5.221e-18
7699.833 6.128e-18
7700.710 6.129e-18
7701.587 5.963e-17
7702.463 6.134e-18
7703.340 6.132e-18
7704.217 6.134e-18
7705.093 6.134e-18
7705.970 8.630e-18
7706.847 6.142e-18
7707.723 6.144e-18
7708.600 6.146e-18
7709.477 6.148e-18
7710.353 6.149e-18
7711.230 6.151e-18
7712.107 6.122e-18
7712.983 7.768e-18
7713.860 6.157e-18
7714.737 1.470e-15
7715.613 6.158e-18
7716.490 6.163e-18
7717.367 6.165e-18
7718.243 6.162e-18
7719.120 3.646e-16
7719.997 6.170e-18
7720.873 6.172e-18
7721.750 6.174e-18
7722.627 6.174e-18
7723.503 6.166e-18
7724.380 6.180e-18
7725.257 6.182e-18
7726.133 6.184e-18
7727.010 6.149e-18
7727.887 6.092e-18
7728.763 6.190e-18
7729.640 6.192e-18
7730.517 6.194e-18
7731.393 6.193e-18
7732.270 6.191e-18
7733.147 6.197e-18
7734.023 6.549e-18
7734.900 7.627e-18
7735.777 6.194e-18
7736.653 6.196e-18
7737.530 6.196e-18
7738.407 6.196e-18
7739.283 6.196e-18
7740.160 6.196e-18
7741.037 1.278e-17
7741.913 6.194e-18
7742.790 6.195e-18
7743.667 6.195e-18
7744.543 6.195e-18
7745.420 6.194e-18
7746.297 6.195e-18
7747.173 6.193e-18
7748.050 6.194e-18
7748.927 6.195e-18
7749.803 6.196e-18
7750.680 6.196e-18
7751.557 3.976e-16
7752.433 6.198e-18
7753.310 6.202e-18
7754.187 6.205e-18
7755.063 6.208e-18
7755.940 6.211e-18
7756.817 6.215e-18
7757.693 6.217e-18
7758.570 8.871e-18
7759.447 6.224e-18
7760.323 6.227e-18
7761.200 6.231e-18
7762.077 3.584e-17
7762.953 6.237e-18
7763.830 6.240e-18
7764.707 6.243e-18
7765.583 6.247e-18
7766.460 8.327e-18
7767.337 6.253e-18
7768.213 6.256e-18
7769.090 6.259e-18
7769.967 6.263e-18
7770.843 6.266e-18
7771.720 6.269e-18
7772.597 6.271e-18
7773.473 6.273e-18
7774.350 6.275e-18
7775.227 6.278e-18
7776.103 6.278e-18
7776.980 6.280e-18
7777.857 6.281e-18
7778.733 6.283e-18
7779.610 6.285e-18
7780.487 6.287e-18
7781.363 1.700e-17
7782.240 6.290e-18
7783.117 6.292e-18
7783.993 6.293e-18
7784.870 6.295e-18
7785.747 1.030e-17
7786.623 6.298e-18
7787.500 6.300e-18
7788.377 6.483e-18
7789.253 6.303e-18
7790.130 6.305e-18
7791.007 6.307e-18
7791.883 1.319e-17
7792.760 2.822e-17
7793.637 6.313e-18
7794.513 6.314e-18
7795.390 6.318e-18
7796.267 2.387e-15
7797.143 6.396e-18
7798.020 6.326e-18
7798.897 6.328e-18
7799.773 6.331e-18
7800.650 6.334e-18
7801.527 1.074e-17
7802.403 6.339e-18
7803.280 6.341e-18
7804.157 6.344e-18
7805.033 6.345e-18
7805.910 6.349e-18
7806.787 6.351e-18
7807.663 6.354e-18
7808.540 1.339e-17
7809.417 6.359e-18
7810.293 6.361e-18
7811.170 6.364e-18
7812.047 6.366e-18
7812.923 6.368e-18
7813.800 7.460e-18
7814.677 6.371e-18
7815.553 6.611e-18
7816.430 6.374e-18
7817.307 6.376e-18
7818.183 6.377e-18
7819.060 6.379e-18
7819.937 6.380e-18
7820.813 6.382e-18
7821.690 6.383e-18
7822.567 6.385e-18
7823.443 6.386e-18
7824.320 1.396e-17
7825.197 6.389e-18
7826.073 6.391e-18
7826.950 6.393e-18
7827.827 1.073e-17
7828.703 6.396e-18
7829.580 6.397e-18
7830.457 6.679e-18
7831.333 6.400e-18
7832.210 6.402e-18
7833.087 6.405e-18
7833.963 6.408e-18
7834.840 6.411e-18
7835.717 5.247e-17
7836.593 6.417e-18
7837.470 6.420e-18
7838.347 6.422e-18
7839.223 6.425e-18
7840.100 6.428e-18
7840.977 6.430e-18
7841.853 6.419e-18
7842.730 6.434e-18
7843.607 6.440e-18
7844.483 6.443e-18
7845.360 6.445e-18
7846.237 6.448e-18
7847.113 6.451e-18
7847.990 8.840e-18
7848.867 6.456e-18
7849.743 6.460e-18
7850.620 6.462e-18
7851.497 6.465e-18
7852.373 6.468e-18
7853.250 6.470e-18
7854.127 3.950e-17
7855.003 6.475e-18
7855.880 6.476e-18
7856.757 6.466e-18
7857.633 6.481e-18
7858.510 6.484e-18
7859.387 6.486e-18
7860.263 3.399e-17
7861.140 6.483e-18
7862.017 6.493e-18
7862.893 3.690e-17
7863.770 6.497e-18
7864.647 6.499e-18
7865.523 6.500e-18
7866.400 6.501e-18
7867.277 6.505e-18
7868.153 6.461e-18
7869.030 6.509e-18
7869.907 3.458e-16
7870.783 6.515e-18
7871.660 6.516e-18
7872.537 6.516e-18
7873.413 6.521e-18
7874.290 6.523e-18
7875.167 6.522e-18
7876.043 6.527e-18
7876.920 6.530e-18
7877.797 6.531e-18
7878.673 6.422e-18
7879.550 6.536e-18
7880.427 7.528e-17
7881.303 6.541e-18
7882.180 6.534e-18
7883.057 6.548e-18
7883.933 7.278e-17
7884.810 6.550e-18
7885.687 6.552e-18
7886.563 1.761e-17
7887.440 6.554e-18
7888.317 6.536e-18
7889.193 6.508e-18
7890.070 1.912e-17
7890.947 2.118e-17
7891.823 4.472e-16
7892.700 1.725e-17
7893.577 6.568e-18
7894.453 6.568e-18
7895.330 6.612e-18
7896.207 3.877e-17
7897.083 6.529e-18
7897.960 6.554e-18
7898.837 6.574e-18
7899.713 6.577e-18
7900.590 6.579e-18
7901.467 6.579e-18
7902.343 6.580e-18
7903.220 6.576e-18
7904.097 6.485e-18
7904.973 7.530e-18
7905.850 6.576e-18
7906.727 6.586e-18
7907.603 6.587e-18
7908.480 6.584e-18
7909.357 6.576e-18
7910.233 6.588e-18
7911.110 6.551e-18
7911.987 6.590e-18
7912.863 6.445e-18
7913.740 6.594e-18
7914.617 6.595e-18
7915.493 6.597e-18
7916.370 6.598e-18
7917.247 1.304e-17
7918.123 6.595e-18
7919.000 6.586e-18
7919.877 6.563e-18
7920.753 6.605e-18
7921.630 6.604e-18
7922.507 6.596e-18
7923.383 1.946e-16
7924.260 6.608e-18
7925.137 6.609e-18
7926.013 6.608e-18
7926.890 6.606e-18
7927.767 6.612e-18
7928.643 6.614e-18
7929.520 6.614e-18
7930.397 1.202e-17
7931.273 6.607e-18
7932.150 6.588e-18
7933.027 1.319e-16
7933.903 6.555e-18
7934.780 6.622e-18
7935.657 6.701e-18
7936.533 6.627e-18
7937.410 1.176e-17
7938.287 6.630e-18
7939.163 6.618e-18
7940.040 6.633e-18
7940.917 7.782e-18
7941.793 6.636e-18
7942.670 9.833e-18
7943.547 6.639e-18
7944.423 1.467e-17
7945.300 6.643e-18
7946.177 1.942e-17
7947.053 6.646e-18
7947.930 6.646e-18
7948.807 6.646e-18
7949.683 6.646e-18
7950.560 6.652e-18
7951.437 8.284e-16
7952.313 6.654e-18
7953.190 6.637e-18
7954.067 6.660e-18
7954.943 6.668e-18
7955.820 6.663e-18
7956.697 6.676e-18
7957.573 6.680e-18
7958.450 6.665e-18
7959.327 6.688e-18
7960.203 6.688e-18
7961.080 6.690e-18
7961.957 6.698e-18
7962.833 6.591e-18
7963.710 6.656e-18
7964.587 6.706e-18
7965.463 6.675e-18
7966.340 6.706e-18
7967.217 6.695e-18
7968.093 6.727e-18
7968.970 6.731e-18
7969.847 6.729e-18
7970.723 6.709e-18
7971.600 9.948e-18
7972.477 6.744e-18
7973.353 6.743e-18
7974.230 6.740e-18
7975.107 6.749e-18
7975.983 6.747e-18
7976.860 6.748e-18
7977.737 1.176e-17
7978.613 6.736e-18
7979.490 6.753e-18
7980.367 6.753e-18
7981.243 6.753e-18
7982.120 6.731e-18
7982.997 6.755e-18
7983.873 6.755e-18
7984.750 6.759e-18
7985.627 6.758e-18
7986.503 6.552e-18
7987.380 6.761e-18
7988.257 1.443e-17
7989.133 6.854e-18
7990.010 6.763e-18
7990.887 6.765e-18
7991.763 6.766e-18
7992.640 6.765e-18
7993.517 6.770e-18
7994.393 6.774e-18
7995.270 6.765e-18
7996.147 6.912e-18
7997.023 6.781e-18
7997.900 6.782e-18
7998.777 6.768e-18
7999.653 1.659e-17
8000.530 6.713e-18
8001.407 6.780e-18
8002.283 1.312e-17
8003.160 6.767e-18
8004.037 1.484e-17
8004.913 6.810e-18
8005.790 6.806e-18
8006.667 6.806e-18
8007.543 6.817e-18
8008.420 6.822e-18
8009.297 6.812e-18
8010.173 6.818e-18
8011.050 6.831e-18
8011.927 6.834e-18
8012.803 1.718e-17
8013.680 6.837e-18
8014.557 6.807e-18
8015.433 6.821e-18
8016.310 4.276e-16
8017.187 6.841e-18
8018.063 6.842e-18
8018.940 6.843e-18
8019.817 6.838e-18
8020.693 6.843e-18
8021.570 6.849e-18
8022.447 6.828e-18
8023.323 6.849e-18
8024.200 6.813e-18
8025.077 6.826e-18
8025.953 2.868e-17
8026.830 6.855e-18
8027.707 6.856e-18
8028.583 6.857e-18
8029.460 6.859e-18
8030.337 5.962e-17
8031.213 5.538e-17
8032.090 1.137e-17
8032.967 6.865e-18
8033.843 6.893e-18
8034.720 6.868e-18
8035.597 6.863e-18
8036.473 6.709e-18
8037.350 6.865e-18
8038.227 6.870e-18
8039.103 6.871e-18
8039.980 6.866e-18
8040.857 6.876e-18
8041.733 1.433e-17
8042.610 6.878e-18
8043.487 6.879e-18
8044.363 6.874e-18
8045.240 6.861e-18
8046.117 6.825e-18
8046.993 6.882e-18
8047.870 6.828e-18
8048.747 9.270e-18
8049.623 6.888e-18
8050.500 6.889e-18
8051.377 6.886e-18
8052.253 6.993e-18
8053.130 6.895e-18
8054.007 6.897e-18
8054.883 6.896e-18
8055.760 6.903e-18
8056.637 6.863e-18
8057.513 6.909e-18
8058.390 6.910e-18
8059.267 7.242e-18
8060.143 6.917e-18
8061.020 6.881e-18
8061.897 6.912e-18
8062.773 6.925e-18
8063.650 6.928e-18
8064.527 1.815e-16
8065.403 6.901e-18
8066.280 6.936e-18
8067.157 6.938e-18
8068.033 6.921e-18
8068.910 6.945e-18
8069.787 1.266e-17
8070.663 6.947e-18
8071.540 6.946e-18
8072.417 6.938e-18
8073.293 6.927e-18
8074.170 6.956e-18
8075.047 6.956e-18
8075.923 6.956e-18
8076.800 6.958e-18
8077.677 6.936e-18
8078.553 6.905e-18
8079.430 1.124e-17
8080.307 6.956e-18
8081.183 6.955e-18
8082.060 6.955e-18
8082.937 6.956e-18
8083.813 6.935e-18
8084.690 6.957e-18
8085.567 6.958e-18
8086.443 6.957e-18
8087.320 6.876e-18
8088.197 6.956e-18
8089.073 6.958e-18
8089.950 6.958e-18
8090.827 6.944e-18
8091.703 6.959e-18
8092.580 6.921e-18
8093.457 6.954e-18
8094.333 6.962e-18
8095.210 6.972e-18
8096.087 6.969e-18
8096.963 6.969e-18
8097.840 6.982e-18
8098.717 6.910e-18
8099.593 6.980e-18
8100.470 6.989e-18
8101.347 6.994e-18
8102.223 7.004e-18
8103.100 7.007e-18
8103.977 7.002e-18
8104.853 7.017e-18
8105.730 7.017e-18
8106.607 9.241e-18
8107.483 7.028e-18
8108.360 7.026e-18
8109.237 7.029e-18
8110.113 6.807e-18
8110.990 8.474e-18
8111.867 7.045e-18
8112.743 6.950e-18
8113.620 1.266e-17
8114.497 7.022e-18
8115.373 1.068e-17
8116.250 6.840e-18
8117.127 7.026e-18
8118.003 7.064e-18
8118.880 7.061e-18
8119.757 7.069e-18
8120.633 7.023e-18
8121.510 7.070e-18
8122.387 7.071e-18
8123.263 7.071e-18
8124.140 7.078e-18
8125.017 6.975e-18
8125.893 7.022e-18
8126.770 7.087e-18
8127.647 6.783e-18
8128.523 1.033e-17
8129.400 7.044e-18
8130.277 7.095e-18
8131.153 7.098e-18
8132.030 7.084e-18
8132.907 1.372e-17
8133.783 1.427e-17
8134.660 7.046e-18
8135.537 7.030e-18
8136.413 7.071e-18
8137.290 5.986e-18
8138.167 7.103e-18
8139.043 1.960e-17
8139.920 7.116e-18
8140.797 7.112e-18
8141.673 7.115e-18
8142.550 7.098e-18
8143.427 7.105e-18
8144.303 6.746e-18
8145.180 7.123e-18
8146.057 6.311e-18
8146.933 7.116e-18
8147.810 7.127e-18
8148.687 8.210e-17
8149.563 6.981e-18
8150.440 6.953e-18
8151.317 7.106e-18
8152.193 6.790e-18
8153.070 7.140e-18
8153.947 7.139e-18
8154.823 6.444e-18
8155.700 7.096e-18
8156.577 6.832e-18
8157.453 7.132e-18
8158.330 7.141e-18
8159.207 7.128e-18
8160.083 6.905e-18
8160.960 7.144e-18
8161.837 7.158e-18
8162.713 7.157e-18
8163.590 5.903e-18
8164.467 6.492e-18
8165.343 7.148e-18
8166.220 7.085e-18
8167.097 6.973e-18
8167.973 7.156e-18
8168.850 7.155e-18
8169.727 7.177e-18
8170.603 7.157e-18
8171.480 6.986e-18
8172.357 5.977e-18
8173.233 7.174e-18
8174.110 7.174e-18
8174.987 7.176e-18
8175.863 7.166e-18
8176.740 7.159e-18
8177.617 7.173e-18
8178.493 7.142e-18
8179.370 6.169e-18
8180.247 6.138e-18
8181.123 6.948e-18
8182.000 7.139e-18
8182.877 7.162e-18
8183.753 7.102e-18
8184.630 7.116e-18
8185.507 7.122e-18
8186.383 7.148e-18
8187.260 7.163e-18
8188.137 7.136e-18
8189.013 7.118e-18
8189.890 7.140e-18
8190.767 7.132e-18
8191.643 5.848e-18
8192.520 7.145e-18
8193.397 7.138e-18
8194.273 7.132e-18
8195.150 6.907e-18
8196.027 7.117e-18
8196.903 7.172e-18
8197.780 8.556e-18
8198.657 7.181e-18
8199.533 7.100e-18
8200.410 7.113e-18
8201.287 6.626e-18
8202.163 6.818e-18
8203.040 6.602e-18
8203.917 7.206e-18
8204.793 7.221e-18
8205.670 7.225e-18
8206.547 7.231e-18
8207.423 7.231e-18
8208.300 1.182e-17
8209.177 7.247e-18
8210.053 7.251e-18
8210.930 7.253e-18
8211.807 6.868e-18
8212.683 7.166e-18
8213.560 7.253e-18
8214.437 6.434e-18
8215.313 7.274e-18
8216.190 1.692e-17
8217.067 7.280e-18
8217.943 7.287e-18
8218.820 7.288e-18
8219.697 7.282e-18
8220.573 7.106e-18
8221.450 7.294e-18
8222.327 7.302e-18
8223.203 7.292e-18
8224.080 7.257e-18
8224.957 7.306e-18
8225.833 7.287e-18
8226.710 7.107e-18
8227.587 7.297e-18
8228.463 7.289e-18
8229.340 5.905e-18
8230.217 5.326e-18
8231.093 6.283e-18
8231.970 6.134e-18
8232.847 7.226e-18
8233.723 6.546e-18
8234.600 7.327e-18
8235.477 7.336e-18
8236.353 7.088e-18
8237.230 7.350e-18
8238.107 7.318e-18
8238.983 7.363e-18
8239.860 7.340e-18
8240.737 7.344e-18
8241.613 7.374e-18
8242.490 7.345e-18
8243.367 7.385e-18
8244.243 1.858e-17
8245.120 7.357e-18
8245.997 7.202e-18
8246.873 7.398e-18
8247.750 7.409e-18
8248.627 7.410e-18
8249.503 8.027e-18
8250.380 7.421e-18
8251.257 7.422e-18
8252.133 7.428e-18
8253.010 7.431e-18
8253.887 7.423e-18
8254.763 7.385e-18
8255.640 7.436e-18
8256.517 7.447e-18
8257.393 2.335e-17
8258.270 7.407e-18
8259.147 7.351e-18
8260.023 7.404e-18
8260.900 7.463e-18
8261.777 7.306e-18
8262.653 7.383e-18
8263.530 7.477e-18
8264.407 7.478e-18
8265.283 7.467e-18
8266.160 7.417e-18
8267.037 7.479e-18
8267.913 7.491e-18
8268.790 7.497e-18
8269.667 7.505e-18
8270.543 7.509e-18
8271.420 7.382e-18
8272.297 7.516e-18
8273.173 7.516e-18
8274.050 7.448e-18
8274.927 7.511e-18
8275.803 7.504e-18
8276.680 4.923e-18
8277.557 7.513e-18
8278.433 7.505e-18
8279.310 7.503e-18
8280.187 7.543e-18
8281.063 7.497e-18
8281.940 6.203e-18
8282.817 7.547e-18
8283.693 7.529e-18
8284.570 1.415e-17
8285.447 7.854e-17
8286.323 7.571e-18
8287.200 2.475e-17
8288.077 7.576e-18
8288.953 7.567e-18
8289.830 7.481e-18
8290.707 7.496e-18
8291.583 7.488e-18
8292.460 7.583e-18
8293.337 7.587e-18
8294.213 7.601e-18
8295.090 7.603e-18
8295.967 7.569e-18
8296.843 6.592e-18
8297.720 7.541e-18
8298.597 5.164e-16
8299.473 7.621e-18
8300.350 7.597e-18
8301.227 2.577e-15
8302.103 7.603e-18
8302.980 7.552e-18
8303.857 7.633e-18
8304.733 3.709e-17
8305.610 7.636e-18
8306.487 7.124e-18
8307.363 4.384e-18
8308.240 7.643e-18
8309.117 7.651e-18
8309.993 7.628e-18
8310.870 7.643e-18
8311.747 7.665e-18
8312.623 7.656e-18
8313.500 7.662e-18
8314.377 7.457e-18
8315.253 7.656e-18
8316.130 7.397e-18
8317.007 7.666e-18
8317.883 7.658e-18
8318.760 7.630e-18
8319.637 7.663e-18
8320.513 6.728e-18
8321.390 7.671e-18
8322.267 7.674e-18
8323.143 7.629e-18
8324.020 7.350e-18
8324.897 7.673e-18
8325.773 7.680e-18
8326.650 7.675e-18
8327.527 7.678e-18
8328.403 7.672e-18
8329.280 7.604e-18
8330.157 7.681e-18
8331.033 7.673e-18
8331.910 6.935e-18
8332.787 7.632e-18
8333.663 7.689e-18
8334.540 7.577e-18
8335.417 7.693e-18
8336.293 7.685e-18
8337.170 7.711e-18
8338.047 7.696e-18
8338.923 7.724e-18
8339.800 4.531e-17
8340.677 1.906e-17
8341.553 7.646e-18
8342.430 7.744e-18
8343.307 7.750e-18
8344.183 7.696e-18
8345.060 7.758e-18
8345.937 7.766e-18
8346.813 2.283e-17
8347.690 7.776e-18
8348.567 7.780e-18
8349.443 7.781e-18
8350.320 7.792e-18
8351.197 7.780e-18
8352.073 7.796e-18
8352.950 7.805e-18
8353.827 7.810e-18
8354.703 7.810e-18
8355.580 7.804e-18
8356.457 7.817e-18
8357.333 7.819e-18
8358.210 7.826e-18
8359.087 7.797e-18
8359.963 7.820e-18
8360.840 7.839e-18
8361.717 7.813e-18
8362.593 7.846e-18
8363.470 9.207e-18
8364.347 7.597e-18
8365.223 9.368e-18
8366.100 7.859e-18
8366.977 7.860e-18
8367.853 1.827e-17
8368.730 5.575e-17
8369.607 7.422e-18
8370.483 7.877e-18
8371.360 7.868e-18
8372.237 7.882e-18
8373.113 7.856e-18
8373.990 7.891e-18
8374.867 7.882e-18
8375.743 7.880e-18
8376.620 7.893e-18
8377.497 7.900e-18
8378.373 1.272e-17
8379.250 7.896e-18
8380.127 7.908e-18
8381.003 7.912e-18
8381.880 7.916e-18
8382.757 7.918e-18
8383.633 7.906e-18
8384.510 7.917e-18
8385.387 7.922e-18
8386.263 7.907e-18
8387.140 7.886e-18
8388.017 7.873e-18
8388.893 7.935e-18
8389.770 7.937e-18
8390.647 7.931e-18
8391.523 7.943e-18
8392.400 1.794e-17
8393.277 7.953e-18
8394.153 7.956e-18
8395.030 7.960e-18
8395.907 7.951e-18
8396.783 7.930e-18
8397.660 7.971e-18
8398.537 7.972e-18
8399.413 7.853e-18
8400.290 7.982e-18
8401.167 7.986e-18
8402.043 7.986e-18
8402.920 7.943e-18
8403.797 7.998e-18
8404.673 8.001e-18
8405.550 8.003e-18
8406.427 7.967e-18
8407.303 8.005e-18
8408.180 8.013e-18
8409.057 8.020e-18
8409.933 8.024e-18
8410.810 7.947e-18
8411.687 8.026e-18
8412.563 8.035e-18
8413.440 8.002e-18
8414.317 8.040e-18
8415.193 8.042e-18
8416.070 8.042e-18
8416.947 8.043e-18
8417.823 7.940e-18
8418.700 8.047e-18
8419.577 8.000e-18
8420.453 8.048e-18
8421.330 8.055e-18
8422.207 8.059e-18
8423.083 8.060e-18
8423.960 8.062e-18
8424.837 8.064e-18
8425.713 8.662e-18
8426.590 8.069e-18
8427.467 8.071e-18
8428.343 8.072e-18
8429.220 8.069e-18
8430.097 8.040e-18
8430.973 8.079e-18
8431.850 8.054e-18
8432.727 8.082e-18
8433.603 8.087e-18
8434.480 3.526e-17
8435.357 8.096e-18
8436.233 8.099e-18
8437.110 8.100e-18
8437.987 8.107e-18
8438.863 8.078e-18
8439.740 8.108e-18
8440.617 8.116e-18
8441.493 8.124e-18
8442.370 8.121e-18
8443.247 8.119e-18
8444.123 8.136e-18
8445.000 8.131e-18
8445.877 8.144e-18
8446.753 8.147e-18
8447.630 8.151e-18
8448.507 8.132e-18
8449.383 8.159e-18
8450.260 8.164e-18
8451.137 8.167e-18
8452.013 8.171e-18
8452.890 8.172e-18
8453.767 8.176e-18
8454.643 1.320e-15
8455.520 8.183e-18
8456.397 9.824e-18
8457.273 8.186e-18
8458.150 8.191e-18
8459.027 9.580e-18
8459.903 8.197e-18
8460.780 8.200e-18
8461.657 8.202e-18
8462.533 8.094e-18
8463.410 8.207e-18
8464.287 8.210e-18
8465.163 8.210e-18
8466.040 8.211e-18
8466.917 8.219e-18
8467.793 1.916e-15
8468.670 8.225e-18
8469.547 8.227e-18
8470.423 8.230e-18
8471.300 8.232e-18
8472.177 8.235e-18
8473.053 8.235e-18
8473.930 8.234e-18
8474.807 8.233e-18
8475.683 8.231e-18
8476.560 8.225e-18
8477.437 8.229e-18
8478.313 8.228e-18
8479.190 8.227e-18
8480.067 8.220e-18
8480.943 8.224e-18
8481.820 8.222e-18
8482.697 8.221e-18
8483.573 8.221e-18
8484.450 8.220e-18
8485.327 8.219e-18
8486.203 8.218e-18
8487.080 8.217e-18
8487.957 8.216e-18
8488.833 8.213e-18
8489.710 8.212e-18
8490.587 8.196e-18
8491.463 8.212e-18
8492.340 8.211e-18
8493.217 8.217e-18
8494.093 8.149e-18
8494.970 8.229e-18
8495.847 8.398e-18
8496.723 1.544e-17
8497.600 8.247e-18
8498.477 8.252e-18
8499.353 1.115e-17
8500.230 8.296e-18
8501.107 8.269e-18
8501.983 8.276e-18
8502.860 8.284e-18
8503.737 8.290e-18
8504.613 8.291e-18
8505.490 1.558e-17
8506.367 8.308e-18
8507.243 8.314e-18
8508.120 8.270e-18
8508.997 8.326e-18
8509.873 8.333e-18
8510.750 8.339e-18
8511.627 8.345e-18
8512.503 8.350e-18
8513.380 8.350e-18
8514.257 8.195e-18
8515.133 8.351e-18
8516.010 8.353e-18
8516.887 8.355e-18
8517.763 8.353e-18
8518.640 8.355e-18
8519.517 8.357e-18
8520.393 8.358e-18
8521.270 8.354e-18
8522.147 8.341e-18
8523.023 8.481e-18
8523.900 8.362e-18
8524.777 8.362e-18
8525.653 8.362e-18
8526.530 8.365e-18
8527.407 8.365e-18
8528.283 8.366e-18
8529.160 8.367e-18
8530.037 8.369e-18
8530.913 8.370e-18
8531.790 8.370e-18
8532.667 8.368e-18
8533.543 8.364e-18
8534.420 8.360e-18
8535.297 8.356e-18
8536.173 8.350e-18
8537.050 8.315e-18
8537.927 8.342e-18
8538.803 8.300e-18
8539.680 8.331e-18
8540.557 8.328e-18
8541.433 8.324e-18
8542.310 8.300e-18
8543.187 8.198e-18
8544.063 8.310e-18
8544.940 8.306e-18
8545.817 8.301e-18
8546.693 8.297e-18
8547.570 8.292e-18
8548.447 8.277e-18
8549.323 8.282e-18
8550.200 8.279e-18
8551.077 8.273e-18
8551.953 8.263e-18
8552.830 8.271e-18
8553.707 8.292e-18
8554.583 8.306e-18
8555.460 8.321e-18
8556.337 8.333e-18
8557.213 8.342e-18
8558.090 8.365e-18
8558.967 8.380e-18
8559.843 8.395e-18
8560.720 8.409e-18
8561.597 8.424e-18
8562.473 8.439e-18
8563.350 8.454e-18
8564.227 8.468e-18
8565.103 8.483e-18
8565.980 8.498e-18
8566.857 8.513e-18
8567.733 8.528e-18
8568.610 8.542e-18
8569.487 8.557e-18
8570.363 8.572e-18
8571.240 8.583e-18
8572.117 8.601e-18
8572.993 8.600e-18
8573.870 8.606e-18
8574.747 8.611e-18
8575.623 8.609e-18
8576.500 8.615e-18
8577.377 8.618e-18
8578.253 8.617e-18
8579.130 8.623e-18
8580.007 3.083e-17
8580.883 8.626e-18
8581.760 8.627e-18
8582.637 8.627e-18
8583.513 8.622e-18
8584.390 8.628e-18
8585.267 8.628e-18
8586.143 8.629e-18
8587.020 8.629e-18
8587.897 8.630e-18
8588.773 8.630e-18
8589.650 8.630e-18
8590.527 8.631e-18
8591.403 8.632e-18
8592.280 8.632e-18
8593.157 8.633e-18
8594.033 8.633e-18
8594.910 8.631e-18
8595.787 8.639e-18
8596.663 8.640e-18
8597.540 8.640e-18
8598.417 8.644e-18
8599.293 8.645e-18
8600.170 8.647e-18
8601.047 8.649e-18
8601.923 8.650e-18
8602.800 8.651e-18
8603.677 8.653e-18
8604.553 8.655e-18
8605.430 8.656e-18
8606.307 8.658e-18
8607.183 8.659e-18
8608.060 8.650e-18
8608.937 8.662e-18
8609.813 8.664e-18
8610.690 2.001e-17
8611.567 8.667e-18
8612.443 8.670e-18
8613.320 8.670e-18
8614.197 8.672e-18
8615.073 8.673e-18
8615.950 8.675e-18
8616.827 9.110e-18
8617.703 8.678e-18
8618.580 8.680e-18
8619.457 1.903e-17
8620.333 8.684e-18
8621.210 8.685e-18
8622.087 8.686e-18
8622.963 8.689e-18
8623.840 5.076e-17
8624.717 8.692e-18
8625.593 8.694e-18
8626.470 8.695e-18
8627.347 8.695e-18
8628.223 8.698e-18
8629.100 8.700e-18
8629.977 8.702e-18
8630.853 8.704e-18
8631.730 1.355e-16
8632.607 8.706e-18
8633.483 8.706e-18
8634.360 8.705e-18
8635.237 8.703e-18
8636.113 8.703e-18
8636.990 8.702e-18
8637.867 8.701e-18
8638.743 8.700e-18
8639.620 8.699e-18
8640.497 8.698e-18
8641.373 8.697e-18
8642.250 8.697e-18
8643.127 8.695e-18
8644.003 8.695e-18
8644.880 8.694e-18
8645.757 8.693e-18
8646.633 8.692e-18
8647.510 8.691e-18
8648.387 8.690e-18
8649.263 4.056e-16
8650.140 8.689e-18
8651.017 8.688e-18
8651.893 8.687e-18
8652.770 8.045e-17
8653.647 5.949e-16
8654.523 8.672e-18
8655.400 8.666e-18
8656.277 8.659e-18
8657.153 8.653e-18
8658.030 8.647e-18
8658.907 8.641e-18
8659.783 8.635e-18
8660.660 8.629e-18
8661.537 7.305e-16
8662.413 8.617e-18
8663.290 8.610e-18
8664.167 8.604e-18
8665.043 8.598e-18
8665.920 8.592e-18
8666.797 8.586e-18
8667.673 8.580e-18
8668.550 8.574e-18
8669.427 8.567e-18
8670.303 1.503e-17
8671.180 8.555e-18
8672.057 8.549e-18
8672.933 8.552e-18
8673.810 8.561e-18
8674.687 8.569e-18
8675.563 8.578e-18
8676.440 8.586e-18
8677.317 8.594e-18
8678.193 8.603e-18
8679.070 8.611e-18
8679.947 8.620e-18
8680.823 8.628e-18
8681.700 8.637e-18
8682.577 1.376e-16
8683.453 8.654e-18
8684.330 8.662e-18
8685.207 8.671e-18
8686.083 8.679e-18
8686.960 8.688e-18
8687.837 8.696e-18
8688.713 8.705e-18
8689.590 4.740e-17
8690.467 8.721e-18
8691.343 8.727e-18
8692.220 8.737e-18
8693.097 8.740e-18
8693.973 8.740e-18
8694.850 8.738e-18
8695.727 1.201e-17
8696.603 8.740e-18
8697.480 8.740e-18
8698.357 8.740e-18
8699.233 8.740e-18
8700.110 8.740e-18
8700.987 8.739e-18
8701.863 8.739e-18
8702.740 8.740e-18
8703.617 8.740e-18
8704.493 1.227e-17
8705.370 8.741e-18
8706.247 8.742e-18
8707.123 8.743e-18
8708.000 3.443e-17
8708.877 8.744e-18
8709.753 8.745e-18
8710.630 8.743e-18
8711.507 8.746e-18
8712.383 8.747e-18
8713.260 8.747e-18
8714.137 8.748e-18
8715.013 8.749e-18
8715.890 8.749e-18
8716.767 8.749e-18
8717.643 8.751e-18
8718.520 8.751e-18
8719.397 8.752e-18
8720.273 8.752e-18
8721.150 1.460e-17
8722.027 8.752e-18
8722.903 8.753e-18
8723.780 8.752e-18
8724.657 8.754e-18
8725.533 8.755e-18
8726.410 8.756e-18
8727.287 8.757e-18
8728.163 8.758e-18
8729.040 1.321e-17
8729.917 8.761e-18
8730.793 8.762e-18
8731.670 8.762e-18
8732.547 8.764e-18
8733.423 8.766e-18
8734.300 8.767e-18
8735.177 8.768e-18
8736.053 8.769e-18
8736.930 8.770e-18
8737.807 8.771e-18
8738.683 8.773e-18
8739.560 8.774e-18
8740.437 8.775e-18
8741.313 8.777e-18
8742.190 8.778e-18
8743.067 1.501e-17
8743.943 8.780e-18
8744.820 8.781e-18
8745.697 8.782e-18
8746.573 8.783e-18
8747.450 8.785e-18
8748.327 8.786e-18
8749.203 8.787e-18
8750.080 8.788e-18
8750.957 8.787e-18
8751.833 8.790e-18
8752.710 2.008e-17
8753.587 8.793e-18
8754.463 8.794e-18
8755.340 8.795e-18
8756.217 8.796e-18
8757.093 8.797e-18
8757.970 8.798e-18
8758.847 8.799e-18
8759.723 8.800e-18
8760.600 8.801e-18
8761.477 8.802e-18
8762.353 8.804e-18
8763.230 8.803e-18
8764.107 7.844e-17
8764.983 8.801e-18
8765.860 8.800e-18
8766.737 8.799e-18
8767.613 8.798e-18
8768.490 8.797e-18
8769.367 8.796e-18
8770.243 1.029e-15
8771.120 8.794e-18
8771.997 8.793e-18
8772.873 9.609e-18
8773.750 8.791e-18
8774.627 8.790e-18
8775.503 8.789e-18
8776.380 8.788e-18
8777.257 8.787e-18
8778.133 8.786e-18
8779.010 8.785e-18
8779.887 8.784e-18
8780.763 4.213e-15
8781.640 8.782e-18
8782.517 8.761e-18
8783.393 8.778e-18
8784.270 8.783e-18
8785.147 8.784e-18
8786.023 8.785e-18
8786.900 8.786e-18
8787.777 8.787e-18
8788.653 8.788e-18
8789.530 8.788e-18
8790.407 8.791e-18
8791.283 8.792e-18
8792.160 8.793e-18
8793.037 8.794e-18
8793.913 8.795e-18
8794.790 8.785e-18
8795.667 8.797e-18
8796.543 8.798e-18
8797.420 8.799e-18
8798.297 8.800e-18
8799.173 8.801e-18
8800.050 8.802e-18
8800.927 8.803e-18
8801.803 8.804e-18
8802.680 8.804e-18
8803.557 8.805e-18
8804.433 1.712e-17
8805.310 8.804e-18
8806.187 8.803e-18
8807.063 8.804e-18
8807.940 8.802e-18
8808.817 8.804e-18
8809.693 8.804e-18
8810.570 8.804e-18
8811.447 8.804e-18
8812.323 8.804e-18
8813.200 8.804e-18
8814.077 8.753e-18
8814.953 8.804e-18
8815.830 8.804e-18
8816.707 8.804e-18
8817.583 8.804e-18
8818.460 8.804e-18
8819.337 8.804e-18
8820.213 8.803e-18
8821.090 8.799e-18
8821.967 8.801e-18
8822.843 8.797e-18
8823.720 8.806e-18
8824.597 8.807e-18
8825.473 8.810e-18
8826.350 8.812e-18
8827.227 8.814e-18
8828.103 8.816e-18
8828.980 8.818e-18
8829.857 8.820e-18
8830.733 8.822e-18
8831.610 8.824e-18
8832.487 8.826e-18
8833.363 8.826e-18
8834.240 8.829e-18
8835.117 8.832e-18
8835.993 3.721e-17
8836.870 1.190e-17
8837.747 8.833e-18
8838.623 8.839e-18
8839.500 8.842e-18
8840.377 8.844e-18
8841.253 8.845e-18
8842.130 8.847e-18
8843.007 8.848e-18
8843.883 8.848e-18
8844.760 8.847e-18
8845.637 8.847e-18
8846.513 8.847e-18
8847.390 8.846e-18
8848.267 8.843e-18
8849.143 8.845e-18
8850.020 8.844e-18
8850.897 8.845e-18
8851.773 8.844e-18
8852.650 8.844e-18
8853.527 8.843e-18
8854.403 8.841e-18
8855.280 8.842e-18
8856.157 8.842e-18
8857.033 8.842e-18
8857.910 8.841e-18
8858.787 8.841e-18
8859.663 8.778e-18
8860.540 8.837e-18
8861.417 8.819e-18
8862.293 1.052e-17
8863.170 1.015e-17
8864.047 2.184e-17
8864.923 3.164e-17
8865.800 5.358e-17
8866.677 8.844e-18
8867.553 8.840e-18
8868.430 8.840e-18
8869.307 8.936e-18
8870.183 8.848e-18
8871.060 8.849e-18
8871.937 8.850e-18
8872.813 8.851e-18
8873.690 8.852e-18
8874.567 8.852e-18
8875.443 8.854e-18
8876.320 8.855e-18
8877.197 8.856e-18
8878.073 8.857e-18
8878.950 8.858e-18
8879.827 8.858e-18
8880.703 8.858e-18
8881.580 8.819e-18
8882.457 8.860e-18
8883.333 8.862e-18
8884.210 8.857e-18
8885.087 8.863e-18
8885.963 8.864e-18
8886.840 8.865e-18
8887.717 8.865e-18
8888.593 8.866e-18
8889.470 8.866e-18
8890.347 8.865e-18
8891.223 1.004e-17
8892.100 8.868e-18
8892.977 8.869e-18
8893.853 8.869e-18
8894.730 8.870e-18
8895.607 8.870e-18
8896.483 8.869e-18
8897.360 8.870e-18
8898.237 8.871e-18
8899.113 1.169e-17
8899.990 8.872e-18
8900.867 8.873e-18
8901.743 8.872e-18
8902.620 8.872e-18
8903.497 8.871e-18
8904.373 8.874e-18
8905.250 8.874e-18
8906.127 8.874e-18
8907.003 8.875e-18
8907.880 8.875e-18
8908.757 8.875e-18
8909.633 8.836e-18
8910.510 8.874e-18
8911.387 8.875e-18
8912.263 8.875e-18
8913.140 8.873e-18
8914.017 8.874e-18
8914.893 8.875e-18
8915.770 8.876e-18
8916.647 8.876e-18
8917.523 8.875e-18
8918.400 8.814e-18
8919.277 1.463e-17
8920.153 8.845e-18
8921.030 8.875e-18
8921.907 8.853e-18
8922.783 8.872e-18
8923.660 8.877e-18
8924.537 8.879e-18
8925.413 8.877e-18
8926.290 8.881e-18
8927.167 8.865e-18
8928.043 8.883e-18
8928.920 8.878e-18
8929.797 9.445e-18
8930.673 1.148e-17
8931.550 1.345e-17
8932.427 8.853e-18
8933.303 8.866e-18
8934.180 1.004e-17
8935.057 8.886e-18
8935.933 8.885e-18
8936.810 1.381e-17
8937.687 8.900e-18
8938.563 8.893e-18
8939.440 8.895e-18
8940.317 8.892e-18
8941.193 8.899e-18
8942.070 8.897e-18
8942.947 8.770e-18
8943.823 9.422e-18
8944.700 8.664e-18
8945.577 8.901e-18
8946.453 8.896e-18
8947.330 8.905e-18
8948.207 8.902e-18
8949.083 8.816e-18
8949.960 1.340e-17
8950.837 8.883e-18
8951.713 8.902e-18
8952.590 8.911e-18
8953.467 8.901e-18
8954.343 8.736e-18
8955.220 8.906e-18
8956.097 8.907e-18
8956.973 8.775e-18
8957.850 8.854e-18
8958.727 8.916e-18
8959.603 8.919e-18
8960.480 3.887e-16
8961.357 8.911e-18
8962.233 8.925e-18
8963.110 8.866e-18
8963.987 8.889e-18
8964.863 7.325e-18
8965.740 9.086e-18
8966.617 8.898e-18
8967.493 1.909e-17
8968.370 8.819e-18
8969.247 8.854e-18
8970.123 8.911e-18
8971.000 1.644e-17
8971.877 1.556e-17
8972.753 8.899e-18
8973.630 9.589e-17
8974.507 8.821e-18
8975.383 8.163e-18
8976.260 1.004e-17
8977.137 7.997e-18
8978.013 9.139e-18
8978.890 8.189e-18
8979.767 8.897e-18
8980.643 8.897e-18
8981.520 8.889e-18
8982.397 8.820e-18
8983.273 8.304e-18
8984.150 8.862e-18
8985.027 8.892e-18
8985.903 8.894e-18
8986.780 8.840e-18
8987.657 8.887e-18
8988.533 8.818e-18
8989.410 1.334e-17
8990.287 7.946e-18
8991.163 8.786e-18
8992.040 8.299e-18
8992.917 8.644e-18
8993.793 8.554e-18
8994.670 8.455e-18
8995.547 1.819e-17
8996.423 8.874e-18
8997.300 8.892e-18
8998.177 8.897e-18
8999.053 8.899e-18
8999.930 8.894e-18
9000.807 8.892e-18
9001.683 8.862e-18
9002.560 7.617e-18
9003.437 8.607e-18
9004.313 8.880e-18
9005.190 8.874e-18
9006.067 5.774e-18
9006.943 8.841e-18
9007.820 8.897e-18
9008.697 8.894e-18
9009.573 7.810e-18
9010.450 8.672e-18
9011.327 8.829e-18
9012.203 8.904e-18
9013.080 8.902e-18
9013.957 8.733e-18
9014.833 8.810e-18
9015.710 8.898e-18
9016.587 8.911e-18
9017.463 8.889e-18
9018.340 8.830e-18
9019.217 3.390e-18
9020.093 8.831e-18
9020.970 8.894e-18
9021.847 8.915e-18
9022.723 8.847e-18
9023.600 8.916e-18
9024.477 8.837e-18
9025.353 8.290e-18
9026.230 8.896e-18
9027.107 8.841e-18
9027.983 8.616e-18
9028.860 8.717e-18
9029.737 8.906e-18
9030.613 8.920e-18
9031.490 1.762e-17
9032.367 8.907e-18
9033.243 8.898e-18
9034.120 8.708e-18
9034.997 8.916e-18
9035.873 8.926e-18
9036.750 8.925e-18
9037.627 8.900e-18
9038.503 8.927e-18
9039.380 8.928e-18
9040.257 8.927e-18
9041.133 8.924e-18
9042.010 8.920e-18
9042.887 8.907e-18
9043.763 8.872e-18
9044.640 8.716e-18
9045.517 8.693e-18
9046.393 8.925e-18
9047.270 8.932e-18
9048.147 8.934e-18
9049.023 8.933e-18
9049.900 8.131e-18
9050.777 8.918e-18
9051.653 5.305e-16
9052.530 8.935e-18
9053.407 8.870e-18
9054.283 8.927e-18
9055.160 8.757e-18
9056.037 8.895e-18
9056.913 8.916e-18
9057.790 8.942e-18
9058.667 8.942e-18
9059.543 1.739e-17
9060.420 8.941e-18
9061.297 8.943e-18
9062.173 8.928e-18
9063.050 8.107e-18
9063.927 8.912e-18
9064.803 8.885e-18
9065.680 8.897e-18
9066.557 7.152e-18
9067.433 8.932e-18
9068.310 8.906e-18
9069.187 8.933e-18
9070.063 8.814e-18
9070.940 1.933e-17
9071.817 7.948e-18
9072.693 8.892e-18
9073.570 8.874e-18
9074.447 2.166e-18
9075.323 8.857e-18
9076.200 8.874e-18
9077.077 1.047e-17
9077.953 8.912e-18
9078.830 1.000e-17
9079.707 8.917e-18
9080.583 8.899e-18
9081.460 7.971e-18
9082.337 4.889e-18
9083.213 8.739e-18
9084.090 8.611e-18
9084.967 8.904e-18
9085.843 8.873e-18
9086.720 8.920e-18
9087.597 8.867e-18
9088.473 8.866e-18
9089.350 7.444e-18
9090.227 8.855e-18
9091.103 8.918e-18
9091.980 8.889e-18
9092.857 1.644e-17
9093.733 1.248e-17
9094.610 9.316e-18
9095.487 8.892e-18
9096.363 7.580e-18
9097.240 8.899e-18
9098.117 8.875e-18
9098.993 8.943e-18
9099.870 1.075e-17
9100.747 8.640e-18
9101.623 8.861e-18
9102.500 8.278e-18
