4500.000 1.090e-16
4500.877 1.095e-16
4501.753 1.099e-16
4502.630 1.104e-16
4503.507 1.109e-16
4504.383 1.114e-16
4505.260 1.118e-16
4506.137 1.123e-16
4507.013 1.122e-16
4507.890 1.120e-16
4508.767 1.118e-16
4509.643 1.116e-16
4510.520 1.114e-16
4511.397 1.112e-16
4512.273 1.110e-16
4513.150 1.108e-16
4514.027 1.106e-16
4514.903 1.104e-16
4515.780 1.102e-16
4516.657 1.098e-16
4517.533 1.090e-16
4518.410 1.082e-16
4519.287 1.074e-16
4520.163 1.066e-16
4521.040 1.058e-16
4521.917 1.050e-16
4522.793 1.042e-16
4523.670 1.034e-16
4524.547 1.026e-16
4525.423 1.019e-16
4526.300 1.011e-16
4527.177 1.012e-16
4528.053 1.012e-16
4528.930 1.013e-16
4529.807 1.015e-16
4530.683 1.015e-16
4531.560 1.016e-16
4532.437 1.017e-16
4533.313 1.017e-16
4534.190 1.018e-16
4535.067 1.019e-16
4535.943 1.020e-16
4536.820 1.020e-16
4537.697 1.020e-16
4538.573 1.020e-16
4539.450 1.020e-16
4540.327 1.020e-16
4541.203 1.020e-16
4542.080 1.020e-16
4542.957 1.123e-16
4543.833 1.020e-16
4544.710 1.020e-16
4545.587 1.055e-16
4546.463 1.020e-16
4547.340 1.022e-16
4548.217 1.024e-16
4549.093 1.026e-16
4549.970 1.028e-16
4550.847 1.030e-16
4551.723 1.031e-16
4552.600 1.033e-16
4553.477 1.035e-16
4554.353 1.071e-16
4555.230 1.039e-16
4556.107 1.041e-16
4556.983 1.043e-16
4557.860 1.044e-16
4558.737 1.045e-16
4559.613 1.047e-16
4560.490 1.048e-16
4561.367 1.049e-16
4562.243 1.051e-16
4563.120 1.052e-16
4563.997 1.054e-16
4564.873 1.055e-16
4565.750 1.056e-16
4566.627 1.057e-16
4567.503 1.058e-16
4568.380 1.058e-16
4569.257 1.075e-16
4570.133 1.059e-16
4571.010 1.060e-16
4571.887 1.060e-16
4572.763 1.061e-16
4573.640 1.061e-16
4574.517 1.062e-16
4575.393 1.062e-16
4576.270 1.063e-16
4577.147 1.057e-16
4578.023 1.051e-16
4578.900 1.045e-16
4579.777 1.039e-16
4580.653 1.033e-16
4581.530 1.027e-16
4582.407 1.021e-16
4583.283 1.015e-16
4584.160 1.016e-16
4585.037 1.003e-16
4585.913 9.966e-17
4586.790 9.945e-17
4587.667 9.957e-17
4588.543 9.968e-17
4589.420 9.980e-17
4590.297 9.991e-17
4591.173 1.000e-16
4592.050 1.001e-16
4592.927 1.002e-16
4593.803 1.004e-16
4594.680 1.005e-16
4595.557 1.006e-16
4596.433 1.007e-16
4597.310 1.008e-16
4598.187 1.009e-16
4599.063 1.009e-16
4599.940 1.010e-16
4600.817 1.011e-16
4601.693 1.012e-16
4602.570 1.013e-16
4603.447 1.014e-16
4604.323 1.014e-16
4605.200 1.015e-16
4606.077 1.016e-16
4606.953 1.016e-16
4607.830 1.016e-16
4608.707 1.017e-16
4609.583 1.017e-16
4610.460 1.017e-16
4611.337 1.017e-16
4612.213 1.017e-16
4613.090 1.017e-16
4613.967 1.017e-16
4614.843 1.018e-16
4615.720 1.018e-16
4616.597 1.018e-16
4617.473 1.020e-16
4618.350 1.021e-16
4619.227 1.023e-16
4620.103 1.025e-16
4620.980 1.026e-16
4621.857 1.028e-16
4622.733 1.029e-16
4623.610 1.031e-16
4624.487 1.032e-16
4625.363 1.034e-16
4626.240 1.035e-16
4627.117 1.033e-16
4627.993 1.029e-16
4628.870 1.026e-16
4629.747 1.023e-16
4630.623 1.020e-16
4631.500 1.017e-16
4632.377 1.014e-16
4633.253 1.011e-16
4634.130 1.007e-16
4635.007 1.004e-16
4635.883 1.001e-16
4636.760 9.980e-17
4637.637 9.949e-17
4638.513 9.918e-17
4639.390 9.887e-17
4640.267 9.855e-17
4641.143 9.824e-17
4642.020 9.793e-17
4642.897 9.762e-17
4643.773 9.731e-17
4644.650 9.700e-17
4645.527 9.669e-17
4646.403 9.644e-17
4647.280 9.667e-17
4648.157 9.690e-17
4649.033 9.713e-17
4649.910 9.735e-17
4650.787 9.758e-17
4651.663 9.780e-17
4652.540 9.802e-17
4653.417 9.825e-17
4654.293 9.847e-17
4655.170 9.869e-17
4656.047 9.892e-17
4656.923 9.860e-17
4657.800 9.805e-17
4658.677 9.754e-17
4659.553 9.704e-17
4660.430 9.654e-17
4661.307 9.604e-17
4662.183 9.553e-17
4663.060 9.503e-17
4663.937 9.453e-17
4664.813 9.403e-17
4665.690 9.352e-17
4666.567 9.329e-17
4667.443 9.367e-17
4668.320 9.405e-17
4669.197 9.442e-17
4670.073 9.480e-17
4670.950 9.518e-17
4671.827 9.556e-17
4672.703 9.594e-17
4673.580 9.887e-17
4674.457 9.669e-17
4675.333 9.707e-17
4676.210 9.744e-17
4677.087 1.091e-16
4677.963 9.730e-17
4678.840 9.721e-17
4679.717 9.711e-17
4680.593 9.702e-17
4681.470 9.692e-17
4682.347 9.682e-17
4683.223 9.673e-17
4684.100 9.664e-17
4684.977 9.654e-17
4685.853 9.645e-17
4686.730 9.639e-17
4687.607 9.636e-17
4688.483 9.633e-17
4689.360 9.631e-17
4690.237 9.628e-17
4691.113 9.625e-17
4691.990 9.621e-17
4692.867 9.620e-17
4693.743 9.617e-17
4694.620 9.615e-17
4695.497 9.612e-17
4696.373 9.605e-17
4697.250 9.558e-17
4698.127 9.507e-17
4699.003 9.464e-17
4699.880 9.417e-17
4700.757 9.370e-17
4701.633 9.324e-17
4702.510 9.278e-17
4703.387 9.232e-17
4704.263 9.186e-17
4705.140 9.140e-17
4706.017 9.094e-17
4706.893 9.118e-17
4707.770 9.176e-17
4708.647 9.233e-17
4709.523 9.291e-17
4710.400 9.348e-17
4711.277 9.406e-17
4712.153 9.463e-17
4713.030 9.522e-17
4713.907 9.579e-17
4714.783 9.637e-17
4715.660 9.695e-17
4716.537 9.739e-17
4717.413 9.746e-17
4718.290 9.758e-17
4719.167 9.767e-17
4720.043 9.776e-17
4720.920 9.786e-17
4721.797 9.794e-17
4722.673 9.805e-17
4723.550 9.814e-17
4724.427 9.823e-17
4725.303 9.832e-17
4726.180 9.842e-17
4727.057 9.825e-17
4727.933 9.805e-17
4728.810 9.785e-17
4729.687 9.764e-17
4730.563 9.740e-17
4731.440 9.723e-17
4732.317 9.702e-17
4733.193 9.681e-17
4734.070 9.661e-17
4734.947 9.640e-17
4735.823 9.619e-17
4736.700 9.619e-17
4737.577 9.643e-17
4738.453 9.667e-17
4739.330 9.691e-17
4740.207 9.715e-17
4741.083 9.739e-17
4741.960 9.763e-17
4742.837 9.787e-17
4743.713 9.811e-17
4744.590 9.835e-17
4745.467 9.858e-17
4746.343 9.880e-17
4747.220 9.865e-17
4748.097 9.849e-17
4748.973 9.834e-17
4749.850 9.819e-17
4750.727 9.800e-17
4751.603 9.781e-17
4752.480 9.762e-17
4753.357 9.743e-17
4754.233 9.724e-17
4755.110 9.705e-17
4755.987 9.686e-17
4756.863 9.661e-17
4757.740 9.632e-17
4758.617 9.602e-17
4759.493 9.573e-17
4760.370 9.543e-17
4761.247 9.514e-17
4762.123 9.485e-17
4763.000 9.456e-17
4763.877 9.427e-17
4764.753 9.399e-17
4765.630 9.370e-17
4766.507 9.359e-17
4767.383 9.403e-17
4768.260 9.446e-17
4769.137 9.490e-17
4770.013 9.534e-17
4770.890 9.579e-17
4771.767 9.623e-17
4772.643 9.667e-17
4773.520 9.711e-17
4774.397 9.756e-17
4775.273 9.801e-17
4776.150 9.846e-17
4777.027 9.829e-17
4777.903 9.799e-17
4778.780 9.769e-17
4779.657 9.739e-17
4780.533 9.709e-17
4781.410 9.680e-17
4782.287 9.651e-17
4783.163 9.622e-17
4784.040 9.592e-17
4784.917 9.563e-17
4785.793 9.534e-17
4786.670 9.528e-17
4787.547 9.552e-17
4788.423 9.576e-17
4789.300 9.600e-17
4790.177 9.624e-17
4791.053 9.649e-17
4791.930 9.673e-17
4792.807 9.697e-17
4793.683 9.721e-17
4794.560 9.745e-17
4795.437 9.769e-17
4796.313 9.792e-17
4797.190 9.773e-17
4798.067 9.754e-17
4798.943 9.735e-17
4799.820 9.716e-17
4800.697 9.697e-17
4801.573 9.678e-17
4802.450 9.659e-17
4803.327 9.639e-17
4804.203 9.620e-17
4805.080 9.601e-17
4805.957 9.581e-17
4806.833 9.585e-17
4807.710 9.604e-17
4808.587 9.622e-17
4809.463 9.641e-17
4810.340 9.660e-17
4811.217 9.679e-17
4812.093 9.697e-17
4812.970 1.007e-16
4813.847 9.892e-17
4814.723 9.753e-17
4815.600 9.771e-17
4816.477 9.785e-17
4817.353 9.756e-17
4818.230 9.726e-17
4819.107 9.696e-17
4819.983 9.666e-17
4820.860 9.637e-17
4821.737 9.607e-17
4822.613 9.578e-17
4823.490 9.548e-17
4824.367 9.519e-17
4825.243 9.955e-17
4826.120 9.500e-17
4826.997 9.446e-17
4827.873 9.442e-17
4828.750 9.437e-17
4829.627 9.432e-17
4830.503 9.427e-17
4831.380 9.423e-17
4832.257 9.418e-17
4833.133 9.414e-17
4834.010 9.409e-17
4834.887 9.404e-17
4835.763 9.400e-17
4836.640 9.390e-17
4837.517 9.368e-17
4838.393 9.345e-17
4839.270 9.321e-17
4840.147 9.298e-17
4841.023 9.275e-17
4841.900 9.252e-17
4842.777 9.229e-17
4843.653 9.206e-17
4844.530 9.184e-17
4845.407 9.160e-17
4846.283 9.138e-17
4847.160 9.081e-17
4848.037 9.024e-17
4848.913 8.966e-17
4849.790 8.909e-17
4850.667 8.853e-17
4851.543 8.797e-17
4852.420 8.740e-17
4853.297 8.682e-17
4854.173 8.625e-17
4855.050 8.569e-17
4855.927 8.513e-17
4856.803 8.444e-17
4857.680 8.360e-17
4858.557 8.277e-17
4859.433 8.194e-17
4860.310 8.111e-17
4861.187 8.028e-17
4862.063 7.944e-17
4862.940 7.861e-17
4863.817 7.778e-17
4864.693 7.695e-17
4865.570 7.612e-17
4866.447 7.538e-17
4867.323 7.615e-17
4868.200 7.693e-17
4869.077 7.770e-17
4869.953 7.847e-17
4870.830 7.924e-17
4871.707 8.000e-17
4872.583 8.078e-17
4873.460 8.154e-17
4874.337 8.233e-17
4875.213 8.309e-17
4876.090 8.386e-17
4876.967 8.432e-17
4877.843 8.462e-17
4878.720 8.491e-17
4879.597 8.520e-17
4880.473 8.550e-17
4881.350 8.579e-17
4882.227 8.608e-17
4883.103 8.637e-17
4883.980 9.294e-17
4884.857 8.695e-17
4885.733 8.724e-17
4886.610 8.750e-17
4887.487 8.764e-17
4888.363 8.778e-17
4889.240 8.792e-17
4890.117 8.806e-17
4890.993 8.820e-17
4891.870 8.835e-17
4892.747 8.849e-17
4893.623 8.863e-17
4894.500 8.877e-17
4895.377 8.891e-17
4896.253 8.905e-17
4897.130 8.920e-17
4898.007 8.934e-17
4898.883 8.949e-17
4899.760 8.963e-17
4900.637 8.977e-17
4901.513 8.992e-17
4902.390 9.006e-17
4903.267 9.021e-17
4904.143 9.035e-17
4905.020 9.049e-17
4905.897 9.063e-17
4906.773 9.052e-17
4907.650 9.006e-17
4908.527 8.960e-17
4909.403 8.914e-17
4910.280 8.868e-17
4911.157 8.822e-17
4912.033 8.776e-17
4912.910 8.731e-17
4913.787 8.685e-17
4914.663 8.639e-17
4915.540 8.594e-17
4916.417 8.549e-17
4917.293 8.545e-17
4918.170 8.542e-17
4919.047 8.539e-17
4919.923 8.535e-17
4920.800 8.532e-17
4921.677 8.528e-17
4922.553 8.525e-17
4923.430 8.522e-17
4924.307 8.518e-17
4925.183 8.515e-17
4926.060 8.512e-17
4926.937 8.506e-17
4927.813 8.500e-17
4928.690 8.493e-17
4929.567 8.487e-17
4930.443 8.480e-17
4931.320 8.474e-17
4932.197 8.467e-17
4933.073 8.461e-17
4933.950 8.454e-17
4934.827 8.448e-17
4935.703 8.441e-17
4936.580 8.449e-17
4937.457 8.509e-17
4938.333 8.570e-17
4939.210 1.123e-16
4940.087 8.691e-17
4940.963 8.751e-17
4941.840 8.811e-17
4942.717 8.872e-17
4943.593 8.932e-17
4944.470 8.992e-17
4945.347 9.052e-17
4946.223 9.112e-17
4947.100 9.082e-17
4947.977 9.028e-17
4948.853 8.975e-17
4949.730 8.922e-17
4950.607 8.869e-17
4951.483 8.816e-17
4952.360 8.762e-17
4953.237 8.709e-17
4954.113 8.656e-17
4954.990 8.603e-17
4955.867 8.550e-17
4956.743 8.529e-17
4957.620 8.560e-17
4958.497 8.590e-17
4959.373 8.620e-17
4960.250 8.650e-17
4961.127 8.680e-17
4962.003 8.710e-17
4962.880 8.740e-17
4963.757 8.770e-17
4964.633 9.023e-17
4965.510 8.829e-17
4966.387 8.859e-17
4967.263 8.856e-17
4968.140 8.852e-17
4969.017 8.849e-17
4969.893 8.845e-17
4970.770 8.841e-17
4971.647 8.838e-17
4972.523 8.834e-17
4973.400 8.830e-17
4974.277 8.826e-17
4975.153 8.823e-17
4976.030 8.819e-17
4976.907 8.782e-17
4977.783 8.722e-17
4978.660 8.662e-17
4979.537 8.602e-17
4980.413 8.542e-17
4981.290 8.482e-17
4982.167 8.422e-17
4983.043 8.362e-17
4983.920 8.302e-17
4984.797 8.242e-17
4985.673 8.182e-17
4986.550 8.138e-17
4987.427 8.172e-17
4988.303 8.206e-17
4989.180 8.240e-17
4990.057 8.274e-17
4990.933 8.309e-17
4991.810 8.342e-17
4992.687 8.376e-17
4993.563 8.410e-17
4994.440 8.444e-17
4995.317 8.478e-17
4996.193 8.511e-17
4997.070 8.484e-17
4997.947 8.439e-17
4998.823 8.394e-17
4999.700 8.348e-17
5000.577 8.304e-17
5001.453 8.260e-17
5002.330 8.216e-17
5003.207 8.172e-17
5004.083 8.128e-17
5004.960 8.085e-17
5005.837 8.413e-17
5006.713 8.006e-17
5007.590 7.988e-17
5008.467 7.969e-17
5009.343 7.950e-17
5010.220 7.931e-17
5011.097 7.912e-17
5011.973 7.893e-17
5012.850 7.874e-17
5013.727 7.855e-17
5014.603 7.837e-17
5015.480 7.818e-17
5016.357 7.799e-17
5017.233 7.823e-17
5018.110 7.848e-17
5018.987 7.878e-17
5019.863 7.905e-17
5020.740 7.931e-17
5021.617 7.958e-17
5022.493 7.987e-17
5023.370 8.014e-17
5024.247 8.041e-17
5025.123 8.068e-17
5026.000 8.086e-17
5026.877 8.114e-17
5027.753 8.126e-17
5028.630 8.138e-17
5029.507 8.149e-17
5030.383 8.160e-17
5031.260 8.174e-17
5032.137 8.185e-17
5033.013 8.198e-17
5033.890 8.209e-17
5034.767 8.221e-17
5035.643 8.228e-17
5036.520 8.239e-17
5037.397 8.214e-17
5038.273 8.189e-17
5039.150 8.099e-17
5040.027 8.137e-17
5040.903 8.103e-17
5041.780 8.085e-17
5042.657 8.059e-17
5043.533 8.003e-17
5044.410 7.996e-17
5045.287 7.976e-17
5046.163 7.958e-17
5047.040 7.979e-17
5047.917 8.024e-17
5048.793 8.064e-17
5049.670 8.108e-17
5050.547 8.151e-17
5051.423 8.192e-17
5052.300 8.235e-17
5053.177 8.278e-17
5054.053 8.318e-17
5054.930 8.361e-17
5055.807 8.404e-17
5056.683 8.427e-17
5057.560 8.413e-17
5058.437 8.401e-17
5059.313 8.387e-17
5060.190 8.374e-17
5061.067 8.360e-17
5061.943 8.347e-17
5062.820 8.334e-17
5063.697 8.316e-17
5064.573 8.307e-17
5065.450 8.294e-17
5066.327 8.280e-17
5067.203 8.256e-17
5068.080 8.237e-17
5068.957 8.216e-17
5069.833 8.194e-17
5070.710 8.172e-17
5071.587 8.134e-17
5072.463 8.126e-17
5073.340 8.109e-17
5074.217 8.078e-17
5075.093 8.065e-17
5075.970 8.044e-17
5076.847 8.035e-17
5077.723 8.031e-17
5078.600 8.040e-17
5079.477 8.043e-17
5080.353 8.044e-17
5081.230 8.048e-17
5082.107 8.052e-17
5082.983 8.054e-17
5083.860 8.057e-17
5084.737 8.060e-17
5085.613 8.053e-17
5086.490 8.065e-17
5087.367 8.062e-17
5088.243 8.059e-17
5089.120 8.056e-17
5089.997 8.053e-17
5090.873 8.051e-17
5091.750 8.048e-17
5092.627 8.045e-17
5093.503 8.041e-17
5094.380 8.039e-17
5095.257 8.031e-17
5096.133 8.033e-17
5097.010 8.038e-17
5097.887 8.047e-17
5098.763 8.055e-17
5099.640 8.065e-17
5100.517 8.074e-17
5101.393 8.083e-17
5102.270 8.092e-17
5103.147 8.096e-17
5104.023 8.109e-17
5104.900 8.119e-17
5105.777 8.128e-17
5106.653 8.139e-17
5107.530 8.155e-17
5108.407 8.170e-17
5109.283 8.186e-17
5110.160 8.202e-17
5111.037 8.217e-17
5111.913 8.233e-17
5112.790 8.248e-17
5113.667 8.264e-17
5114.543 8.279e-17
5115.420 8.295e-17
5116.297 8.310e-17
5117.173 8.270e-17
5118.050 8.221e-17
5118.927 8.174e-17
5119.803 8.126e-17
5120.680 8.078e-17
5121.557 8.030e-17
5122.433 7.983e-17
5123.310 7.935e-17
5124.187 7.885e-17
5125.063 7.840e-17
5125.940 7.792e-17
5126.817 7.765e-17
5127.693 7.760e-17
5128.570 7.757e-17
5129.447 7.752e-17
5130.323 7.748e-17
5131.200 7.744e-17
5132.077 7.740e-17
5132.953 7.736e-17
5133.830 7.731e-17
5134.707 7.727e-17
5135.583 7.723e-17
5136.460 7.719e-17
5137.337 7.721e-17
5138.213 7.724e-17
5139.090 7.726e-17
5139.967 7.729e-17
5140.843 7.731e-17
5141.720 7.733e-17
5142.597 7.736e-17
5143.473 7.738e-17
5144.350 7.740e-17
5145.227 7.743e-17
5146.103 7.745e-17
5146.980 7.751e-17
5147.857 7.757e-17
5148.733 7.764e-17
5149.610 7.771e-17
5150.487 7.778e-17
5151.363 7.784e-17
5152.240 7.791e-17
5153.117 7.798e-17
5153.993 7.805e-17
5154.870 7.812e-17
5155.747 7.819e-17
5156.623 7.803e-17
5157.500 7.720e-17
5158.377 7.638e-17
5159.253 7.555e-17
5160.130 7.473e-17
5161.007 7.391e-17
5161.883 7.308e-17
5162.760 7.226e-17
5163.637 7.144e-17
5164.513 7.062e-17
5165.390 6.979e-17
5166.267 6.897e-17
5167.143 6.900e-17
5168.020 6.918e-17
5168.897 6.935e-17
5169.773 6.953e-17
5170.650 6.971e-17
5171.527 6.989e-17
5172.403 7.006e-17
5173.280 7.024e-17
5174.157 7.042e-17
5175.033 7.060e-17
5175.910 7.077e-17
5176.787 7.075e-17
5177.663 7.049e-17
5178.540 7.022e-17
5179.417 6.995e-17
5180.293 6.968e-17
5181.170 6.942e-17
5182.047 6.915e-17
5182.923 6.888e-17
5183.800 6.861e-17
5184.677 6.835e-17
5185.553 6.808e-17
5186.430 6.784e-17
5187.307 6.842e-17
5188.183 6.899e-17
5189.060 6.957e-17
5189.937 7.014e-17
5190.813 7.072e-17
5191.690 7.129e-17
5192.567 7.186e-17
5193.443 7.243e-17
5194.320 7.301e-17
5195.197 7.358e-17
5196.073 7.415e-17
5196.950 7.442e-17
5197.827 7.441e-17
5198.703 7.440e-17
5199.580 7.439e-17
5200.457 7.438e-17
5201.333 7.436e-17
5202.210 7.435e-17
5203.087 7.434e-17
5203.963 7.433e-17
5204.840 7.431e-17
5205.717 7.430e-17
5206.593 7.431e-17
5207.470 7.454e-17
5208.347 7.478e-17
5209.223 7.501e-17
5210.100 7.524e-17
5210.977 7.547e-17
5211.853 7.570e-17
5212.730 7.594e-17
5213.607 7.617e-17
5214.483 7.640e-17
5215.360 7.663e-17
5216.237 7.686e-17
5217.113 7.671e-17
5217.990 7.640e-17
5218.867 8.029e-17
5219.743 7.578e-17
5220.620 7.548e-17
5221.497 7.517e-17
5222.373 7.486e-17
5223.250 7.455e-17
5224.127 7.424e-17
5225.003 7.393e-17
5225.880 7.362e-17
5226.757 7.353e-17
5227.633 7.374e-17
5228.510 7.395e-17
5229.387 7.417e-17
5230.263 7.438e-17
5231.140 7.459e-17
5232.017 7.480e-17
5232.893 7.501e-17
5233.770 7.522e-17
5234.647 7.543e-17
5235.523 7.564e-17
5236.400 7.585e-17
5237.277 7.604e-17
5238.153 7.623e-17
5239.030 7.642e-17
5239.907 7.661e-17
5240.783 7.680e-17
5241.660 7.695e-17
5242.537 7.717e-17
5243.413 7.736e-17
5244.290 7.754e-17
5245.167 7.773e-17
5246.043 7.792e-17
5246.920 7.796e-17
5247.797 7.783e-17
5248.673 7.771e-17
5249.550 7.759e-17
5250.427 7.747e-17
5251.303 8.903e-17
5252.180 7.723e-17
5253.057 7.710e-17
5253.933 7.698e-17
5254.810 7.686e-17
5255.687 7.707e-17
5256.563 7.656e-17
5257.440 8.004e-17
5258.317 7.506e-17
5259.193 7.391e-17
5260.070 7.303e-17
5260.947 7.215e-17
5261.823 7.127e-17
5262.700 7.401e-17
5263.577 6.951e-17
5264.453 6.863e-17
5265.330 6.775e-17
5266.207 6.687e-17
5267.083 6.690e-17
5267.960 6.739e-17
5268.837 6.788e-17
5269.713 6.837e-17
5270.590 6.885e-17
5271.467 6.935e-17
5272.343 6.983e-17
5273.220 7.032e-17
5274.097 7.081e-17
5274.973 7.130e-17
5275.850 7.178e-17
5276.727 7.220e-17
5277.603 9.433e-17
5278.480 7.258e-17
5279.357 7.280e-17
5280.233 7.300e-17
5281.110 7.320e-17
5281.987 7.340e-17
5282.863 7.360e-17
5283.740 7.380e-17
5284.617 7.400e-17
5285.493 7.420e-17
5286.370 7.440e-17
5287.247 7.447e-17
5288.123 7.451e-17
5289.000 7.455e-17
5289.877 7.460e-17
5290.753 7.464e-17
5291.630 7.468e-17
5292.507 7.472e-17
5293.383 7.476e-17
5294.260 7.481e-17
5295.137 7.485e-17
5296.013 7.489e-17
5296.890 7.495e-17
5297.767 7.504e-17
5298.643 7.512e-17
5299.520 7.520e-17
5300.397 7.529e-17
5301.273 7.537e-17
5302.150 7.546e-17
5303.027 7.554e-17
5303.903 7.563e-17
5304.780 7.571e-17
5305.657 7.579e-17
5306.533 7.588e-17
5307.410 7.588e-17
5308.287 7.590e-17
5309.163 7.591e-17
5310.040 7.591e-17
5310.917 7.593e-17
5311.793 7.593e-17
5312.670 7.594e-17
5313.547 7.595e-17
5314.423 7.596e-17
5315.300 7.597e-17
5316.177 7.598e-17
5317.053 7.558e-17
5317.930 7.493e-17
5318.807 7.428e-17
5319.683 7.362e-17
5320.560 7.298e-17
5321.437 7.233e-17
5322.313 7.168e-17
5323.190 7.103e-17
5324.067 7.038e-17
5324.943 6.973e-17
5325.820 6.909e-17
5326.697 6.919e-17
5327.573 6.917e-17
5328.450 6.964e-17
5329.327 7.011e-17
5330.203 7.059e-17
5331.080 7.125e-17
5331.957 8.750e-17
5332.833 7.200e-17
5333.710 7.247e-17
5334.587 7.295e-17
5335.463 7.342e-17
5336.340 7.389e-17
5337.217 7.379e-17
5338.093 7.356e-17
5338.970 7.333e-17
5339.847 7.310e-17
5340.723 7.287e-17
5341.600 7.264e-17
5342.477 7.241e-17
5343.353 7.218e-17
5344.230 7.195e-17
5345.107 7.172e-17
5345.983 7.149e-17
5346.860 7.152e-17
5347.737 7.193e-17
5348.613 7.233e-17
5349.490 7.273e-17
5350.367 7.314e-17
5351.243 7.354e-17
5352.120 7.394e-17
5352.997 7.435e-17
5353.873 7.475e-17
5354.750 7.515e-17
5355.627 7.831e-17
5356.503 7.595e-17
5357.380 7.555e-17
5358.257 7.515e-17
5359.133 7.475e-17
5360.010 7.434e-17
5360.887 7.394e-17
5361.763 7.354e-17
5362.640 7.314e-17
5363.517 7.274e-17
5364.393 7.234e-17
5365.270 7.194e-17
5366.147 7.154e-17
5367.023 7.138e-17
5367.900 7.140e-17
5368.777 7.141e-17
5369.653 7.143e-17
5370.530 7.144e-17
5371.407 7.145e-17
5372.283 7.147e-17
5373.160 7.148e-17
5374.037 7.149e-17
5374.913 7.151e-17
5375.790 7.152e-17
5376.667 7.154e-17
5377.543 7.159e-17
5378.420 7.163e-17
5379.297 7.168e-17
5380.173 7.173e-17
5381.050 7.178e-17
5381.927 7.182e-17
5382.803 7.187e-17
5383.680 7.191e-17
5384.557 7.196e-17
5385.433 7.200e-17
5386.310 7.205e-17
5387.187 7.186e-17
5388.063 7.162e-17
5388.940 7.136e-17
5389.817 7.111e-17
5390.693 7.086e-17
5391.570 7.061e-17
5392.447 7.036e-17
5393.323 7.011e-17
5394.200 6.985e-17
5395.077 6.960e-17
5395.953 6.935e-17
5396.830 6.911e-17
5397.707 6.889e-17
5398.583 6.867e-17
5399.460 6.842e-17
5400.337 6.823e-17
5401.213 6.801e-17
5402.090 6.779e-17
5402.967 6.756e-17
5403.843 6.728e-17
5404.720 6.712e-17
5405.597 6.690e-17
5406.473 6.668e-17
5407.350 6.699e-17
5408.227 6.731e-17
5409.103 6.763e-17
5409.980 6.797e-17
5410.857 6.828e-17
5411.733 6.862e-17
5412.610 6.895e-17
5413.487 6.927e-17
5414.363 6.957e-17
5415.240 6.992e-17
5416.117 7.025e-17
5416.993 7.027e-17
5417.870 7.008e-17
5418.747 6.984e-17
5419.623 6.968e-17
5420.500 6.948e-17
5421.377 6.928e-17
5422.253 6.906e-17
5423.130 6.888e-17
5424.007 6.868e-17
5424.883 6.848e-17
5425.760 6.828e-17
5426.637 6.813e-17
5427.513 6.828e-17
5428.390 6.842e-17
5429.267 6.856e-17
5430.143 6.864e-17
5431.020 6.884e-17
5431.897 6.899e-17
5432.773 6.913e-17
5433.650 6.928e-17
5434.527 6.942e-17
5435.403 6.951e-17
5436.280 6.964e-17
5437.157 6.959e-17
5438.033 6.970e-17
5438.910 6.967e-17
5439.787 6.966e-17
5440.663 6.966e-17
5441.540 6.967e-17
5442.417 6.969e-17
5443.293 6.970e-17
5444.170 6.971e-17
5445.047 6.971e-17
5445.923 6.974e-17
5446.800 6.977e-17
5447.677 6.985e-17
5448.553 6.993e-17
5449.430 7.000e-17
5450.307 7.009e-17
5451.183 7.017e-17
5452.060 7.026e-17
5452.937 7.034e-17
5453.813 7.042e-17
5454.690 7.048e-17
5455.567 7.058e-17
5456.443 7.066e-17
5457.320 7.060e-17
5458.197 7.056e-17
5459.073 7.049e-17
5459.950 7.044e-17
5460.827 7.038e-17
5461.703 7.034e-17
5462.580 7.028e-17
5463.457 7.019e-17
5464.333 7.014e-17
5465.210 7.009e-17
5466.087 7.006e-17
5466.963 6.996e-17
5467.840 6.983e-17
5468.717 6.970e-17
5469.593 6.957e-17
5470.470 6.942e-17
5471.347 6.930e-17
5472.223 6.918e-17
5473.100 6.905e-17
5473.977 6.892e-17
5474.853 6.878e-17
5475.730 6.866e-17
5476.607 6.855e-17
5477.483 6.866e-17
5478.360 6.874e-17
5479.237 6.881e-17
5480.113 6.897e-17
5480.990 6.908e-17
5481.867 6.916e-17
5482.743 6.928e-17
5483.620 6.939e-17
5484.497 6.950e-17
5485.373 6.960e-17
5486.250 6.971e-17
5487.127 6.982e-17
5488.003 6.992e-17
5488.880 7.004e-17
5489.757 7.015e-17
5490.633 7.026e-17
5491.510 7.030e-17
5492.387 7.037e-17
5493.263 7.041e-17
5494.140 7.045e-17
5495.017 7.049e-17
5495.893 7.052e-17
5496.770 7.050e-17
5497.647 7.034e-17
5498.523 7.017e-17
5499.400 7.001e-17
5500.277 6.985e-17
5501.153 6.970e-17
5502.030 6.955e-17
5502.907 6.939e-17
5503.783 6.925e-17
5504.660 6.910e-17
5505.537 6.895e-17
5506.413 6.880e-17
5507.290 6.877e-17
5508.167 6.874e-17
5509.043 6.872e-17
5509.920 6.870e-17
5510.797 6.868e-17
5511.673 6.866e-17
5512.550 6.864e-17
5513.427 6.862e-17
5514.303 6.860e-17
5515.180 6.857e-17
5516.057 6.855e-17
5516.933 6.848e-17
5517.810 6.836e-17
5518.687 6.823e-17
5519.563 6.811e-17
5520.440 6.799e-17
5521.317 6.786e-17
5522.193 6.774e-17
5523.070 6.761e-17
5523.947 6.749e-17
5524.823 6.737e-17
5525.700 6.724e-17
5526.577 6.713e-17
5527.453 6.720e-17
5528.330 6.726e-17
5529.207 6.732e-17
5530.083 6.738e-17
5530.960 6.743e-17
5531.837 6.749e-17
5532.713 6.755e-17
5533.590 6.761e-17
5534.467 6.767e-17
5535.343 6.773e-17
5536.220 6.779e-17
5537.097 6.781e-17
5537.973 6.781e-17
5538.850 6.785e-17
5539.727 6.788e-17
5540.603 6.792e-17
5541.480 6.796e-17
5542.357 6.800e-17
5543.233 6.804e-17
5544.110 6.808e-17
5544.987 7.429e-17
5545.863 6.816e-17
5546.740 6.818e-17
5547.617 6.817e-17
5548.493 6.816e-17
5549.370 6.814e-17
5550.247 6.813e-17
5551.123 6.812e-17
5552.000 6.811e-17
5552.877 6.809e-17
5553.753 6.808e-17
5554.630 6.807e-17
5555.507 6.806e-17
5556.383 6.804e-17
5557.260 6.784e-17
5558.137 6.760e-17
5559.013 6.737e-17
5559.890 6.713e-17
5560.767 6.689e-17
5561.643 6.666e-17
5562.520 6.642e-17
5563.397 6.619e-17
5564.273 6.595e-17
5565.150 6.572e-17
5566.027 6.548e-17
5566.903 6.539e-17
5567.780 6.545e-17
5568.657 6.551e-17
5569.533 6.558e-17
5570.410 6.564e-17
5571.287 6.570e-17
5572.163 6.576e-17
5573.040 6.583e-17
5573.917 6.589e-17
5574.793 6.596e-17
5575.670 6.602e-17
5576.547 6.607e-17
5577.423 6.588e-17
5578.300 6.570e-17
5579.177 6.551e-17
5580.053 6.533e-17
5580.930 6.514e-17
5581.807 6.496e-17
5582.683 6.477e-17
5583.560 6.458e-17
5584.437 6.440e-17
5585.313 6.421e-17
5586.190 6.403e-17
5587.067 6.399e-17
5587.943 6.404e-17
5588.820 6.409e-17
5589.697 6.414e-17
5590.573 6.419e-17
5591.450 6.425e-17
5592.327 6.430e-17
5593.203 6.435e-17
5594.080 6.440e-17
5594.957 6.444e-17
5595.833 6.449e-17
5596.710 6.456e-17
5597.587 6.465e-17
5598.463 6.474e-17
5599.340 9.324e-17
5600.217 6.492e-17
5601.093 6.500e-17
5601.970 6.509e-17
5602.847 6.518e-17
5603.723 6.527e-17
5604.600 6.536e-17
5605.477 6.545e-17
5606.353 6.554e-17
5607.230 6.552e-17
5608.107 6.545e-17
5608.983 6.538e-17
5609.860 6.531e-17
5610.737 6.524e-17
5611.613 6.518e-17
5612.490 6.511e-17
5613.367 6.504e-17
5614.243 6.497e-17
5615.120 6.490e-17
5615.997 6.484e-17
5616.873 6.481e-17
5617.750 6.487e-17
5618.627 6.493e-17
5619.503 6.500e-17
5620.380 6.506e-17
5621.257 6.512e-17
5622.133 6.519e-17
5623.010 6.525e-17
5623.887 6.531e-17
5624.763 6.538e-17
5625.640 6.544e-17
5626.517 6.550e-17
5627.393 6.553e-17
5628.270 6.555e-17
5629.147 6.556e-17
5630.023 6.559e-17
5630.900 6.560e-17
5631.777 6.562e-17
5632.653 6.564e-17
5633.530 6.566e-17
5634.407 6.568e-17
5635.283 6.570e-17
5636.160 6.572e-17
5637.037 6.572e-17
5637.913 6.568e-17
5638.790 6.565e-17
5639.667 6.561e-17
5640.543 6.558e-17
5641.420 6.555e-17
5642.297 6.551e-17
5643.173 6.548e-17
5644.050 6.545e-17
5644.927 6.541e-17
5645.803 6.538e-17
5646.680 6.779e-17
5647.557 6.516e-17
5648.433 6.499e-17
5649.310 6.481e-17
5650.187 6.463e-17
5651.063 6.446e-17
5651.940 6.428e-17
5652.817 6.411e-17
5653.693 6.393e-17
5654.570 6.376e-17
5655.447 6.358e-17
5656.323 6.341e-17
5657.200 6.341e-17
5658.077 6.348e-17
5658.953 6.356e-17
5659.830 6.364e-17
5660.707 6.372e-17
5661.583 6.379e-17
5662.460 6.387e-17
5663.337 6.395e-17
5664.213 6.402e-17
5665.090 6.410e-17
5665.967 6.417e-17
5666.843 6.427e-17
5667.720 6.443e-17
5668.597 6.458e-17
5669.473 6.473e-17
5670.350 6.489e-17
5671.227 6.805e-17
5672.103 6.519e-17
5672.980 6.534e-17
5673.857 6.550e-17
5674.733 6.565e-17
5675.610 6.578e-17
5676.487 6.596e-17
5677.363 6.577e-17
5678.240 6.553e-17
5679.117 6.530e-17
5679.993 6.506e-17
5680.870 6.483e-17
5681.747 6.459e-17
5682.623 6.435e-17
5683.500 6.411e-17
5684.377 6.380e-17
5685.253 6.362e-17
5686.130 6.340e-17
5687.007 6.309e-17
5687.883 6.344e-17
5688.760 6.360e-17
5689.637 6.373e-17
5690.513 6.385e-17
5691.390 6.397e-17
5692.267 6.410e-17
5693.143 6.424e-17
5694.020 6.375e-17
5694.897 6.450e-17
5695.773 6.454e-17
5696.650 6.473e-17
5697.527 6.420e-17
5698.403 6.722e-17
5699.280 6.389e-17
5700.157 6.360e-17
5701.033 6.332e-17
5701.910 6.307e-17
5702.787 6.280e-17
5703.663 6.253e-17
5704.540 6.225e-17
5705.417 6.198e-17
5706.293 6.171e-17
5707.170 6.170e-17
5708.047 6.183e-17
5708.923 6.198e-17
5709.800 6.212e-17
5710.677 6.226e-17
5711.553 6.240e-17
5712.430 6.250e-17
5713.307 6.267e-17
5714.183 6.280e-17
5715.060 6.295e-17
5715.937 6.309e-17
5716.813 6.324e-17
5717.690 6.342e-17
5718.567 6.359e-17
5719.443 6.377e-17
5720.320 6.396e-17
5721.197 6.375e-17
5722.073 6.412e-17
5722.950 6.450e-17
5723.827 6.464e-17
5724.703 6.486e-17
5725.580 6.502e-17
5726.457 6.523e-17
5727.333 6.521e-17
5728.210 6.512e-17
5729.087 6.509e-17
5729.963 6.501e-17
5730.840 6.496e-17
5731.717 6.488e-17
5732.593 6.485e-17
5733.470 6.479e-17
5734.347 6.473e-17
5735.223 6.465e-17
5736.100 6.461e-17
5736.977 6.456e-17
5737.853 6.453e-17
5738.730 6.448e-17
5739.607 6.444e-17
5740.483 6.441e-17
5741.360 6.437e-17
5742.237 6.434e-17
5743.113 6.430e-17
5743.990 6.425e-17
5744.867 6.422e-17
5745.743 6.418e-17
5746.620 6.407e-17
5747.497 6.398e-17
5748.373 6.391e-17
5749.250 6.378e-17
5750.127 6.369e-17
5751.003 6.356e-17
5751.880 6.345e-17
5752.757 6.334e-17
5753.633 6.322e-17
5754.510 6.296e-17
5755.387 6.298e-17
5756.263 6.286e-17
5757.140 6.283e-17
5758.017 6.288e-17
5758.893 6.290e-17
5759.770 6.294e-17
5760.647 6.296e-17
5761.523 6.301e-17
5762.400 6.304e-17
5763.277 6.304e-17
5764.153 6.310e-17
5765.030 6.304e-17
5765.907 6.318e-17
5766.783 6.321e-17
5767.660 6.323e-17
5768.537 6.324e-17
5769.413 6.327e-17
5770.290 6.329e-17
5771.167 6.331e-17
5772.043 6.333e-17
5772.920 6.332e-17
5773.797 6.337e-17
5774.673 6.338e-17
5775.550 6.342e-17
5776.427 6.344e-17
5777.303 6.327e-17
5778.180 6.306e-17
5779.057 6.284e-17
5779.933 6.263e-17
5780.810 6.242e-17
5781.687 6.219e-17
5782.563 6.199e-17
5783.440 6.176e-17
5784.317 6.157e-17
5785.193 6.136e-17
5786.070 6.115e-17
5786.947 6.107e-17
5787.823 6.119e-17
5788.700 6.129e-17
5789.577 6.143e-17
5790.453 6.155e-17
5791.330 6.167e-17
5792.207 6.180e-17
5793.083 6.193e-17
5793.960 6.206e-17
5794.837 6.218e-17
5795.713 6.231e-17
5796.590 6.244e-17
5797.467 6.247e-17
5798.343 6.250e-17
5799.220 6.253e-17
5800.097 6.254e-17
5800.973 6.259e-17
5801.850 6.262e-17
5802.727 6.265e-17
5803.603 6.268e-17
5804.480 6.270e-17
5805.357 6.274e-17
5806.233 6.277e-17
5807.110 6.280e-17
5807.987 6.285e-17
5808.863 6.289e-17
5809.740 6.294e-17
5810.617 6.298e-17
5811.493 6.302e-17
5812.370 6.306e-17
5813.247 6.310e-17
5814.123 6.314e-17
5815.000 6.318e-17
5815.877 6.322e-17
5816.753 6.327e-17
5817.630 6.332e-17
5818.507 6.338e-17
5819.383 6.343e-17
5820.260 6.349e-17
5821.137 6.354e-17
5822.013 6.360e-17
5822.890 6.365e-17
5823.767 6.370e-17
5824.643 6.375e-17
5825.520 6.381e-17
5826.397 6.386e-17
5827.273 6.383e-17
5828.150 6.378e-17
5829.027 6.373e-17
5829.903 6.366e-17
5830.780 6.364e-17
5831.657 6.358e-17
5832.533 6.353e-17
5833.410 6.348e-17
5834.287 6.343e-17
5835.163 6.339e-17
5836.040 6.334e-17
5836.917 6.330e-17
5837.793 6.331e-17
5838.670 6.331e-17
5839.547 6.331e-17
5840.423 6.331e-17
5841.300 6.331e-17
5842.177 6.332e-17
5843.053 6.332e-17
5843.930 6.332e-17
5844.807 6.332e-17
5845.683 6.332e-17
5846.560 6.332e-17
5847.437 6.311e-17
5848.313 6.289e-17
5849.190 6.266e-17
5850.067 6.244e-17
5850.943 6.222e-17
5851.820 6.200e-17
5852.697 6.176e-17
5853.573 6.155e-17
5854.450 6.133e-17
5855.327 6.111e-17
5856.203 6.084e-17
5857.080 6.085e-17
5857.957 6.097e-17
5858.833 6.109e-17
5859.710 6.122e-17
5860.587 6.132e-17
5861.463 6.145e-17
5862.340 6.158e-17
5863.217 6.156e-17
5864.093 6.182e-17
5864.970 6.194e-17
5865.847 6.206e-17
5866.723 6.217e-17
5867.600 8.933e-17
5868.477 6.225e-17
5869.353 6.228e-17
5870.230 6.231e-17
5871.107 8.378e-17
5871.983 6.239e-17
5872.860 6.235e-17
5873.737 6.247e-17
5874.613 6.252e-17
5875.490 6.254e-17
5876.367 6.259e-17
5877.243 6.212e-17
5878.120 6.189e-17
5878.997 6.170e-17
5879.873 6.154e-17
5880.750 6.120e-17
5881.627 6.085e-17
5882.503 6.039e-17
5883.380 6.027e-17
5884.257 6.008e-17
5885.133 5.982e-17
5886.010 5.952e-17
5886.887 5.922e-17
5887.763 5.874e-17
5888.640 5.839e-17
5889.517 5.781e-17
5890.393 5.733e-17
5891.270 5.532e-17
5892.147 5.683e-17
5893.023 5.638e-17
5893.900 5.594e-17
5894.777 5.556e-17
5895.653 5.528e-17
5896.530 5.466e-17
5897.407 5.536e-17
5898.283 5.581e-17
5899.160 5.617e-17
5900.037 5.680e-17
5900.913 5.751e-17
5901.790 5.782e-17
5902.667 5.859e-17
5903.543 5.914e-17
5904.420 5.964e-17
5905.297 6.107e-17
5906.173 6.080e-17
5907.050 6.081e-17
5907.927 6.083e-17
5908.803 6.079e-17
5909.680 6.069e-17
5910.557 6.035e-17
5911.433 6.058e-17
5912.310 6.007e-17
5913.187 6.041e-17
5914.063 6.032e-17
5914.940 6.024e-17
5915.817 5.930e-17
5916.693 6.003e-17
5917.570 6.008e-17
5918.447 6.012e-17
5919.323 6.021e-17
5920.200 6.005e-17
5921.077 6.021e-17
5921.953 6.032e-17
5922.830 6.023e-17
5923.707 6.038e-17
5924.583 6.046e-17
5925.460 5.900e-17
5926.337 1.195e-16
5927.213 6.052e-17
5928.090 6.048e-17
5928.967 6.044e-17
5929.843 6.011e-17
5930.720 6.013e-17
5931.597 6.029e-17
5932.473 6.023e-17
5933.350 6.018e-17
5934.227 6.009e-17
5935.103 6.007e-17
5935.980 6.003e-17
5936.857 5.980e-17
5937.733 5.990e-17
5938.610 5.982e-17
5939.487 5.971e-17
5940.363 5.965e-17
5941.240 5.959e-17
5942.117 5.892e-17
5942.993 5.933e-17
5943.870 5.916e-17
5944.747 5.926e-17
5945.623 5.918e-17
5946.500 5.903e-17
5947.377 5.882e-17
5948.253 5.899e-17
5949.130 5.904e-17
5950.007 5.911e-17
5950.883 5.830e-17
5951.760 5.899e-17
5952.637 5.889e-17
5953.513 5.916e-17
5954.390 5.914e-17
5955.267 5.917e-17
5956.143 5.917e-17
5957.020 5.920e-17
5957.897 5.918e-17
5958.773 5.924e-17
5959.650 5.918e-17
5960.527 5.929e-17
5961.403 5.940e-17
5962.280 5.946e-17
5963.157 5.941e-17
5964.033 5.946e-17
5964.910 5.960e-17
5965.787 5.965e-17
5966.663 5.960e-17
5967.540 5.954e-17
5968.417 5.939e-17
5969.293 5.914e-17
5970.170 5.929e-17
5971.047 5.925e-17
5971.923 1.226e-16
5972.800 5.906e-17
5973.677 5.901e-17
5974.553 5.893e-17
5975.430 5.884e-17
5976.307 5.876e-17
5977.183 5.867e-17
5978.060 5.856e-17
5978.937 5.846e-17
5979.813 5.837e-17
5980.690 5.832e-17
5981.567 5.828e-17
5982.443 5.817e-17
5983.320 5.805e-17
5984.197 5.805e-17
5985.073 5.796e-17
5985.950 5.779e-17
5986.827 5.757e-17
5987.703 5.786e-17
5988.580 5.785e-17
5989.457 5.792e-17
5990.333 5.790e-17
5991.210 5.796e-17
5992.087 5.795e-17
5992.963 5.804e-17
5993.840 5.805e-17
5994.717 5.795e-17
5995.593 5.802e-17
5996.470 5.815e-17
5997.347 5.810e-17
5998.223 5.798e-17
5999.100 5.783e-17
5999.977 5.779e-17
6000.853 5.773e-17
6001.730 5.761e-17
6002.607 5.755e-17
6003.483 5.747e-17
6004.360 5.730e-17
6005.237 5.729e-17
6006.113 5.720e-17
6006.990 5.715e-17
6007.867 5.716e-17
6008.743 5.714e-17
6009.620 5.716e-17
6010.497 5.717e-17
6011.373 5.717e-17
6012.250 5.718e-17
6013.127 5.715e-17
6014.003 5.718e-17
6014.880 5.719e-17
6015.757 5.719e-17
6016.633 5.718e-17
6017.510 5.689e-17
6018.387 5.702e-17
6019.263 5.692e-17
6020.140 5.683e-17
6021.017 5.674e-17
6021.893 5.665e-17
6022.770 5.655e-17
6023.647 5.646e-17
6024.523 5.637e-17
6025.400 5.627e-17
6026.277 5.618e-17
6027.153 5.623e-17
6028.030 5.637e-17
6028.907 5.658e-17
6029.783 5.675e-17
6030.660 5.693e-17
6031.537 5.711e-17
6032.413 5.729e-17
6033.290 5.747e-17
6034.167 5.764e-17
6035.043 5.782e-17
6035.920 6.676e-17
6036.797 5.815e-17
6037.673 5.811e-17
6038.550 5.808e-17
6039.427 5.804e-17
6040.303 5.801e-17
6041.180 5.797e-17
6042.057 5.794e-17
6042.933 5.790e-17
6043.810 5.787e-17
6044.687 5.783e-17
6045.563 5.779e-17
6046.440 5.776e-17
6047.317 5.772e-17
6048.193 5.768e-17
6049.070 5.764e-17
6049.947 5.759e-17
6050.823 5.755e-17
6051.700 5.751e-17
6052.577 5.747e-17
6053.453 5.743e-17
6054.330 5.739e-17
6055.207 5.735e-17
6056.083 5.731e-17
6056.960 5.728e-17
6057.837 5.726e-17
6058.713 5.725e-17
6059.590 5.723e-17
6060.467 5.721e-17
6061.343 5.720e-17
6062.220 5.718e-17
6063.097 5.717e-17
6063.973 5.715e-17
6064.850 5.714e-17
6065.727 5.712e-17
6066.603 5.710e-17
6067.480 5.709e-17
6068.357 5.708e-17
6069.233 5.707e-17
6070.110 5.706e-17
6070.987 5.705e-17
6071.863 5.704e-17
6072.740 5.703e-17
6073.617 5.702e-17
6074.493 5.701e-17
6075.370 5.700e-17
6076.247 5.699e-17
6077.123 5.697e-17
6078.000 5.692e-17
6078.877 5.688e-17
6079.753 5.683e-17
6080.630 5.679e-17
6081.507 5.674e-17
6082.383 5.669e-17
6083.260 5.665e-17
6084.137 5.660e-17
6085.013 5.656e-17
6085.890 5.651e-17
6086.767 5.647e-17
6087.643 5.646e-17
6088.520 5.646e-17
6089.397 5.646e-17
6090.273 5.645e-17
6091.150 5.645e-17
6092.027 5.645e-17
6092.903 5.644e-17
6093.780 5.644e-17
6094.657 5.644e-17
6095.533 5.643e-17
6096.410 5.643e-17
6097.287 5.635e-17
6098.163 5.624e-17
6099.040 5.612e-17
6099.917 5.601e-17
6100.793 5.589e-17
6101.670 5.578e-17
6102.547 5.567e-17
6103.423 5.555e-17
6104.300 5.544e-17
6105.177 5.533e-17
6106.053 5.521e-17
6106.930 5.515e-17
6107.807 5.526e-17
6108.683 5.537e-17
6109.560 5.547e-17
6110.437 5.558e-17
6111.313 5.569e-17
6112.190 5.580e-17
6113.067 5.590e-17
6113.943 5.601e-17
6114.820 5.612e-17
6115.697 5.622e-17
6116.573 5.633e-17
6117.450 5.625e-17
6118.327 5.613e-17
6119.203 5.602e-17
6120.080 5.590e-17
6120.957 5.579e-17
6121.833 5.567e-17
6122.710 5.556e-17
6123.587 5.544e-17
6124.463 5.533e-17
6125.340 5.521e-17
6126.217 5.510e-17
6127.093 5.501e-17
6127.970 5.494e-17
6128.847 5.488e-17
6129.723 5.481e-17
6130.600 5.475e-17
6131.477 5.468e-17
6132.353 5.461e-17
6133.230 5.455e-17
6134.107 5.448e-17
6134.983 5.442e-17
6135.860 5.435e-17
6136.737 5.429e-17
6137.613 5.437e-17
6138.490 6.721e-17
6139.367 5.451e-17
6140.243 5.458e-17
6141.120 8.202e-17
6141.997 5.473e-17
6142.873 5.480e-17
6143.750 5.487e-17
6144.627 5.494e-17
6145.503 5.501e-17
6146.380 5.508e-17
6147.257 5.510e-17
6148.133 5.509e-17
6149.010 5.509e-17
6149.887 5.508e-17
6150.763 5.507e-17
6151.640 5.506e-17
6152.517 5.506e-17
6153.393 5.505e-17
6154.270 5.504e-17
6155.147 5.503e-17
6156.023 5.502e-17
6156.900 5.495e-17
6157.777 5.471e-17
6158.653 5.439e-17
6159.530 5.411e-17
6160.407 5.383e-17
6161.283 5.355e-17
6162.160 5.327e-17
6163.037 5.299e-17
6163.913 5.271e-17
6164.790 5.243e-17
6165.667 5.215e-17
6166.543 5.187e-17
6167.420 5.202e-17
6168.297 5.227e-17
6169.173 5.252e-17
6170.050 5.277e-17
6170.927 5.301e-17
6171.803 5.326e-17
6172.680 5.351e-17
6173.557 5.376e-17
6174.433 5.401e-17
6175.310 5.426e-17
6176.187 5.450e-17
6177.063 5.466e-17
6177.940 7.287e-17
6178.817 5.473e-17
6179.693 5.477e-17
6180.570 5.481e-17
6181.447 5.484e-17
6182.323 5.488e-17
6183.200 5.491e-17
6184.077 5.495e-17
6184.953 5.498e-17
6185.830 5.502e-17
6186.707 5.505e-17
6187.583 5.500e-17
6188.460 5.494e-17
6189.337 5.489e-17
6190.213 5.483e-17
6191.090 5.478e-17
6191.967 5.473e-17
6192.843 5.467e-17
6193.720 5.462e-17
6194.597 7.968e-17
6195.473 5.451e-17
6196.350 5.445e-17
6197.227 5.447e-17
6198.103 5.453e-17
6198.980 5.459e-17
6199.857 5.465e-17
6200.733 5.471e-17
6201.610 5.477e-17
6202.487 5.483e-17
6203.363 5.489e-17
6204.240 5.495e-17
6205.117 5.501e-17
6205.993 5.507e-17
6206.870 5.509e-17
6207.747 5.497e-17
6208.623 5.484e-17
6209.500 5.472e-17
6210.377 5.459e-17
6211.253 5.447e-17
6212.130 5.434e-17
6213.007 5.422e-17
6213.883 5.409e-17
6214.760 8.583e-17
6215.637 5.384e-17
6216.513 5.372e-17
6217.390 5.373e-17
6218.267 5.378e-17
6219.143 5.383e-17
6220.020 5.387e-17
6220.897 5.392e-17
6221.773 5.397e-17
6222.650 5.402e-17
6223.527 1.682e-16
6224.403 5.411e-17
6225.280 5.416e-17
6226.157 5.421e-17
6227.033 5.419e-17
6227.910 5.406e-17
6228.787 5.392e-17
6229.663 5.379e-17
6230.540 5.365e-17
6231.417 5.352e-17
6232.293 5.339e-17
6233.170 5.326e-17
6234.047 5.312e-17
6234.923 5.299e-17
6235.800 5.286e-17
6236.677 5.273e-17
6237.553 5.269e-17
6238.430 5.265e-17
6239.307 5.261e-17
6240.183 5.257e-17
6241.060 5.254e-17
6241.937 1.278e-16
6242.813 5.246e-17
6243.690 5.242e-17
6244.567 5.239e-17
6245.443 1.625e-16
6246.320 5.231e-17
6247.197 5.225e-17
6248.073 5.217e-17
6248.950 5.210e-17
6249.827 5.203e-17
6250.703 5.196e-17
6251.580 5.189e-17
6252.457 5.181e-17
6253.333 5.174e-17
6254.210 5.167e-17
6255.087 5.160e-17
6255.963 5.152e-17
6256.840 5.149e-17
6257.717 5.164e-17
6258.593 5.240e-17
6259.470 5.196e-17
6260.347 5.210e-17
6261.223 5.227e-17
6262.100 5.242e-17
6262.977 5.258e-17
6263.853 5.273e-17
6264.730 5.289e-17
6265.607 5.305e-17
6266.483 5.320e-17
6267.360 5.323e-17
6268.237 5.322e-17
6269.113 5.321e-17
6269.990 6.494e-17
6270.867 5.318e-17
6271.743 5.318e-17
6272.620 5.317e-17
6273.497 5.315e-17
6274.373 5.309e-17
6275.250 5.313e-17
6276.127 5.312e-17
6277.003 5.288e-17
6277.880 5.310e-17
6278.757 5.276e-17
6279.633 5.271e-17
6280.510 5.268e-17
6281.387 5.300e-17
6282.263 5.272e-17
6283.140 5.297e-17
6284.017 5.299e-17
6284.893 5.301e-17
6285.770 5.298e-17
6286.647 5.296e-17
6287.523 5.238e-17
6288.400 5.288e-17
6289.277 5.278e-17
6290.153 5.276e-17
6291.030 5.232e-17
6291.907 4.939e-17
6292.783 5.257e-17
6293.660 5.247e-17
6294.537 5.229e-17
6295.413 5.240e-17
6296.290 5.230e-17
6297.167 5.222e-17
6298.043 5.635e-17
6298.920 5.201e-17
6299.797 5.204e-17
6300.673 5.194e-17
6301.550 5.190e-17
6302.427 5.183e-17
6303.303 5.175e-17
6304.180 5.166e-17
6305.057 5.161e-17
6305.933 5.154e-17
6306.810 5.146e-17
6307.687 5.124e-17
6308.563 5.129e-17
6309.440 5.125e-17
6310.317 5.967e-17
6311.193 5.099e-17
6312.070 5.105e-17
6312.947 5.107e-17
6313.823 5.108e-17
6314.700 5.106e-17
6315.577 5.109e-17
6316.453 5.109e-17
6317.330 5.111e-17
6318.207 5.109e-17
6319.083 5.107e-17
6319.960 5.114e-17
6320.837 5.113e-17
6321.713 5.086e-17
6322.590 5.116e-17
6323.467 5.117e-17
6324.343 5.115e-17
6325.220 5.118e-17
6326.097 5.117e-17
6326.973 5.120e-17
6327.850 5.120e-17
6328.727 5.122e-17
6329.603 5.123e-17
6330.480 5.120e-17
6331.357 5.079e-17
6332.233 5.126e-17
6333.110 5.125e-17
6333.987 5.124e-17
6334.863 5.124e-17
6335.740 5.126e-17
6336.617 5.126e-17
6337.493 5.126e-17
6338.370 5.126e-17
6339.247 5.125e-17
6340.123 5.126e-17
6341.000 5.126e-17
6341.877 5.117e-17
6342.753 5.126e-17
6343.630 5.126e-17
6344.507 5.126e-17
6345.383 5.127e-17
6346.260 5.127e-17
6347.137 5.127e-17
6348.013 5.127e-17
6348.890 5.124e-17
6349.767 5.127e-17
6350.643 5.127e-17
6351.520 5.127e-17
6352.397 5.120e-17
6353.273 5.122e-17
6354.150 5.124e-17
6355.027 5.125e-17
6355.903 5.124e-17
6356.780 5.123e-17
6357.657 5.122e-17
6358.533 5.121e-17
6359.410 5.120e-17
6360.287 5.119e-17
6361.163 5.113e-17
6362.040 5.118e-17
6362.917 5.111e-17
6363.793 5.116e-17
6364.670 5.115e-17
6365.547 2.816e-15
6366.423 5.114e-17
6367.300 5.113e-17
6368.177 5.112e-17
6369.053 5.111e-17
6369.930 5.110e-17
6370.807 5.109e-17
6371.683 5.109e-17
6372.560 5.108e-17
6373.437 5.105e-17
6374.313 5.106e-17
6375.190 5.103e-17
6376.067 5.104e-17
6376.943 5.101e-17
6377.820 5.102e-17
6378.697 5.101e-17
6379.573 5.100e-17
6380.450 5.099e-17
6381.327 5.098e-17
6382.203 5.097e-17
6383.080 5.095e-17
6383.957 5.094e-17
6384.833 5.093e-17
6385.710 5.092e-17
6386.587 5.091e-17
6387.463 5.090e-17
6388.340 7.030e-17
6389.217 5.087e-17
6390.093 5.087e-17
6390.970 5.086e-17
6391.847 5.085e-17
6392.723 5.079e-17
6393.600 5.074e-17
6394.477 5.068e-17
6395.353 5.064e-17
6396.230 5.056e-17
6397.107 5.053e-17
6397.983 5.048e-17
6398.860 5.042e-17
6399.737 5.037e-17
6400.613 5.030e-17
6401.490 5.026e-17
6402.367 5.019e-17
6403.243 5.015e-17
6404.120 5.010e-17
6404.997 5.004e-17
6405.873 4.997e-17
6406.750 4.993e-17
6407.627 4.988e-17
6408.503 4.982e-17
6409.380 4.976e-17
6410.257 4.971e-17
6411.133 4.966e-17
6412.010 4.962e-17
6412.887 4.961e-17
6413.763 4.962e-17
6414.640 4.961e-17
6415.517 8.141e-17
6416.393 4.962e-17
6417.270 4.963e-17
6418.147 4.962e-17
6419.023 4.963e-17
6419.900 4.962e-17
6420.777 4.963e-17
6421.653 4.962e-17
6422.530 4.962e-17
6423.407 4.963e-17
6424.283 4.964e-17
6425.160 4.963e-17
6426.037 4.964e-17
6426.913 4.964e-17
6427.790 4.964e-17
6428.667 4.964e-17
6429.543 4.964e-17
6430.420 4.965e-17
6431.297 4.962e-17
6432.173 4.963e-17
6433.050 4.964e-17
6433.927 4.965e-17
6434.803 4.958e-17
6435.680 4.964e-17
6436.557 4.964e-17
6437.433 4.965e-17
6438.310 4.965e-17
6439.187 4.965e-17
6440.063 4.964e-17
6440.940 4.964e-17
6441.817 4.964e-17
6442.693 4.964e-17
6443.570 4.964e-17
6444.447 4.964e-17
6445.323 4.957e-17
6446.200 4.961e-17
6447.077 4.960e-17
6447.953 4.964e-17
6448.830 4.962e-17
6449.707 4.938e-17
6450.583 4.964e-17
6451.460 4.960e-17
6452.337 4.961e-17
6453.213 4.952e-17
6454.090 4.953e-17
6454.967 4.945e-17
6455.843 4.936e-17
6456.720 4.941e-17
6457.597 4.938e-17
6458.473 4.934e-17
6459.350 4.930e-17
6460.227 4.926e-17
6461.103 4.922e-17
6461.980 4.904e-17
6462.857 4.914e-17
6463.733 4.897e-17
6464.610 4.907e-17
6465.487 4.898e-17
6466.363 4.896e-17
6467.240 4.892e-17
6468.117 4.872e-17
6468.993 4.887e-17
6469.870 4.881e-17
6470.747 4.879e-17
6471.623 4.872e-17
6472.500 4.870e-17
6473.377 4.864e-17
6474.253 4.744e-17
6475.130 4.845e-17
6476.007 4.841e-17
6476.883 4.732e-17
6477.760 4.815e-17
6478.637 4.822e-17
6479.513 4.816e-17
6480.390 4.811e-17
6481.267 4.764e-17
6482.143 4.795e-17
6483.020 4.791e-17
6483.897 4.785e-17
6484.773 4.775e-17
6485.650 4.713e-17
6486.527 4.749e-17
6487.403 4.738e-17
6488.280 4.749e-17
6489.157 4.730e-17
6490.033 4.738e-17
6490.910 4.658e-17
6491.787 4.727e-17
6492.663 4.664e-17
6493.540 4.737e-17
6494.417 4.739e-17
6495.293 4.745e-17
6496.170 4.801e-17
6497.047 4.756e-17
6497.923 4.757e-17
6498.800 4.767e-17
6499.677 4.771e-17
6500.553 4.302e-16
6501.430 4.783e-17
6502.307 4.788e-17
6503.183 4.791e-17
6504.060 4.799e-17
6504.937 4.804e-17
6505.813 4.808e-17
6506.690 4.816e-17
6507.567 4.821e-17
6508.443 4.827e-17
6509.320 4.830e-17
6510.197 4.834e-17
6511.073 4.843e-17
6511.950 4.847e-17
6512.827 4.846e-17
6513.703 4.832e-17
6514.580 4.843e-17
6515.457 4.826e-17
6516.333 4.832e-17
6517.210 4.838e-17
6518.087 4.830e-17
6518.963 4.799e-17
6519.840 4.772e-17
6520.717 4.831e-17
6521.593 4.831e-17
6522.470 4.829e-17
6523.347 4.830e-17
6524.223 2.101e-16
6525.100 4.801e-17
6525.977 4.824e-17
6526.853 4.825e-17
6527.730 4.822e-17
6528.607 4.822e-17
6529.483 4.818e-17
6530.360 4.819e-17
6531.237 4.818e-17
6532.113 4.813e-17
6532.990 4.805e-17
6533.867 4.794e-17
6534.743 4.904e-17
6535.620 4.775e-17
6536.497 4.756e-17
6537.373 4.761e-17
6538.250 4.752e-17
6539.127 4.742e-17
6540.003 4.734e-17
6540.880 4.726e-17
6541.757 4.718e-17
6542.633 4.992e-17
6543.510 4.700e-17
6544.387 4.690e-17
6545.263 4.681e-17
6546.140 4.672e-17
6547.017 4.665e-17
6547.893 6.175e-17
6548.770 4.646e-17
6549.647 4.632e-17
6550.523 4.592e-17
6551.400 4.621e-17
6552.277 4.607e-17
6553.153 4.589e-17
6554.030 4.568e-17
6554.907 4.550e-17
6555.783 4.530e-17
6556.660 4.513e-17
6557.537 4.494e-17
6558.413 4.476e-17
6559.290 4.456e-17
6560.167 4.438e-17
6561.043 4.420e-17
6561.920 4.401e-17
6562.797 4.379e-17
6563.673 4.363e-17
6564.550 1.234e-16
6565.427 4.318e-17
6566.303 4.306e-17
6567.180 4.289e-17
6568.057 4.271e-17
6568.933 4.252e-17
6569.810 4.233e-17
6570.687 4.351e-17
6571.563 4.196e-17
6572.440 4.197e-17
6573.317 4.223e-17
6574.193 4.244e-17
6575.070 4.265e-17
6575.947 4.285e-17
6576.823 4.292e-17
6577.700 4.325e-17
6578.577 4.345e-17
6579.453 4.365e-17
6580.330 4.384e-17
6581.207 4.404e-17
6582.083 4.422e-17
6582.960 4.443e-17
6583.837 4.462e-17
6584.713 4.483e-17
6585.590 4.906e-17
6586.467 4.522e-17
6587.343 4.542e-17
6588.220 4.554e-17
6589.097 4.582e-17
6589.973 4.602e-17
6590.850 4.622e-17
6591.727 4.641e-17
6592.603 4.645e-17
6593.480 4.647e-17
6594.357 4.649e-17
6595.233 4.646e-17
6596.110 4.646e-17
6596.987 4.656e-17
6597.863 4.657e-17
6598.740 4.659e-17
6599.617 4.663e-17
6600.493 4.664e-17
6601.370 4.665e-17
6602.247 4.666e-17
6603.123 4.671e-17
6604.000 4.656e-17
6604.877 4.676e-17
6605.753 4.679e-17
6606.630 4.678e-17
6607.507 4.681e-17
6608.383 4.685e-17
6609.260 4.687e-17
6610.137 4.689e-17
6611.013 4.691e-17
6611.890 4.691e-17
6612.767 4.690e-17
6613.643 4.682e-17
6614.520 4.685e-17
6615.397 4.683e-17
6616.273 4.680e-17
6617.150 4.678e-17
6618.027 4.675e-17
6618.903 4.673e-17
6619.780 4.670e-17
6620.657 4.666e-17
6621.533 4.665e-17
6622.410 4.663e-17
6623.287 4.660e-17
6624.163 4.658e-17
6625.040 4.655e-17
6625.917 4.653e-17
6626.793 4.650e-17
6627.670 4.648e-17
6628.547 4.645e-17
6629.423 8.221e-17
6630.300 4.640e-17
6631.177 4.638e-17
6632.053 4.636e-17
6632.930 4.635e-17
6633.807 4.636e-17
6634.683 4.636e-17
6635.560 4.636e-17
6636.437 4.636e-17
6637.313 4.636e-17
6638.190 4.636e-17
6639.067 4.637e-17
6639.943 4.637e-17
6640.820 4.637e-17
6641.697 4.637e-17
6642.573 4.637e-17
6643.450 4.637e-17
6644.327 4.637e-17
6645.203 4.637e-17
6646.080 4.637e-17
6646.957 4.637e-17
6647.833 4.637e-17
6648.710 4.637e-17
6649.587 4.637e-17
6650.463 4.637e-17
6651.340 4.637e-17
6652.217 4.635e-17
6653.093 4.630e-17
6653.970 4.625e-17
6654.847 4.621e-17
6655.723 4.616e-17
6656.600 4.612e-17
6657.477 4.607e-17
6658.353 4.602e-17
6659.230 4.598e-17
6660.107 4.593e-17
6660.983 4.589e-17
6661.860 4.584e-17
6662.737 4.580e-17
6663.613 4.704e-17
6664.490 4.571e-17
6665.367 4.566e-17
6666.243 4.562e-17
6667.120 4.557e-17
6667.997 4.552e-17
6668.873 4.548e-17
6669.750 4.943e-17
6670.627 4.539e-17
6671.503 4.534e-17
6672.380 4.533e-17
6673.257 4.532e-17
6674.133 4.532e-17
6675.010 4.532e-17
6675.887 4.532e-17
6676.763 4.531e-17
6677.640 4.532e-17
6678.517 4.531e-17
6679.393 4.531e-17
6680.270 4.531e-17
6681.147 4.531e-17
6682.023 4.531e-17
6682.900 4.531e-17
6683.777 4.530e-17
6684.653 4.530e-17
6685.530 4.526e-17
6686.407 4.530e-17
6687.283 4.530e-17
6688.160 4.529e-17
6689.037 4.529e-17
6689.913 4.529e-17
6690.790 4.529e-17
6691.667 4.529e-17
6692.543 4.524e-17
6693.420 4.519e-17
6694.297 4.514e-17
6695.173 4.509e-17
6696.050 4.504e-17
6696.927 4.499e-17
6697.803 4.494e-17
6698.680 4.489e-17
6699.557 4.483e-17
6700.433 4.478e-17
6701.310 4.473e-17
6702.187 4.468e-17
6703.063 4.463e-17
6703.940 4.458e-17
6704.817 4.453e-17
6705.693 4.448e-17
6706.570 5.015e-17
6707.447 4.438e-17
6708.323 4.433e-17
6709.200 4.428e-17
6710.077 4.423e-17
6710.953 4.418e-17
6711.830 4.412e-17
6712.707 4.411e-17
6713.583 4.410e-17
6714.460 4.410e-17
6715.337 4.409e-17
6716.213 4.408e-17
6717.090 4.407e-17
6717.967 4.406e-17
6718.843 4.488e-17
6719.720 4.404e-17
6720.597 4.403e-17
6721.473 4.402e-17
6722.350 4.401e-17
6723.227 4.400e-17
6724.103 4.400e-17
6724.980 4.399e-17
6725.857 4.398e-17
6726.733 4.397e-17
6727.610 4.396e-17
6728.487 4.395e-17
6729.363 4.394e-17
6730.240 4.393e-17
6731.117 4.392e-17
6731.993 4.750e-17
6732.870 4.388e-17
6733.747 4.386e-17
6734.623 4.383e-17
6735.500 4.380e-17
6736.377 4.377e-17
6737.253 4.374e-17
6738.130 4.372e-17
6739.007 4.369e-17
6739.883 4.366e-17
6740.760 4.363e-17
6741.637 4.360e-17
6742.513 4.357e-17
6743.390 4.355e-17
6744.267 4.352e-17
6745.143 4.349e-17
6746.020 4.398e-17
6746.897 4.343e-17
6747.773 4.341e-17
6748.650 4.338e-17
6749.527 4.335e-17
6750.403 4.332e-17
6751.280 4.330e-17
6752.157 4.327e-17
6753.033 4.326e-17
6753.910 4.324e-17
6754.787 4.322e-17
6755.663 4.321e-17
6756.540 4.319e-17
6757.417 4.317e-17
6758.293 4.316e-17
6759.170 4.314e-17
6760.047 4.313e-17
6760.923 4.311e-17
6761.800 4.309e-17
6762.677 4.308e-17
6763.553 4.306e-17
6764.430 4.304e-17
6765.307 4.303e-17
6766.183 4.301e-17
6767.060 4.300e-17
6767.937 4.298e-17
6768.813 4.296e-17
6769.690 4.295e-17
6770.567 4.293e-17
6771.443 4.291e-17
6772.320 4.289e-17
6773.197 4.287e-17
6774.073 4.284e-17
6774.950 4.282e-17
6775.827 4.279e-17
6776.703 4.277e-17
6777.580 4.274e-17
6778.457 4.271e-17
6779.333 4.269e-17
6780.210 4.266e-17
6781.087 4.264e-17
6781.963 4.261e-17
6782.840 4.259e-17
6783.717 4.256e-17
6784.593 4.254e-17
6785.470 4.251e-17
6786.347 4.248e-17
6787.223 4.246e-17
6788.100 4.243e-17
6788.977 4.241e-17
6789.853 4.238e-17
6790.730 4.236e-17
6791.607 4.233e-17
6792.483 4.231e-17
6793.360 4.229e-17
6794.237 4.227e-17
6795.113 4.225e-17
6795.990 4.222e-17
6796.867 4.220e-17
6797.743 4.218e-17
6798.620 4.216e-17
6799.497 4.214e-17
6800.373 4.212e-17
6801.250 4.210e-17
6802.127 4.208e-17
6803.003 4.206e-17
6803.880 4.204e-17
6804.757 4.201e-17
6805.633 4.198e-17
6806.510 4.197e-17
6807.387 4.195e-17
6808.263 4.193e-17
6809.140 4.191e-17
6810.017 4.189e-17
6810.893 4.187e-17
6811.770 4.185e-17
6812.647 4.182e-17
6813.523 4.179e-17
6814.400 4.176e-17
6815.277 4.173e-17
6816.153 4.170e-17
6817.030 4.167e-17
6817.907 4.165e-17
6818.783 4.159e-17
6819.660 4.159e-17
6820.537 4.156e-17
6821.413 4.153e-17
6822.290 4.150e-17
6823.167 4.147e-17
6824.043 4.144e-17
6824.920 4.140e-17
6825.797 4.138e-17
6826.673 4.136e-17
6827.550 4.132e-17
6828.427 4.130e-17
6829.303 5.660e-17
6830.180 4.124e-17
6831.057 4.120e-17
6831.933 4.118e-17
6832.810 4.114e-17
6833.687 4.110e-17
6834.563 1.111e-16
6835.440 4.101e-17
6836.317 4.381e-16
6837.193 4.094e-17
6838.070 4.090e-17
6838.947 4.085e-17
6839.823 4.081e-17
6840.700 4.077e-17
6841.577 5.028e-17
6842.453 4.069e-17
6843.330 4.065e-17
6844.207 4.059e-17
6845.083 4.057e-17
6845.960 4.053e-17
6846.837 4.049e-17
6847.713 4.044e-17
6848.590 4.040e-17
6849.467 4.036e-17
6850.343 4.032e-17
6851.220 4.028e-17
6852.097 4.025e-17
6852.973 4.025e-17
6853.850 4.025e-17
6854.727 4.025e-17
6855.603 4.025e-17
6856.480 4.025e-17
6857.357 4.025e-17
6858.233 4.025e-17
6859.110 4.025e-17
6859.987 4.024e-17
6860.863 4.025e-17
6861.740 4.025e-17
6862.617 4.024e-17
6863.493 4.024e-17
6864.370 4.024e-17
6865.247 4.024e-17
6866.123 4.020e-17
6867.000 4.506e-17
6867.877 4.016e-17
6868.753 3.994e-17
6869.630 3.819e-17
6870.507 2.371e-17
6871.383 3.789e-17
6872.260 3.864e-17
6873.137 7.073e-18
6874.013 3.085e-17
6874.890 3.238e-17
6875.767 1.921e-17
6876.643 2.343e-17
6877.520 9.415e-18
6878.397 3.698e-17
6879.273 3.830e-17
6880.150 4.278e-17
6881.027 2.635e-17
6881.903 3.006e-17
6882.780 4.257e-17
6883.657 3.988e-17
6884.533 4.681e-17
6885.410 3.936e-17
6886.287 3.974e-17
6887.163 3.930e-17
6888.040 3.882e-17
6888.917 3.755e-17
6889.793 3.953e-17
6890.670 3.553e-17
6891.547 3.688e-17
6892.423 3.928e-17
6893.300 3.947e-17
6894.177 2.312e-17
6895.053 3.253e-17
6895.930 3.927e-17
6896.807 3.904e-17
6897.683 3.734e-17
6898.560 3.729e-17
6899.437 3.887e-17
6900.313 3.937e-17
6901.190 3.919e-17
6902.067 3.679e-17
6902.943 3.488e-17
6903.820 3.925e-17
6904.697 3.928e-17
6905.573 3.895e-17
6906.450 3.815e-17
6907.327 3.867e-17
6908.203 3.919e-17
6909.080 3.918e-17
6909.957 3.901e-17
6910.833 3.872e-17
6911.710 3.877e-17
6912.587 3.898e-17
6913.463 3.890e-17
6914.340 3.909e-17
6915.217 3.527e-17
6916.093 3.293e-17
6916.970 3.907e-17
6917.847 3.906e-17
6918.723 3.905e-17
6919.600 3.895e-17
6920.477 3.888e-17
6921.353 3.888e-17
6922.230 3.897e-17
6923.107 3.897e-17
6923.983 3.894e-17
6924.860 3.883e-17
6925.737 3.874e-17
6926.613 3.921e-17
6927.490 3.878e-17
6928.367 3.885e-17
6929.243 4.430e-17
6930.120 3.886e-17
6930.997 3.780e-17
6931.873 3.819e-17
6932.750 3.871e-17
6933.627 3.836e-17
6934.503 3.877e-17
6935.380 3.797e-17
6936.257 3.790e-17
6937.133 3.438e-17
6938.010 3.855e-17
6938.887 3.852e-17
6939.763 3.836e-17
6940.640 3.859e-17
6941.517 1.202e-16
6942.393 3.824e-17
6943.270 3.818e-17
6944.147 3.695e-17
6945.023 3.847e-17
6945.900 3.824e-17
6946.777 3.842e-17
6947.653 3.841e-17
6948.530 3.708e-17
6949.407 3.347e-17
6950.283 3.831e-17
6951.160 2.191e-16
6952.037 3.827e-17
6952.913 3.820e-17
6953.790 3.820e-17
6954.667 3.819e-17
6955.543 3.674e-17
6956.420 3.845e-17
6957.297 3.803e-17
6958.173 4.145e-17
6959.050 3.799e-17
6959.927 3.795e-17
6960.803 3.791e-17
6961.680 3.776e-17
6962.557 3.764e-17
6963.433 3.772e-17
6964.310 3.782e-17
6965.187 3.779e-17
6966.063 3.774e-17
6966.940 3.750e-17
6967.817 3.769e-17
6968.693 3.762e-17
6969.570 3.753e-17
6970.447 3.759e-17
6971.323 3.756e-17
6972.200 3.752e-17
6973.077 3.740e-17
6973.953 3.756e-17
6974.830 3.753e-17
6975.707 3.753e-17
6976.583 3.750e-17
6977.460 3.753e-17
6978.337 3.752e-17
6979.213 3.745e-17
6980.090 3.752e-17
6980.967 3.750e-17
6981.843 3.751e-17
6982.720 3.751e-17
6983.597 3.746e-17
6984.473 3.963e-17
6985.350 4.126e-17
6986.227 3.749e-17
6987.103 3.748e-17
6987.980 3.747e-17
6988.857 3.745e-17
6989.733 3.702e-17
6990.610 3.741e-17
6991.487 3.747e-17
6992.363 3.657e-17
6993.240 3.739e-17
6994.117 3.735e-17
6994.993 3.727e-17
6995.870 3.707e-17
6996.747 3.717e-17
6997.623 3.714e-17
6998.500 4.178e-17
6999.377 3.704e-17
7000.253 3.693e-17
7001.130 3.672e-17
7002.007 3.688e-17
7002.883 4.374e-17
7003.760 3.687e-17
7004.637 3.668e-17
7005.513 3.669e-17
7006.390 3.620e-17
7007.267 3.885e-17
7008.143 3.620e-17
7009.020 3.645e-17
7009.897 3.643e-17
7010.773 3.639e-17
7011.650 3.627e-17
7012.527 3.623e-17
7013.403 3.616e-17
7014.280 3.626e-17
7015.157 3.629e-17
7016.033 3.625e-17
7016.910 3.601e-17
7017.787 3.586e-17
7018.663 3.617e-17
7019.540 3.624e-17
7020.417 3.626e-17
7021.293 3.561e-17
7022.170 3.613e-17
7023.047 3.623e-17
7023.923 3.623e-17
7024.800 3.620e-17
7025.677 3.613e-17
7026.553 3.619e-17
7027.430 3.621e-17
7028.307 3.568e-17
7029.183 3.604e-17
7030.060 3.612e-17
7030.937 3.600e-17
7031.813 3.617e-17
7032.690 3.614e-17
7033.567 3.621e-17
7034.443 3.623e-17
7035.320 3.626e-17
7036.197 3.627e-17
7037.073 3.629e-17
7037.950 3.627e-17
7038.827 3.633e-17
7039.703 3.629e-17
7040.580 3.633e-17
7041.457 3.631e-17
7042.333 3.642e-17
7043.210 8.178e-17
7044.087 3.648e-17
7044.963 3.651e-17
7045.840 3.652e-17
7046.717 3.651e-17
7047.593 3.658e-17
7048.470 3.657e-17
7049.347 3.639e-17
7050.223 3.655e-17
7051.100 5.034e-17
7051.977 3.668e-17
7052.853 3.562e-17
7053.730 3.657e-17
7054.607 3.627e-17
7055.483 3.653e-17
7056.360 4.103e-17
7057.237 3.656e-17
7058.113 3.651e-17
7058.990 3.558e-17
7059.867 3.649e-17
7060.743 3.644e-17
7061.620 3.637e-17
7062.497 3.616e-17
7063.373 3.628e-17
7064.250 4.243e-17
7065.127 3.636e-17
7066.003 3.632e-17
7066.880 3.629e-17
7067.757 3.624e-17
7068.633 3.627e-17
7069.510 4.651e-17
7070.387 3.625e-17
7071.263 3.623e-17
7072.140 3.621e-17
7073.017 3.619e-17
7073.893 3.598e-17
7074.770 3.614e-17
7075.647 3.606e-17
7076.523 3.609e-17
7077.400 3.605e-17
7078.277 3.605e-17
7079.153 3.601e-17
7080.030 3.593e-17
7080.907 3.592e-17
7081.783 3.589e-17
7082.660 3.595e-17
7083.537 3.593e-17
7084.413 3.630e-17
7085.290 3.589e-17
7086.167 3.586e-17
7087.043 3.582e-17
7087.920 3.578e-17
7088.797 4.266e-17
7089.673 4.353e-17
7090.550 3.567e-17
7091.427 3.572e-17
7092.303 4.369e-17
7093.180 3.554e-17
7094.057 3.571e-17
7094.933 3.568e-17
7095.810 3.569e-17
7096.687 3.569e-17
7097.563 3.557e-17
7098.440 3.566e-17
7099.317 3.564e-17
7100.193 3.568e-17
7101.070 3.566e-17
7101.947 3.564e-17
7102.823 3.564e-17
7103.700 3.565e-17
7104.577 3.566e-17
7105.453 3.565e-17
7106.330 3.561e-17
7107.207 3.559e-17
7108.083 3.536e-17
7108.960 3.559e-17
7109.837 3.563e-17
7110.713 3.563e-17
7111.590 3.561e-17
7112.467 3.559e-17
7113.343 3.553e-17
7114.220 3.558e-17
7115.097 3.555e-17
7115.973 3.549e-17
7116.850 3.553e-17
7117.727 3.545e-17
7118.603 3.549e-17
7119.480 3.547e-17
7120.357 3.520e-17
7121.233 3.539e-17
7122.110 3.542e-17
7122.987 3.541e-17
7123.863 3.538e-17
7124.740 3.524e-17
7125.617 3.535e-17
7126.493 3.533e-17
7127.370 3.529e-17
7128.247 3.530e-17
7129.123 3.528e-17
7130.000 3.518e-17
7130.877 3.523e-17
7131.753 3.522e-17
7132.630 3.521e-17
7133.507 3.519e-17
7134.383 3.519e-17
7135.260 3.765e-17
7136.137 3.495e-17
7137.013 3.512e-17
7137.890 3.514e-17
7138.767 3.512e-17
7139.643 3.507e-17
7140.520 3.510e-17
7141.397 3.507e-17
7142.273 3.470e-17
7143.150 3.949e-17
7144.027 3.497e-17
7144.903 3.464e-17
7145.780 3.502e-17
7146.657 4.487e-17
7147.533 3.531e-17
7148.410 3.494e-17
7149.287 3.495e-17
7150.163 3.495e-17
7151.040 3.495e-17
7151.917 3.574e-17
7152.793 3.473e-17
7153.670 3.486e-17
7154.547 3.484e-17
7155.423 3.483e-17
7156.300 3.485e-17
7157.177 3.479e-17
7158.053 3.479e-17
7158.930 3.477e-17
7159.807 3.474e-17
7160.683 3.420e-17
7161.560 3.470e-17
7162.437 3.469e-17
7163.313 3.469e-17
7164.190 3.459e-17
7165.067 3.461e-17
7165.943 3.452e-17
7166.820 3.440e-17
7167.697 3.415e-17
7168.573 3.441e-17
7169.450 3.403e-17
7170.327 3.447e-17
7171.203 3.609e-17
7172.080 3.221e-17
7172.957 3.402e-17
7173.833 3.416e-17
7174.710 2.767e-17
7175.587 4.648e-17
7176.463 3.429e-17
7177.340 3.403e-17
7178.217 3.305e-17
7179.093 2.869e-17
7179.970 3.409e-17
7180.847 3.408e-17
7181.723 3.411e-17
7182.600 3.411e-17
7183.477 2.454e-17
7184.353 3.380e-17
7185.230 3.400e-17
7186.107 3.626e-17
7186.983 3.343e-17
7187.860 3.361e-17
7188.737 3.349e-17
7189.613 3.307e-17
7190.490 3.379e-17
7191.367 3.462e-17
7192.243 3.376e-17
7193.120 3.338e-17
7193.997 3.311e-17
7194.873 3.368e-17
7195.750 2.449e-17
7196.627 3.368e-17
7197.503 3.370e-17
7198.380 3.365e-17
7199.257 3.081e-17
7200.133 3.351e-17
7201.010 3.367e-17
7201.887 3.640e-17
7202.763 3.676e-17
7203.640 3.329e-17
7204.517 3.356e-17
7205.393 3.369e-17
7206.270 1.846e-17
7207.147 3.367e-17
7208.023 3.338e-17
7208.900 3.358e-17
7209.777 3.359e-17
7210.653 3.375e-17
7211.530 2.787e-17
7212.407 3.353e-17
7213.283 3.315e-17
7214.160 3.364e-17
7215.037 3.381e-17
7215.913 3.374e-17
7216.790 3.380e-17
7217.667 3.379e-17
7218.543 2.863e-17
7219.420 3.383e-17
7220.297 3.378e-17
7221.173 3.382e-17
7222.050 3.383e-17
7222.927 3.391e-17
7223.803 3.394e-17
7224.680 3.392e-17
7225.557 3.273e-17
7226.433 3.393e-17
7227.310 3.400e-17
7228.187 3.399e-17
7229.063 3.393e-17
7229.940 3.379e-17
7230.817 3.483e-17
7231.693 3.403e-17
7232.570 3.390e-17
7233.447 3.402e-17
7234.323 3.250e-17
7235.200 4.835e-17
7236.077 3.381e-17
7236.953 3.288e-17
7237.830 3.382e-17
7238.707 3.397e-17
7239.583 3.402e-17
7240.460 3.401e-17
7241.337 3.398e-17
7242.213 6.698e-16
7243.090 3.355e-17
7243.967 9.880e-17
7244.843 3.399e-17
7245.720 1.829e-17
7246.597 3.909e-17
7247.473 3.340e-17
7248.350 3.396e-17
7249.227 3.095e-17
7250.103 3.399e-17
7250.980 3.214e-17
7251.857 3.393e-17
7252.733 3.967e-17
7253.610 3.389e-17
7254.487 3.005e-17
7255.363 3.269e-17
7256.240 3.386e-17
7257.117 3.394e-17
7257.993 3.370e-17
7258.870 3.382e-17
7259.747 3.349e-17
7260.623 3.314e-17
7261.500 3.367e-17
7262.377 3.376e-17
7263.253 3.564e-17
7264.130 3.303e-17
7265.007 3.169e-17
7265.883 3.377e-17
7266.760 3.298e-17
7267.637 2.142e-17
7268.513 3.461e-17
7269.390 3.391e-17
7270.267 3.365e-17
7271.143 6.800e-17
7272.020 3.329e-17
7272.897 3.363e-17
7273.773 3.371e-17
7274.650 3.331e-17
7275.527 3.353e-17
7276.403 3.359e-17
7277.280 3.229e-17
7278.157 3.333e-17
7279.033 3.855e-17
7279.910 3.311e-17
7280.787 3.230e-17
7281.663 3.205e-17
7282.540 3.321e-17
7283.417 3.331e-17
7284.293 3.008e-17
7285.170 3.268e-17
7286.047 3.328e-17
7286.923 3.732e-17
7287.800 3.476e-17
7288.677 3.317e-17
7289.553 3.245e-17
7290.430 3.298e-17
7291.307 3.308e-17
7292.183 3.250e-17
7293.060 4.728e-17
7293.937 3.291e-17
7294.813 3.272e-17
7295.690 3.303e-17
7296.567 3.299e-17
7297.443 3.297e-17
7298.320 3.225e-17
7299.197 3.306e-17
7300.073 3.287e-17
7300.950 3.309e-17
7301.827 3.160e-17
7302.703 3.277e-17
7303.580 3.309e-17
7304.457 3.291e-17
7305.333 3.171e-17
7306.210 2.457e-17
7307.087 3.299e-17
7307.963 3.286e-17
7308.840 3.312e-17
7309.717 3.309e-17
7310.593 3.283e-17
7311.470 2.971e-17
7312.347 3.263e-17
7313.223 3.260e-17
7314.100 3.307e-17
7314.977 3.236e-17
7315.853 3.306e-17
7316.730 3.298e-17
7317.607 3.175e-17
7318.483 3.298e-17
7319.360 3.007e-17
7320.237 3.240e-17
7321.113 3.294e-17
7321.990 3.299e-17
7322.867 3.143e-17
7323.743 3.296e-17
7324.620 3.295e-17
7325.497 3.292e-17
7326.373 3.289e-17
7327.250 3.291e-17
7328.127 3.290e-17
7329.003 3.261e-17
7329.880 3.285e-17
7330.757 3.285e-17
7331.633 3.283e-17
7332.510 3.280e-17
7333.387 3.281e-17
7334.263 4.060e-17
7335.140 3.180e-17
7336.017 3.273e-17
7336.893 3.274e-17
7337.770 3.244e-17
7338.647 3.273e-17
7339.523 3.272e-17
7340.400 3.271e-17
7341.277 3.263e-17
7342.153 3.251e-17
7343.030 8.471e-17
7343.907 3.261e-17
7344.783 3.264e-17
7345.660 3.258e-17
7346.537 3.722e-17
7347.413 3.260e-17
7348.290 3.257e-17
7349.167 3.256e-17
7350.043 3.194e-17
7350.920 3.253e-17
7351.797 3.248e-17
7352.673 5.970e-17
7353.550 3.252e-17
7354.427 3.251e-17
7355.303 3.267e-17
7356.180 3.248e-17
7357.057 3.248e-17
7357.933 3.247e-17
7358.810 3.245e-17
7359.687 3.246e-17
7360.563 3.245e-17
7361.440 3.244e-17
7362.317 3.411e-17
7363.193 3.235e-17
7364.070 3.217e-17
7364.947 3.239e-17
7365.823 3.121e-17
7366.700 3.711e-17
7367.577 3.536e-17
7368.453 3.239e-17
7369.330 3.239e-17
7370.207 3.235e-17
7371.083 3.217e-17
7371.960 3.229e-17
7372.837 3.209e-17
7373.713 3.225e-17
7374.590 3.227e-17
7375.467 3.302e-17
7376.343 3.218e-17
7377.220 3.217e-17
7378.097 3.213e-17
7378.973 3.210e-17
7379.850 3.256e-17
7380.727 3.203e-17
7381.603 3.200e-17
7382.480 3.184e-17
7383.357 3.189e-17
7384.233 3.182e-17
7385.110 3.172e-17
7385.987 3.177e-17
7386.863 3.179e-17
7387.740 3.177e-17
7388.617 3.174e-17
7389.493 3.169e-17
7390.370 3.441e-17
7391.247 3.162e-17
7392.123 3.833e-17
7393.000 3.156e-17
7393.877 3.150e-17
7394.753 3.294e-17
7395.630 3.149e-17
7396.507 3.149e-17
7397.383 3.227e-17
7398.260 3.133e-17
7399.137 3.086e-17
7400.013 3.137e-17
7400.890 3.136e-17
7401.767 3.134e-17
7402.643 3.130e-17
7403.520 3.124e-17
7404.397 3.126e-17
7405.273 3.124e-17
7406.150 3.120e-17
7407.027 3.119e-17
7407.903 3.117e-17
7408.780 3.114e-17
7409.657 3.111e-17
7410.533 3.109e-17
7411.410 3.106e-17
7412.287 3.097e-17
7413.163 3.106e-17
7414.040 3.677e-17
7414.917 3.112e-17
7415.793 4.727e-17
7416.670 3.094e-17
7417.547 3.108e-17
7418.423 3.108e-17
7419.300 3.123e-17
7420.177 3.125e-17
7421.053 3.128e-17
7421.930 3.130e-17
7422.807 3.131e-17
7423.683 3.133e-17
7424.560 3.136e-17
7425.437 3.138e-17
7426.313 3.140e-17
7427.190 3.140e-17
7428.067 3.142e-17
7428.943 3.147e-17
7429.820 3.148e-17
7430.697 3.151e-17
7431.573 3.153e-17
7432.450 3.154e-17
7433.327 3.150e-17
7434.203 3.152e-17
7435.080 3.150e-17
7435.957 3.149e-17
7436.833 3.147e-17
7437.710 3.147e-17
7438.587 3.146e-17
7439.463 3.144e-17
7440.340 2.650e-16
7441.217 3.345e-17
7442.093 3.141e-17
7442.970 3.138e-17
7443.847 3.138e-17
7444.723 3.137e-17
7445.600 3.136e-17
7446.477 3.135e-17
7447.353 3.133e-17
7448.230 3.132e-17
7449.107 3.603e-17
7449.983 3.130e-17
7450.860 3.129e-17
7451.737 3.127e-17
7452.613 3.127e-17
7453.490 3.123e-17
7454.367 3.127e-17
7455.243 3.126e-17
7456.120 3.126e-17
7456.997 3.126e-17
7457.873 3.125e-17
7458.750 3.125e-17
7459.627 3.125e-17
7460.503 3.120e-17
7461.380 3.124e-17
7462.257 3.123e-17
7463.133 3.124e-17
7464.010 3.124e-17
7464.887 3.123e-17
7465.763 3.140e-17
7466.640 3.123e-17
7467.517 3.123e-17
7468.393 3.122e-17
7469.270 3.122e-17
7470.147 3.122e-17
7471.023 3.121e-17
7471.900 3.678e-17
7472.777 8.581e-17
7473.653 1.499e-16
7474.530 3.116e-17
7475.407 3.114e-17
7476.283 3.113e-17
7477.160 3.111e-17
7478.037 3.109e-17
7478.913 3.107e-17
7479.790 3.105e-17
7480.667 3.103e-17
7481.543 3.101e-17
7482.420 3.100e-17
7483.297 3.098e-17
7484.173 3.096e-17
7485.050 3.094e-17
7485.927 3.092e-17
7486.803 3.090e-17
7487.680 3.089e-17
7488.557 3.087e-17
7489.433 3.085e-17
7490.310 5.003e-17
7491.187 3.081e-17
7492.063 3.079e-17
7492.940 3.078e-17
7493.817 3.077e-17
7494.693 3.075e-17
7495.570 3.074e-17
7496.447 3.073e-17
7497.323 3.071e-17
7498.200 3.070e-17
7499.077 3.069e-17
7499.953 3.067e-17
7500.830 3.066e-17
7501.707 3.162e-17
7502.583 3.064e-17
7503.460 3.063e-17
7504.337 3.775e-17
7505.213 3.060e-17
7506.090 3.059e-17
7506.967 3.058e-17
7507.843 3.057e-17
7508.720 3.056e-17
7509.597 3.055e-17
7510.473 3.054e-17
7511.350 3.053e-17
7512.227 3.052e-17
7513.103 3.051e-17
7513.980 3.050e-17
7514.857 3.050e-17
7515.733 3.049e-17
7516.610 3.048e-17
7517.487 3.047e-17
7518.363 3.047e-17
7519.240 5.501e-17
7520.117 3.046e-17
7520.993 3.045e-17
7521.870 3.044e-17
7522.747 3.044e-17
7523.623 3.043e-17
7524.500 3.042e-17
7525.377 3.042e-17
7526.253 3.041e-17
7527.130 3.040e-17
7528.007 3.040e-17
7528.883 3.039e-17
7529.760 3.039e-17
7530.637 3.038e-17
7531.513 3.037e-17
7532.390 3.036e-17
7533.267 3.036e-17
7534.143 3.035e-17
7535.020 3.034e-17
7535.897 3.033e-17
7536.773 3.033e-17
7537.650 3.032e-17
7538.527 3.031e-17
7539.403 3.031e-17
7540.280 3.030e-17
7541.157 3.029e-17
7542.033 3.028e-17
7542.910 3.027e-17
7543.787 3.027e-17
7544.663 3.026e-17
7545.540 3.025e-17
7546.417 3.024e-17
7547.293 3.024e-17
7548.170 3.023e-17
7549.047 3.091e-17
7549.923 3.021e-17
7550.800 3.021e-17
7551.677 3.020e-17
7552.553 3.019e-17
7553.430 3.018e-17
7554.307 3.017e-17
7555.183 3.016e-17
7556.060 3.015e-17
7556.937 3.014e-17
7557.813 3.013e-17
7558.690 3.012e-17
7559.567 3.416e-16
7560.443 3.009e-17
7561.320 3.008e-17
7562.197 3.007e-17
7563.073 3.006e-17
7563.950 3.005e-17
7564.827 3.004e-17
7565.703 3.693e-17
7566.580 3.002e-17
7567.457 3.001e-17
7568.333 3.000e-17
7569.210 2.999e-17
7570.087 2.998e-17
7570.963 2.997e-17
7571.840 2.996e-17
7572.717 2.995e-17
7573.593 2.994e-17
7574.470 2.992e-17
7575.347 2.991e-17
7576.223 2.990e-17
7577.100 2.989e-17
7577.977 2.988e-17
7578.853 2.987e-17
7579.730 2.986e-17
7580.607 2.984e-17
7581.483 2.983e-17
7582.360 2.982e-17
7583.237 2.981e-17
7584.113 2.980e-17
7584.990 2.978e-17
7585.867 2.977e-17
7586.743 2.976e-17
7587.620 2.974e-17
7588.497 2.973e-17
7589.373 2.971e-17
7590.250 2.968e-17
7591.127 2.966e-17
7592.003 2.962e-17
7592.880 2.958e-17
7593.757 2.952e-17
7594.633 2.941e-17
7595.510 2.869e-17
7596.387 2.153e-17
7597.263 5.318e-18
7598.140 1.613e-17
7599.017 2.239e-17
7599.893 2.066e-17
7600.770 2.604e-20
7601.647 2.041e-17
7602.523 1.648e-19
7603.400 1.716e-17
7604.277 2.643e-18
7605.153 1.564e-17
7606.030 1.287e-17
7606.907 1.322e-17
7607.783 8.611e-21
7608.660 3.106e-18
7609.537 1.572e-17
7610.413 1.549e-17
7611.290 1.044e-19
7612.167 1.451e-17
7613.043 1.915e-17
7613.920 7.581e-18
7614.797 1.910e-17
7615.673 1.998e-17
7616.550 2.522e-17
7617.427 1.565e-17
7618.303 1.780e-18
7619.180 2.829e-17
7620.057 5.584e-17
7620.933 2.889e-17
7621.810 3.335e-17
7622.687 2.264e-17
7623.563 2.395e-17
7624.440 2.687e-17
7625.317 1.586e-19
7626.193 1.772e-17
7627.070 2.094e-17
7627.947 2.649e-17
7628.823 1.474e-17
7629.700 1.875e-17
7630.577 6.805e-17
7631.453 2.610e-17
7632.330 2.921e-17
7633.207 3.094e-19
7634.083 2.021e-18
7634.960 2.342e-17
7635.837 2.677e-17
7636.713 2.257e-17
7637.590 1.201e-17
7638.467 1.502e-20
7639.343 3.601e-17
7640.220 2.711e-17
7641.097 3.619e-17
7641.973 1.263e-17
7642.850 4.480e-21
7643.727 3.307e-17
7644.603 2.761e-17
7645.480 2.649e-17
7646.357 1.575e-19
7647.233 5.401e-18
7648.110 2.519e-17
7648.987 2.806e-17
7649.863 2.803e-17
7650.740 2.265e-17
7651.617 2.411e-17
7652.493 1.646e-17
7653.370 2.796e-17
7654.247 2.841e-17
7655.123 2.817e-17
7656.000 1.500e-17
7656.877 2.387e-17
7657.753 2.571e-17
7658.630 2.838e-17
7659.507 2.853e-17
7660.383 2.834e-17
7661.260 2.069e-17
7662.137 2.575e-17
7663.013 2.670e-17
7663.890 2.843e-17
7664.767 2.855e-17
7665.643 2.848e-17
7666.520 2.758e-17
7667.397 2.690e-17
7668.273 2.389e-17
7669.150 2.835e-17
7670.027 2.846e-17
7670.903 2.845e-17
7671.780 2.834e-17
7672.657 9.267e-18
7673.533 2.635e-17
7674.410 2.817e-17
7675.287 2.825e-17
7676.163 2.857e-17
7677.040 2.848e-17
7677.917 2.856e-17
7678.793 2.424e-17
7679.670 1.421e-17
7680.547 2.864e-17
7681.423 2.872e-17
7682.300 2.874e-17
7683.177 2.878e-17
7684.053 2.872e-17
7684.930 1.955e-17
7685.807 2.475e-17
7686.683 2.886e-17
7687.560 2.890e-17
7688.437 2.892e-17
7689.313 2.894e-17
7690.190 2.870e-17
7691.067 2.881e-17
7691.943 2.894e-17
7692.820 2.899e-17
7693.697 2.986e-17
7694.573 2.904e-17
7695.450 2.904e-17
7696.327 2.905e-17
7697.203 2.906e-17
7698.080 2.834e-17
7698.957 2.409e-17
7699.833 2.908e-17
7700.710 2.908e-17
7701.587 8.236e-17
7702.463 2.910e-17
7703.340 2.909e-17
7704.217 2.910e-17
7705.093 2.910e-17
7705.970 3.118e-17
7706.847 2.914e-17
7707.723 2.914e-17
7708.600 2.915e-17
7709.477 2.916e-17
7710.353 2.916e-17
7711.230 2.917e-17
7712.107 2.901e-17
7712.983 3.007e-17
7713.860 2.920e-17
7714.737 1.493e-15
7715.613 2.920e-17
7716.490 2.923e-17
7717.367 2.924e-17
7718.243 2.922e-17
7719.120 3.877e-16
7719.997 2.926e-17
7720.873 2.927e-17
7721.750 2.928e-17
7722.627 2.928e-17
7723.503 2.923e-17
7724.380 2.931e-17
7725.257 2.932e-17
7726.133 2.933e-17
7727.010 2.913e-17
7727.887 2.882e-17
7728.763 2.936e-17
7729.640 2.937e-17
7730.517 2.938e-17
7731.393 2.937e-17
7732.270 2.936e-17
7733.147 2.938e-17
7734.023 2.972e-17
7734.900 3.073e-17
7735.777 2.932e-17
7736.653 2.932e-17
7737.530 2.931e-17
7738.407 2.930e-17
7739.283 2.929e-17
7740.160 2.927e-17
7741.037 3.570e-17
7741.913 2.924e-17
7742.790 2.923e-17
7743.667 2.922e-17
7744.543 2.921e-17
7745.420 2.919e-17
7746.297 2.915e-17
7747.173 2.916e-17
7748.050 2.915e-17
7748.927 2.913e-17
7749.803 2.911e-17
7750.680 2.909e-17
7751.557 4.204e-16
7752.433 2.905e-17
7753.310 2.906e-17
7754.187 2.906e-17
7755.063 2.907e-17
7755.940 2.907e-17
7756.817 2.908e-17
7757.693 2.908e-17
7758.570 3.171e-17
7759.447 2.909e-17
7760.323 2.909e-17
7761.200 2.910e-17
7762.077 5.871e-17
7762.953 2.911e-17
7763.830 2.911e-17
7764.707 2.911e-17
7765.583 2.912e-17
7766.460 3.120e-17
7767.337 2.913e-17
7768.213 2.913e-17
7769.090 2.914e-17
7769.967 2.914e-17
7770.843 2.915e-17
7771.720 2.915e-17
7772.597 2.915e-17
7773.473 2.913e-17
7774.350 2.912e-17
7775.227 2.911e-17
7776.103 2.910e-17
7776.980 2.909e-17
7777.857 2.907e-17
7778.733 2.906e-17
7779.610 2.905e-17
7780.487 2.904e-17
7781.363 3.975e-17
7782.240 2.902e-17
7783.117 2.901e-17
7783.993 2.900e-17
7784.870 2.899e-17
7785.747 3.298e-17
7786.623 2.896e-17
7787.500 2.895e-17
7788.377 2.912e-17
7789.253 2.893e-17
7790.130 2.892e-17
7791.007 2.891e-17
7791.883 3.578e-17
7792.760 5.080e-17
7793.637 2.889e-17
7794.513 2.888e-17
7795.390 2.888e-17
7796.267 2.409e-15
7797.143 2.895e-17
7798.020 2.887e-17
7798.897 2.887e-17
7799.773 2.887e-17
7800.650 2.887e-17
7801.527 3.327e-17
7802.403 2.886e-17
7803.280 2.886e-17
7804.157 2.885e-17
7805.033 2.885e-17
7805.910 2.885e-17
7806.787 2.885e-17
7807.663 2.884e-17
7808.540 3.587e-17
7809.417 2.884e-17
7810.293 2.884e-17
7811.170 2.883e-17
7812.047 2.883e-17
7812.923 2.882e-17
7813.800 2.990e-17
7814.677 2.879e-17
7815.553 2.902e-17
7816.430 2.877e-17
7817.307 2.875e-17
7818.183 2.874e-17
7819.060 2.873e-17
7819.937 2.871e-17
7820.813 2.870e-17
7821.690 2.869e-17
7822.567 2.868e-17
7823.443 2.866e-17
7824.320 3.622e-17
7825.197 2.864e-17
7826.073 2.863e-17
7826.950 2.861e-17
7827.827 3.293e-17
7828.703 2.859e-17
7829.580 2.858e-17
7830.457 2.884e-17
7831.333 2.855e-17
7832.210 2.854e-17
7833.087 2.854e-17
7833.963 2.854e-17
7834.840 2.854e-17
7835.717 7.460e-17
7836.593 2.854e-17
7837.470 2.855e-17
7838.347 2.854e-17
7839.223 2.855e-17
7840.100 2.855e-17
7840.977 2.854e-17
7841.853 2.848e-17
7842.730 2.854e-17
7843.607 2.855e-17
7844.483 2.855e-17
7845.360 2.855e-17
7846.237 2.855e-17
7847.113 2.856e-17
7847.990 3.094e-17
7848.867 2.855e-17
7849.743 2.856e-17
7850.620 2.856e-17
7851.497 2.856e-17
7852.373 2.856e-17
7853.250 2.856e-17
7854.127 6.158e-17
7855.003 2.854e-17
7855.880 2.853e-17
7856.757 2.847e-17
7857.633 2.852e-17
7858.510 2.852e-17
7859.387 2.852e-17
7860.263 5.601e-17
7861.140 2.847e-17
7862.017 2.850e-17
7862.893 5.882e-17
7863.770 2.849e-17
7864.647 2.848e-17
7865.523 2.847e-17
7866.400 2.846e-17
7867.277 2.846e-17
7868.153 2.822e-17
7869.030 2.845e-17
7869.907 3.677e-16
7870.783 2.844e-17
7871.660 2.843e-17
7872.537 2.842e-17
7873.413 2.843e-17
7874.290 2.842e-17
7875.167 2.840e-17
7876.043 2.841e-17
7876.920 2.841e-17
7877.797 2.839e-17
7878.673 2.783e-17
7879.550 2.839e-17
7880.427 9.713e-17
7881.303 2.838e-17
7882.180 2.833e-17
7883.057 2.825e-17
7883.933 9.458e-17
7884.810 2.836e-17
7885.687 2.835e-17
7886.563 3.940e-17
7887.440 2.833e-17
7888.317 2.822e-17
7889.193 2.807e-17
7890.070 4.088e-17
7890.947 4.291e-17
7891.823 4.689e-16
7892.700 3.895e-17
7893.577 2.827e-17
7894.453 2.825e-17
7895.330 2.827e-17
7896.207 6.042e-17
7897.083 2.799e-17
7897.960 2.809e-17
7898.837 2.817e-17
7899.713 2.816e-17
7900.590 2.814e-17
7901.467 2.813e-17
7902.343 2.811e-17
7903.220 2.806e-17
7904.097 2.759e-17
7904.973 2.894e-17
7905.850 2.800e-17
7906.727 2.802e-17
7907.603 2.801e-17
7908.480 2.797e-17
7909.357 2.791e-17
7910.233 2.794e-17
7911.110 2.775e-17
7911.987 2.791e-17
7912.863 2.718e-17
7913.740 2.788e-17
7914.617 2.787e-17
7915.493 2.786e-17
7916.370 2.784e-17
7917.247 3.426e-17
7918.123 2.778e-17
7919.000 2.772e-17
7919.877 2.759e-17
7920.753 2.776e-17
7921.630 2.774e-17
7922.507 2.768e-17
7923.383 2.157e-16
7924.260 2.769e-17
7925.137 2.768e-17
7926.013 2.765e-17
7926.890 2.762e-17
7927.767 2.763e-17
7928.643 2.761e-17
7929.520 2.760e-17
7930.397 3.290e-17
7931.273 2.752e-17
7932.150 2.741e-17
7933.027 1.528e-16
7933.903 2.721e-17
7934.780 2.751e-17
7935.657 2.758e-17
7936.533 2.750e-17
7937.410 3.261e-17
7938.287 2.747e-17
7939.163 2.740e-17
7940.040 2.745e-17
7940.917 2.859e-17
7941.793 2.743e-17
7942.670 3.061e-17
7943.547 2.741e-17
7944.423 3.542e-17
7945.300 2.739e-17
7946.177 4.015e-17
7947.053 2.737e-17
7947.930 2.735e-17
7948.807 2.733e-17
7949.683 2.731e-17
7950.560 2.732e-17
7951.437 8.491e-16
7952.313 2.729e-17
7953.190 2.721e-17
7954.067 2.731e-17
7954.943 2.734e-17
7955.820 2.732e-17
7956.697 2.737e-17
7957.573 2.738e-17
7958.450 2.731e-17
7959.327 2.741e-17
7960.203 2.740e-17
7961.080 2.741e-17
7961.957 2.744e-17
7962.833 2.693e-17
7963.710 2.723e-17
7964.587 2.746e-17
7965.463 2.731e-17
7966.340 2.745e-17
7967.217 2.739e-17
7968.093 2.754e-17
7968.970 2.755e-17
7969.847 2.753e-17
7970.723 2.744e-17
7971.600 3.079e-17
7972.477 2.758e-17
7973.353 2.755e-17
7974.230 2.752e-17
7975.107 2.754e-17
7975.983 2.751e-17
7976.860 2.749e-17
7977.737 3.249e-17
7978.613 2.739e-17
7979.490 2.745e-17
7980.367 2.742e-17
7981.243 2.740e-17
7982.120 2.728e-17
7982.997 2.737e-17
7983.873 2.735e-17
7984.750 2.734e-17
7985.627 2.732e-17
7986.503 2.633e-17
7987.380 2.728e-17
7988.257 3.491e-17
7989.133 2.734e-17
7990.010 2.723e-17
7990.887 2.722e-17
7991.763 2.720e-17
7992.640 2.718e-17
7993.517 2.719e-17
7994.393 2.720e-17
7995.270 2.715e-17
7996.147 2.721e-17
7997.023 2.720e-17
7997.900 2.719e-17
7998.777 2.712e-17
7999.653 3.700e-17
8000.530 2.684e-17
8001.407 2.714e-17
8002.283 3.347e-17
8003.160 2.706e-17
8004.037 3.527e-17
8004.913 2.724e-17
8005.790 2.721e-17
8006.667 2.721e-17
8007.543 2.725e-17
8008.420 2.726e-17
8009.297 2.721e-17
8010.173 2.722e-17
8011.050 2.727e-17
8011.927 2.728e-17
8012.803 3.760e-17
8013.680 2.726e-17
8014.557 2.710e-17
8015.433 2.715e-17
8016.310 4.478e-16
8017.187 2.720e-17
8018.063 2.719e-17
8018.940 2.717e-17
8019.817 2.713e-17
8020.693 2.714e-17
8021.570 2.714e-17
8022.447 2.703e-17
8023.323 2.711e-17
8024.200 2.692e-17
8025.077 2.696e-17
8025.953 4.882e-17
8026.830 2.706e-17
8027.707 2.704e-17
8028.583 2.703e-17
8029.460 2.702e-17
8030.337 7.976e-17
8031.213 7.550e-17
8032.090 3.150e-17
8032.967 2.697e-17
8033.843 2.698e-17
8034.720 2.695e-17
8035.597 2.691e-17
8036.473 2.619e-17
8037.350 2.688e-17
8038.227 2.688e-17
8039.103 2.687e-17
8039.980 2.683e-17
8040.857 2.685e-17
8041.733 3.404e-17
8042.610 2.682e-17
8043.487 2.681e-17
8044.363 2.677e-17
8045.240 2.669e-17
8046.117 2.651e-17
8046.993 2.675e-17
8047.870 2.649e-17
8048.747 2.904e-17
8049.623 2.672e-17
8050.500 2.670e-17
8051.377 2.667e-17
8052.253 2.678e-17
8053.130 2.668e-17
8054.007 2.668e-17
8054.883 2.667e-17
8055.760 2.669e-17
8056.637 2.650e-17
8057.513 2.669e-17
8058.390 2.669e-17
8059.267 2.703e-17
8060.143 2.670e-17
8061.020 2.653e-17
8061.897 2.666e-17
8062.773 2.671e-17
8063.650 2.671e-17
8064.527 2.012e-16
8065.403 2.657e-17
8066.280 2.672e-17
8067.157 2.672e-17
8068.033 2.663e-17
8068.910 2.673e-17
8069.787 3.243e-17
8070.663 2.672e-17
8071.540 2.670e-17
8072.417 2.665e-17
8073.293 2.658e-17
8074.170 2.669e-17
8075.047 2.666e-17
8075.923 2.664e-17
8076.800 2.661e-17
8077.677 2.650e-17
8078.553 2.634e-17
8079.430 3.083e-17
8080.307 2.652e-17
8081.183 2.649e-17
8082.060 2.647e-17
8082.937 2.645e-17
8083.813 2.633e-17
8084.690 2.640e-17
8085.567 2.638e-17
8086.443 2.636e-17
8087.320 2.598e-17
8088.197 2.630e-17
8089.073 2.629e-17
8089.950 2.627e-17
8090.827 2.618e-17
8091.703 2.622e-17
8092.580 2.604e-17
8093.457 2.618e-17
8094.333 2.621e-17
8095.210 2.625e-17
8096.087 2.624e-17
8096.963 2.624e-17
8097.840 2.629e-17
8098.717 2.598e-17
8099.593 2.628e-17
8100.470 2.631e-17
8101.347 2.633e-17
8102.223 2.637e-17
8103.100 2.638e-17
8103.977 2.636e-17
8104.853 2.641e-17
8105.730 2.642e-17
8106.607 2.866e-17
8107.483 2.646e-17
8108.360 2.645e-17
8109.237 2.646e-17
8110.113 2.549e-17
8110.990 2.793e-17
8111.867 2.652e-17
8112.743 2.610e-17
8113.620 3.213e-17
8114.497 2.639e-17
8115.373 3.014e-17
8116.250 2.557e-17
8117.127 2.638e-17
8118.003 2.653e-17
8118.880 2.650e-17
8119.757 2.653e-17
8120.633 2.632e-17
8121.510 2.651e-17
8122.387 2.650e-17
8123.263 2.649e-17
8124.140 2.651e-17
8125.017 2.605e-17
8125.893 2.624e-17
8126.770 2.651e-17
8127.647 2.518e-17
8128.523 2.974e-17
8129.400 2.629e-17
8130.277 2.650e-17
8131.153 2.650e-17
8132.030 2.643e-17
8132.907 3.296e-17
8133.783 3.359e-17
8134.660 2.622e-17
8135.537 2.614e-17
8136.413 2.630e-17
8137.290 2.158e-17
8138.167 2.641e-17
8139.043 3.888e-17
8139.920 2.643e-17
8140.797 2.640e-17
8141.673 2.640e-17
8142.550 2.631e-17
8143.427 2.632e-17
8144.303 2.475e-17
8145.180 2.637e-17
8146.057 2.285e-17
8146.933 2.631e-17
8147.810 2.634e-17
8148.687 1.011e-16
8149.563 2.568e-17
8150.440 2.555e-17
8151.317 2.619e-17
8152.193 2.481e-17
8153.070 2.631e-17
8153.947 2.629e-17
8154.823 2.330e-17
8155.700 2.608e-17
8156.577 2.493e-17
8157.453 2.621e-17
8158.330 2.624e-17
8159.207 2.617e-17
8160.083 2.520e-17
8160.960 2.621e-17
8161.837 2.626e-17
8162.713 2.624e-17
8163.590 2.095e-17
8164.467 2.336e-17
8165.343 2.616e-17
8166.220 2.588e-17
8167.097 2.539e-17
8167.973 2.616e-17
8168.850 2.614e-17
8169.727 2.622e-17
8170.603 2.612e-17
8171.480 2.538e-17
8172.357 2.111e-17
8173.233 2.613e-17
8174.110 2.610e-17
8174.987 2.608e-17
8175.863 2.601e-17
8176.740 2.595e-17
8177.617 2.598e-17
8178.493 2.582e-17
8179.370 2.169e-17
8180.247 2.153e-17
8181.123 2.491e-17
8182.000 2.568e-17
8182.877 2.575e-17
8183.753 2.547e-17
8184.630 2.549e-17
8185.507 2.549e-17
8186.383 2.556e-17
8187.260 2.559e-17
8188.137 2.545e-17
8189.013 2.535e-17
8189.890 2.541e-17
8190.767 2.534e-17
8191.643 2.003e-17
8192.520 2.534e-17
8193.397 2.531e-17
8194.273 2.529e-17
8195.150 2.435e-17
8196.027 2.522e-17
8196.903 2.544e-17
8197.780 2.685e-17
8198.657 2.547e-17
8199.533 2.514e-17
8200.410 2.519e-17
8201.287 2.315e-17
8202.163 2.395e-17
8203.040 2.304e-17
8203.917 2.554e-17
8204.793 2.559e-17
8205.670 2.560e-17
8206.547 2.562e-17
8207.423 2.561e-17
8208.300 3.023e-17
8209.177 2.566e-17
8210.053 2.567e-17
8210.930 2.567e-17
8211.807 2.407e-17
8212.683 2.530e-17
8213.560 2.564e-17
8214.437 2.224e-17
8215.313 2.568e-17
8216.190 3.530e-17
8217.067 2.567e-17
8217.943 2.568e-17
8218.820 2.566e-17
8219.697 2.562e-17
8220.573 2.488e-17
8221.450 2.563e-17
8222.327 2.565e-17
8223.203 2.559e-17
8224.080 2.543e-17
8224.957 2.561e-17
8225.833 2.551e-17
8226.710 2.476e-17
8227.587 2.552e-17
8228.463 2.547e-17
8229.340 1.986e-17
8230.217 1.754e-17
8231.093 2.133e-17
8231.970 2.073e-17
8232.847 2.512e-17
8233.723 2.234e-17
8234.600 2.550e-17
8235.477 2.552e-17
8236.353 2.450e-17
8237.230 2.555e-17
8238.107 2.541e-17
8238.983 2.557e-17
8239.860 2.547e-17
8240.737 2.547e-17
8241.613 2.558e-17
8242.490 2.545e-17
8243.367 2.559e-17
8244.243 3.678e-17
8245.120 2.545e-17
8245.997 2.481e-17
8246.873 2.559e-17
8247.750 2.562e-17
8248.627 2.561e-17
8249.503 2.623e-17
8250.380 2.562e-17
8251.257 2.561e-17
8252.133 2.562e-17
8253.010 2.562e-17
8253.887 2.557e-17
8254.763 2.541e-17
8255.640 2.560e-17
8256.517 2.563e-17
8257.393 4.152e-17
8258.270 2.544e-17
8259.147 2.520e-17
8260.023 2.540e-17
8260.900 2.562e-17
8261.777 2.498e-17
8262.653 2.527e-17
8263.530 2.563e-17
8264.407 2.562e-17
8265.283 2.556e-17
8266.160 2.535e-17
8267.037 2.558e-17
8267.913 2.562e-17
8268.790 2.563e-17
8269.667 2.564e-17
8270.543 2.564e-17
8271.420 2.513e-17
8272.297 2.564e-17
8273.173 2.562e-17
8274.050 2.534e-17
8274.927 2.557e-17
8275.803 2.553e-17
8276.680 1.549e-17
8277.557 2.553e-17
8278.433 2.548e-17
8279.310 2.546e-17
8280.187 2.560e-17
8281.063 2.540e-17
8281.940 2.033e-17
8282.817 2.556e-17
8283.693 2.548e-17
8284.570 3.166e-17
8285.447 9.653e-17
8286.323 2.559e-17
8287.200 4.276e-17
8288.077 2.558e-17
8288.953 2.553e-17
8289.830 2.518e-17
8290.707 2.522e-17
8291.583 2.517e-17
8292.460 2.552e-17
8293.337 2.552e-17
8294.213 2.556e-17
8295.090 2.555e-17
8295.967 2.541e-17
8296.843 2.157e-17
8297.720 2.526e-17
8298.597 5.343e-16
8299.473 2.554e-17
8300.350 2.543e-17
8301.227 2.595e-15
8302.103 2.542e-17
8302.980 2.521e-17
8303.857 2.550e-17
8304.733 5.496e-17
8305.610 2.548e-17
8306.487 2.347e-17
8307.363 1.297e-17
8308.240 2.545e-17
8309.117 2.547e-17
8309.993 2.537e-17
8310.870 2.541e-17
8311.747 2.547e-17
8312.623 2.542e-17
8313.500 2.541e-17
8314.377 2.459e-17
8315.253 2.532e-17
8316.130 2.429e-17
8317.007 2.530e-17
8317.883 2.524e-17
8318.760 2.510e-17
8319.637 2.519e-17
8320.513 2.159e-17
8321.390 2.516e-17
8322.267 2.514e-17
8323.143 2.494e-17
8324.020 2.384e-17
8324.897 2.504e-17
8325.773 2.504e-17
8326.650 2.499e-17
8327.527 2.497e-17
8328.403 2.492e-17
8329.280 2.463e-17
8330.157 2.489e-17
8331.033 2.482e-17
8331.910 2.201e-17
8332.787 2.463e-17
8333.663 2.484e-17
8334.540 2.441e-17
8335.417 2.484e-17
8336.293 2.481e-17
8337.170 2.490e-17
8338.047 2.484e-17
8338.923 2.494e-17
8339.800 6.253e-17
8340.677 3.624e-17
8341.553 2.464e-17
8342.430 2.500e-17
8343.307 2.502e-17
8344.183 2.481e-17
8345.060 2.503e-17
8345.937 2.506e-17
8346.813 4.013e-17
8347.690 2.509e-17
8348.567 2.510e-17
8349.443 2.510e-17
8350.320 2.513e-17
8351.197 2.509e-17
8352.073 2.514e-17
8352.950 2.516e-17
8353.827 2.517e-17
8354.703 2.515e-17
8355.580 2.512e-17
8356.457 2.515e-17
8357.333 2.515e-17
8358.210 2.516e-17
8359.087 2.504e-17
8359.963 2.511e-17
8360.840 2.516e-17
8361.717 2.506e-17
8362.593 2.516e-17
8363.470 2.651e-17
8364.347 2.420e-17
8365.223 2.665e-17
8366.100 2.515e-17
8366.977 2.514e-17
8367.853 3.556e-17
8368.730 7.301e-17
8369.607 2.347e-17
8370.483 2.515e-17
8371.360 2.510e-17
8372.237 2.514e-17
8373.113 2.503e-17
8373.990 2.514e-17
8374.867 2.509e-17
8375.743 2.506e-17
8376.620 2.509e-17
8377.497 2.510e-17
8378.373 2.983e-17
8379.250 2.505e-17
8380.127 2.507e-17
8381.003 2.507e-17
8381.880 2.506e-17
8382.757 2.505e-17
8383.633 2.499e-17
8384.510 2.501e-17
8385.387 2.501e-17
8386.263 2.494e-17
8387.140 2.485e-17
8388.017 2.478e-17
8388.893 2.499e-17
8389.770 2.497e-17
8390.647 2.494e-17
8391.523 2.496e-17
8392.400 3.496e-17
8393.277 2.497e-17
8394.153 2.497e-17
8395.030 2.497e-17
8395.907 2.493e-17
8396.783 2.484e-17
8397.660 2.497e-17
8398.537 2.496e-17
8399.413 2.452e-17
8400.290 2.498e-17
8401.167 2.498e-17
8402.043 2.497e-17
8402.920 2.481e-17
8403.797 2.499e-17
8404.673 2.499e-17
8405.550 2.499e-17
8406.427 2.485e-17
8407.303 2.497e-17
8408.180 2.499e-17
8409.057 2.500e-17
8409.933 2.500e-17
8410.810 2.472e-17
8411.687 2.498e-17
8412.563 2.500e-17
8413.440 2.486e-17
8414.317 2.498e-17
8415.193 2.496e-17
8416.070 2.494e-17
8416.947 2.493e-17
8417.823 2.454e-17
8418.700 2.490e-17
8419.577 2.471e-17
8420.453 2.486e-17
8421.330 2.486e-17
8422.207 2.485e-17
8423.083 2.484e-17
8423.960 2.482e-17
8424.837 2.481e-17
8425.713 2.539e-17
8426.590 2.478e-17
8427.467 2.477e-17
8428.343 2.475e-17
8429.220 2.472e-17
8430.097 2.460e-17
8430.973 2.471e-17
8431.850 2.460e-17
8432.727 2.469e-17
8433.603 2.469e-17
8434.480 5.187e-17
8435.357 2.471e-17
8436.233 2.471e-17
8437.110 2.470e-17
8437.987 2.471e-17
8438.863 2.460e-17
8439.740 2.470e-17
8440.617 2.472e-17
8441.493 2.473e-17
8442.370 2.471e-17
8443.247 2.470e-17
8444.123 2.474e-17
8445.000 2.472e-17
8445.877 2.475e-17
8446.753 2.475e-17
8447.630 2.476e-17
8448.507 2.468e-17
8449.383 2.476e-17
8450.260 2.477e-17
8451.137 2.477e-17
8452.013 2.477e-17
8452.890 2.476e-17
8453.767 2.476e-17
8454.643 1.336e-15
8455.520 2.475e-17
8456.397 2.638e-17
8457.273 2.473e-17
8458.150 2.473e-17
8459.027 2.610e-17
8459.903 2.472e-17
8460.780 2.471e-17
8461.657 2.470e-17
8462.533 2.431e-17
8463.410 2.469e-17
8464.287 2.468e-17
8465.163 2.466e-17
8466.040 2.466e-17
8466.917 2.466e-17
8467.793 1.933e-15
8468.670 2.465e-17
8469.547 2.464e-17
8470.423 2.464e-17
8471.300 2.463e-17
8472.177 2.462e-17
8473.053 2.459e-17
8473.930 2.454e-17
8474.807 2.450e-17
8475.683 2.446e-17
8476.560 2.439e-17
8477.437 2.437e-17
8478.313 2.433e-17
8479.190 2.429e-17
8480.067 2.422e-17
8480.943 2.420e-17
8481.820 2.415e-17
8482.697 2.411e-17
8483.573 2.407e-17
8484.450 2.403e-17
8485.327 2.399e-17
8486.203 2.395e-17
8487.080 2.390e-17
8487.957 2.386e-17
8488.833 2.381e-17
8489.710 2.377e-17
8490.587 2.368e-17
8491.463 2.369e-17
8492.340 2.365e-17
8493.217 2.368e-17
8494.093 2.346e-17
8494.970 2.372e-17
8495.847 2.391e-17
8496.723 3.097e-17
8497.600 2.380e-17
8498.477 2.382e-17
8499.353 2.671e-17
8500.230 2.390e-17
8501.107 2.389e-17
8501.983 2.392e-17
8502.860 2.395e-17
8503.737 2.397e-17
8504.613 2.398e-17
8505.490 3.119e-17
8506.367 2.405e-17
8507.243 2.408e-17
8508.120 2.394e-17
8508.997 2.413e-17
8509.873 2.415e-17
8510.750 2.418e-17
8511.627 2.420e-17
8512.503 2.422e-17
8513.380 2.419e-17
8514.257 2.365e-17
8515.133 2.414e-17
8516.010 2.412e-17
8516.887 2.410e-17
8517.763 2.407e-17
8518.640 2.405e-17
8519.517 2.403e-17
8520.393 2.401e-17
8521.270 2.397e-17
8522.147 2.391e-17
8523.023 2.407e-17
8523.900 2.392e-17
8524.777 2.390e-17
8525.653 2.387e-17
8526.530 2.385e-17
8527.407 2.383e-17
8528.283 2.381e-17
8529.160 2.379e-17
8530.037 2.376e-17
8530.913 2.374e-17
8531.790 2.372e-17
8532.667 2.367e-17
8533.543 2.360e-17
8534.420 2.353e-17
8535.297 2.346e-17
8536.173 2.338e-17
8537.050 2.321e-17
8537.927 2.323e-17
8538.803 2.304e-17
8539.680 2.308e-17
8540.557 2.302e-17
8541.433 2.294e-17
8542.310 2.281e-17
8543.187 2.243e-17
8544.063 2.272e-17
8544.940 2.265e-17
8545.817 2.258e-17
8546.693 2.250e-17
8547.570 2.243e-17
8548.447 2.233e-17
8549.323 2.228e-17
8550.200 2.221e-17
8551.077 2.213e-17
8551.953 2.204e-17
8552.830 2.208e-17
8553.707 2.220e-17
8554.583 2.231e-17
8555.460 2.241e-17
8556.337 2.251e-17
8557.213 2.260e-17
8558.090 2.272e-17
8558.967 2.283e-17
8559.843 2.293e-17
8560.720 2.304e-17
8561.597 2.314e-17
8562.473 2.325e-17
8563.350 2.335e-17
8564.227 2.345e-17
8565.103 2.356e-17
8565.980 2.366e-17
8566.857 2.377e-17
8567.733 2.387e-17
8568.610 2.398e-17
8569.487 2.408e-17
8570.363 2.418e-17
8571.240 2.427e-17
8572.117 2.439e-17
8572.993 2.438e-17
8573.870 2.439e-17
8574.747 2.438e-17
8575.623 2.436e-17
8576.500 2.436e-17
8577.377 2.435e-17
8578.253 2.433e-17
8579.130 2.433e-17
8580.007 4.653e-17
8580.883 2.431e-17
8581.760 2.430e-17
8582.637 2.429e-17
8583.513 2.426e-17
8584.390 2.427e-17
8585.267 2.425e-17
8586.143 2.424e-17
8587.020 2.423e-17
8587.897 2.422e-17
8588.773 2.421e-17
8589.650 2.419e-17
8590.527 2.418e-17
8591.403 2.417e-17
8592.280 2.416e-17
8593.157 2.416e-17
8594.033 2.415e-17
8594.910 2.414e-17
8595.787 2.416e-17
8596.663 2.415e-17
8597.540 2.415e-17
8598.417 2.415e-17
8599.293 2.415e-17
8600.170 2.415e-17
8601.047 2.415e-17
8601.923 2.415e-17
8602.800 2.415e-17
8603.677 2.415e-17
8604.553 2.414e-17
8605.430 2.414e-17
8606.307 2.414e-17
8607.183 2.414e-17
8608.060 2.411e-17
8608.937 2.414e-17
8609.813 2.414e-17
8610.690 3.548e-17
8611.567 2.413e-17
8612.443 2.413e-17
8613.320 2.413e-17
8614.197 2.413e-17
8615.073 2.413e-17
8615.950 2.414e-17
8616.827 2.457e-17
8617.703 2.414e-17
8618.580 2.414e-17
8619.457 3.448e-17
8620.333 2.414e-17
8621.210 2.414e-17
8622.087 2.413e-17
8622.963 2.414e-17
8623.840 6.620e-17
8624.717 2.414e-17
8625.593 2.414e-17
8626.470 2.414e-17
8627.347 2.413e-17
8628.223 2.414e-17
8629.100 2.414e-17
8629.977 2.414e-17
8630.853 2.414e-17
8631.730 1.509e-16
8632.607 2.413e-17
8633.483 2.411e-17
8634.360 2.409e-17
8635.237 2.406e-17
8636.113 2.404e-17
8636.990 2.402e-17
8637.867 2.400e-17
8638.743 2.397e-17
8639.620 2.395e-17
8640.497 2.393e-17
8641.373 2.390e-17
8642.250 2.388e-17
8643.127 2.386e-17
8644.003 2.383e-17
8644.880 2.381e-17
8645.757 2.379e-17
8646.633 2.376e-17
8647.510 2.374e-17
8648.387 2.372e-17
8649.263 4.206e-16
8650.140 2.367e-17
8651.017 2.365e-17
8651.893 2.363e-17
8652.770 9.535e-17
8653.647 6.098e-16
8654.523 2.344e-17
8655.400 2.336e-17
8656.277 2.329e-17
8657.153 2.322e-17
8658.030 2.314e-17
8658.907 2.307e-17
8659.783 2.300e-17
8660.660 2.292e-17
8661.537 7.447e-16
8662.413 2.278e-17
8663.290 2.270e-17
8664.167 2.263e-17
8665.043 2.256e-17
8665.920 2.249e-17
8666.797 2.241e-17
8667.673 2.234e-17
8668.550 2.227e-17
8669.427 2.219e-17
8670.303 2.859e-17
8671.180 2.205e-17
8672.057 2.198e-17
8672.933 2.198e-17
8673.810 2.205e-17
8674.687 2.211e-17
8675.563 2.217e-17
8676.440 2.223e-17
8677.317 2.229e-17
8678.193 2.235e-17
8679.070 2.241e-17
8679.947 2.247e-17
8680.823 2.252e-17
8681.700 2.258e-17
8682.577 1.516e-16
8683.453 2.270e-17
8684.330 2.276e-17
8685.207 2.282e-17
8686.083 2.288e-17
8686.960 2.294e-17
8687.837 2.300e-17
8688.713 2.306e-17
8689.590 6.181e-17
8690.467 2.318e-17
8691.343 2.323e-17
8692.220 2.329e-17
8693.097 2.329e-17
8693.973 2.328e-17
8694.850 2.325e-17
8695.727 2.651e-17
8696.603 2.322e-17
8697.480 2.321e-17
8698.357 2.319e-17
8699.233 2.317e-17
8700.110 2.315e-17
8700.987 2.314e-17
8701.863 2.312e-17
8702.740 2.310e-17
8703.617 2.309e-17
8704.493 2.662e-17
8705.370 2.307e-17
8706.247 2.306e-17
8707.123 2.305e-17
8708.000 4.873e-17
8708.877 2.303e-17
8709.753 2.302e-17
8710.630 2.300e-17
8711.507 2.300e-17
8712.383 2.299e-17
8713.260 2.298e-17
8714.137 2.296e-17
8715.013 2.295e-17
8715.890 2.294e-17
8716.767 2.293e-17
8717.643 2.292e-17
8718.520 2.291e-17
8719.397 2.290e-17
8720.273 2.289e-17
8721.150 2.872e-17
8722.027 2.287e-17
8722.903 2.286e-17
8723.780 2.285e-17
8724.657 2.285e-17
8725.533 2.285e-17
8726.410 2.285e-17
8727.287 2.285e-17
8728.163 2.285e-17
8729.040 2.731e-17
8729.917 2.286e-17
8730.793 2.286e-17
8731.670 2.286e-17
8732.547 2.287e-17
8733.423 2.287e-17
8734.300 2.287e-17
8735.177 2.288e-17
8736.053 2.288e-17
8736.930 2.288e-17
8737.807 2.288e-17
8738.683 2.289e-17
8739.560 2.289e-17
8740.437 2.289e-17
8741.313 2.290e-17
8742.190 2.290e-17
8743.067 2.913e-17
8743.943 2.290e-17
8744.820 2.290e-17
8745.697 2.291e-17
8746.573 2.291e-17
8747.450 2.291e-17
8748.327 2.291e-17
8749.203 2.292e-17
8750.080 2.292e-17
8750.957 2.291e-17
8751.833 2.292e-17
8752.710 3.421e-17
8753.587 2.293e-17
8754.463 2.293e-17
8755.340 2.293e-17
8756.217 2.293e-17
8757.093 2.293e-17
8757.970 2.294e-17
8758.847 2.294e-17
8759.723 2.294e-17
8760.600 2.294e-17
8761.477 2.294e-17
8762.353 2.295e-17
8763.230 2.293e-17
8764.107 9.255e-17
8764.983 2.290e-17
8765.860 2.288e-17
8766.737 2.286e-17
8767.613 2.285e-17
8768.490 2.283e-17
8769.367 2.281e-17
8770.243 1.043e-15
8771.120 2.278e-17
8771.997 2.276e-17
8772.873 2.356e-17
8773.750 2.273e-17
8774.627 2.271e-17
8775.503 2.269e-17
8776.380 2.268e-17
8777.257 2.266e-17
8778.133 2.264e-17
8779.010 2.263e-17
8779.887 2.261e-17
8780.763 4.227e-15
8781.640 2.258e-17
8782.517 2.250e-17
8783.393 2.255e-17
8784.270 2.256e-17
8785.147 2.256e-17
8786.023 2.257e-17
8786.900 2.257e-17
8787.777 2.257e-17
8788.653 2.257e-17
8789.530 2.257e-17
8790.407 2.257e-17
8791.283 2.257e-17
8792.160 2.258e-17
8793.037 2.258e-17
8793.913 2.258e-17
8794.790 2.255e-17
8795.667 2.258e-17
8796.543 2.258e-17
8797.420 2.258e-17
8798.297 2.258e-17
8799.173 2.259e-17
8800.050 2.259e-17
8800.927 2.259e-17
8801.803 2.259e-17
8802.680 2.259e-17
8803.557 2.258e-17
8804.433 3.089e-17
8805.310 2.256e-17
8806.187 2.255e-17
8807.063 2.255e-17
8807.940 2.253e-17
8808.817 2.253e-17
8809.693 2.252e-17
8810.570 2.251e-17
8811.447 2.251e-17
8812.323 2.250e-17
8813.200 2.249e-17
8814.077 2.233e-17
8814.953 2.247e-17
8815.830 2.246e-17
8816.707 2.246e-17
8817.583 2.245e-17
8818.460 2.244e-17
8819.337 2.243e-17
8820.213 2.242e-17
8821.090 2.240e-17
8821.967 2.239e-17
8822.843 2.238e-17
8823.720 2.240e-17
8824.597 2.241e-17
8825.473 2.242e-17
8826.350 2.243e-17
8827.227 2.243e-17
8828.103 2.244e-17
8828.980 2.245e-17
8829.857 2.246e-17
8830.733 2.246e-17
8831.610 2.247e-17
8832.487 2.248e-17
8833.363 2.248e-17
8834.240 2.249e-17
8835.117 2.250e-17
8835.993 5.088e-17
8836.870 2.557e-17
8837.747 2.251e-17
8838.623 2.253e-17
8839.500 2.253e-17
8840.377 2.254e-17
8841.253 2.255e-17
8842.130 2.256e-17
8843.007 2.255e-17
8843.883 2.254e-17
8844.760 2.252e-17
8845.637 2.251e-17
8846.513 2.249e-17
8847.390 2.248e-17
8848.267 2.246e-17
8849.143 2.245e-17
8850.020 2.244e-17
8850.897 2.243e-17
8851.773 2.241e-17
8852.650 2.240e-17
8853.527 2.238e-17
8854.403 2.237e-17
8855.280 2.235e-17
8856.157 2.234e-17
8857.033 2.233e-17
8857.910 2.232e-17
8858.787 2.230e-17
8859.663 2.211e-17
8860.540 2.227e-17
8861.417 2.220e-17
8862.293 2.393e-17
8863.170 2.356e-17
8864.047 3.525e-17
8864.923 4.504e-17
8865.800 6.698e-17
8866.677 2.224e-17
8867.553 2.222e-17
8868.430 2.222e-17
8869.307 2.232e-17
8870.183 2.223e-17
8871.060 2.223e-17
8871.937 2.223e-17
8872.813 2.223e-17
8873.690 2.223e-17
8874.567 2.222e-17
8875.443 2.222e-17
8876.320 2.222e-17
8877.197 2.222e-17
8878.073 2.222e-17
8878.950 2.222e-17
8879.827 2.221e-17
8880.703 2.221e-17
8881.580 2.210e-17
8882.457 2.221e-17
8883.333 2.221e-17
8884.210 2.219e-17
8885.087 2.219e-17
8885.963 2.219e-17
8886.840 2.219e-17
8887.717 2.218e-17
8888.593 2.217e-17
8889.470 2.217e-17
8890.347 2.216e-17
8891.223 2.333e-17
8892.100 2.215e-17
8892.977 2.215e-17
8893.853 2.214e-17
8894.730 2.213e-17
8895.607 2.213e-17
8896.483 2.212e-17
8897.360 2.211e-17
8898.237 2.211e-17
8899.113 2.479e-17
8899.990 2.210e-17
8900.867 2.209e-17
8901.743 2.208e-17
8902.620 2.208e-17
8903.497 2.207e-17
8904.373 2.206e-17
8905.250 2.205e-17
8906.127 2.205e-17
8907.003 2.204e-17
8907.880 2.203e-17
8908.757 2.202e-17
8909.633 2.190e-17
8910.510 2.200e-17
8911.387 2.199e-17
8912.263 2.198e-17
8913.140 2.197e-17
8914.017 2.196e-17
8914.893 2.195e-17
8915.770 2.194e-17
8916.647 2.193e-17
8917.523 2.192e-17
8918.400 2.174e-17
8919.277 2.766e-17
8920.153 2.181e-17
8921.030 2.189e-17
8921.907 2.182e-17
8922.783 2.186e-17
8923.660 2.187e-17
8924.537 2.187e-17
8925.413 2.187e-17
8926.290 2.187e-17
8927.167 2.182e-17
8928.043 2.187e-17
8928.920 2.185e-17
8929.797 2.243e-17
8930.673 2.445e-17
8931.550 2.555e-17
8932.427 2.177e-17
8933.303 2.180e-17
8934.180 2.299e-17
8935.057 2.185e-17
8935.933 2.184e-17
8936.810 2.671e-17
8937.687 2.186e-17
8938.563 2.185e-17
8939.440 2.186e-17
8940.317 2.184e-17
8941.193 2.186e-17
8942.070 2.185e-17
8942.947 2.149e-17
8943.823 2.237e-17
8944.700 2.119e-17
8945.577 2.185e-17
8946.453 2.183e-17
8947.330 2.186e-17
8948.207 2.184e-17
8949.083 2.160e-17
8949.960 2.635e-17
8950.837 2.178e-17
8951.713 2.183e-17
8952.590 2.186e-17
8953.467 2.183e-17
8954.343 2.136e-17
8955.220 2.183e-17
8956.097 2.183e-17
8956.973 2.146e-17
8957.850 2.168e-17
8958.727 2.185e-17
8959.603 2.186e-17
8960.480 4.016e-16
8961.357 2.183e-17
8962.233 2.186e-17
8963.110 2.169e-17
8963.987 2.174e-17
8964.863 1.734e-17
8965.740 2.160e-17
8966.617 2.171e-17
8967.493 3.178e-17
8968.370 2.146e-17
8969.247 2.154e-17
8970.123 2.168e-17
8971.000 2.919e-17
8971.877 2.829e-17
8972.753 2.160e-17
8973.630 1.073e-16
8974.507 2.135e-17
8975.383 1.950e-17
8976.260 2.263e-17
8977.137 1.901e-17
8978.013 2.171e-17
8978.890 1.951e-17
8979.767 2.146e-17
8980.643 2.144e-17
8981.520 2.140e-17
8982.397 2.120e-17
8983.273 1.976e-17
8984.150 2.130e-17
8985.027 2.137e-17
8985.903 2.137e-17
8986.780 2.121e-17
8987.657 2.133e-17
8988.533 2.114e-17
8989.410 2.530e-17
8990.287 1.872e-17
8991.163 2.103e-17
8992.040 1.968e-17
8992.917 2.062e-17
8993.793 2.037e-17
8994.670 2.009e-17
8995.547 2.977e-17
8996.423 2.123e-17
8997.300 2.127e-17
8998.177 2.127e-17
8999.053 2.127e-17
8999.930 2.125e-17
9000.807 2.124e-17
9001.683 2.115e-17
9002.560 1.774e-17
9003.437 2.045e-17
9004.313 2.119e-17
9005.190 2.117e-17
9006.067 1.288e-17
9006.943 2.107e-17
9007.820 2.122e-17
9008.697 2.121e-17
9009.573 1.825e-17
9010.450 2.060e-17
9011.327 2.102e-17
9012.203 2.122e-17
9013.080 2.121e-17
9013.957 2.075e-17
9014.833 2.096e-17
9015.710 2.119e-17
9016.587 2.123e-17
9017.463 2.116e-17
9018.340 2.100e-17
9019.217 7.070e-18
9020.093 2.099e-17
9020.970 2.116e-17
9021.847 2.122e-17
9022.723 2.103e-17
9023.600 2.116e-17
9024.477 2.098e-17
9025.353 1.948e-17
9026.230 2.112e-17
9027.107 2.097e-17
9027.983 2.034e-17
9028.860 2.061e-17
9029.737 2.112e-17
9030.613 2.114e-17
9031.490 2.980e-17
9032.367 2.109e-17
9033.243 2.106e-17
9034.120 2.052e-17
9034.997 2.109e-17
9035.873 2.110e-17
9036.750 2.109e-17
9037.627 2.102e-17
9038.503 2.108e-17
9039.380 2.108e-17
9040.257 2.106e-17
9041.133 2.105e-17
9042.010 2.103e-17
9042.887 2.099e-17
9043.763 2.089e-17
9044.640 2.047e-17
9045.517 2.040e-17
9046.393 2.102e-17
9047.270 2.103e-17
9048.147 2.103e-17
9049.023 2.103e-17
9049.900 1.886e-17
9050.777 2.098e-17
9051.653 5.426e-16
9052.530 2.102e-17
9053.407 2.084e-17
9054.283 2.099e-17
9055.160 2.053e-17
9056.037 2.089e-17
9056.913 2.094e-17
9057.790 2.101e-17
9058.667 2.100e-17
9059.543 2.937e-17
9060.420 2.099e-17
9061.297 2.099e-17
9062.173 2.095e-17
9063.050 1.873e-17
9063.927 2.088e-17
9064.803 2.079e-17
9065.680 2.081e-17
9066.557 1.615e-17
9067.433 2.086e-17
9068.310 2.078e-17
9069.187 2.084e-17
9070.063 2.050e-17
9070.940 3.106e-17
9071.817 1.816e-17
9072.693 2.066e-17
9073.570 2.060e-17
9074.447 4.080e-18
9075.323 2.052e-17
9076.200 2.055e-17
9077.077 2.190e-17
9077.953 2.061e-17
9078.830 2.169e-17
9079.707 2.059e-17
9080.583 2.053e-17
9081.460 1.807e-17
9082.337 1.028e-17
9083.213 2.008e-17
9084.090 1.974e-17
9084.967 2.051e-17
9085.843 2.043e-17
9086.720 2.055e-17
9087.597 2.042e-17
9088.473 2.042e-17
9089.350 1.670e-17
9090.227 2.039e-17
9091.103 2.055e-17
9091.980 2.048e-17
9092.857 2.710e-17
9093.733 2.414e-17
9094.610 2.089e-17
9095.487 2.049e-17
9096.363 1.704e-17
9097.240 2.051e-17
9098.117 2.045e-17
9098.993 2.063e-17
9099.870 2.243e-17
9100.747 1.983e-17
9101.623 2.042e-17
9102.500 1.887e-17
