4500.000 3.863e-16
4500.877 3.880e-16
4501.753 3.897e-16
4502.630 3.913e-16
4503.507 3.930e-16
4504.383 3.947e-16
4505.260 3.963e-16
4506.137 3.980e-16
4507.013 3.977e-16
4507.890 3.969e-16
4508.767 3.961e-16
4509.643 3.953e-16
4510.520 3.945e-16
4511.397 3.937e-16
4512.273 3.929e-16
4513.150 3.922e-16
4514.027 3.914e-16
4514.903 3.906e-16
4515.780 3.898e-16
4516.657 3.882e-16
4517.533 3.853e-16
4518.410 3.824e-16
4519.287 3.795e-16
4520.163 3.766e-16
4521.040 3.737e-16
4521.917 3.708e-16
4522.793 3.679e-16
4523.670 3.650e-16
4524.547 3.621e-16
4525.423 3.592e-16
4526.300 3.564e-16
4527.177 3.566e-16
4528.053 3.569e-16
4528.930 3.571e-16
4529.807 3.574e-16
4530.683 3.576e-16
4531.560 3.579e-16
4532.437 3.581e-16
4533.313 3.584e-16
4534.190 3.586e-16
4535.067 3.589e-16
4535.943 3.591e-16
4536.820 3.592e-16
4537.697 3.591e-16
4538.573 3.591e-16
4539.450 3.590e-16
4540.327 3.589e-16
4541.203 3.589e-16
4542.080 3.588e-16
4542.957 3.690e-16
4543.833 3.587e-16
4544.710 3.586e-16
4545.587 3.621e-16
4546.463 3.586e-16
4547.340 3.592e-16
4548.217 3.599e-16
4549.093 3.605e-16
4549.970 3.612e-16
4550.847 3.618e-16
4551.723 3.625e-16
4552.600 3.631e-16
4553.477 3.638e-16
4554.353 3.678e-16
4555.230 3.651e-16
4556.107 3.657e-16
4556.983 3.662e-16
4557.860 3.666e-16
4558.737 3.671e-16
4559.613 3.675e-16
4560.490 3.680e-16
4561.367 3.684e-16
4562.243 3.689e-16
4563.120 3.693e-16
4563.997 3.698e-16
4564.873 3.702e-16
4565.750 3.706e-16
4566.627 3.710e-16
4567.503 3.711e-16
4568.380 3.712e-16
4569.257 3.730e-16
4570.133 3.715e-16
4571.010 3.716e-16
4571.887 3.717e-16
4572.763 3.719e-16
4573.640 3.720e-16
4574.517 3.721e-16
4575.393 3.722e-16
4576.270 3.724e-16
4577.147 3.702e-16
4578.023 3.680e-16
4578.900 3.658e-16
4579.777 3.636e-16
4580.653 3.614e-16
4581.530 3.592e-16
4582.407 3.570e-16
4583.283 3.548e-16
4584.160 3.534e-16
4585.037 3.504e-16
4585.913 3.482e-16
4586.790 3.475e-16
4587.667 3.478e-16
4588.543 3.482e-16
4589.420 3.485e-16
4590.297 3.489e-16
4591.173 3.493e-16
4592.050 3.496e-16
4592.927 3.500e-16
4593.803 3.503e-16
4594.680 3.507e-16
4595.557 3.511e-16
4596.433 3.514e-16
4597.310 3.516e-16
4598.187 3.519e-16
4599.063 3.521e-16
4599.940 3.524e-16
4600.817 3.526e-16
4601.693 3.529e-16
4602.570 3.531e-16
4603.447 3.534e-16
4604.323 3.536e-16
4605.200 3.539e-16
4606.077 3.541e-16
4606.953 3.542e-16
4607.830 3.542e-16
4608.707 3.542e-16
4609.583 3.542e-16
4610.460 3.542e-16
4611.337 3.542e-16
4612.213 3.542e-16
4613.090 3.542e-16
4613.967 3.542e-16
4614.843 3.542e-16
4615.720 3.542e-16
4616.597 3.544e-16
4617.473 3.549e-16
4618.350 3.554e-16
4619.227 3.560e-16
4620.103 3.565e-16
4620.980 3.570e-16
4621.857 3.575e-16
4622.733 3.580e-16
4623.610 3.585e-16
4624.487 3.590e-16
4625.363 3.595e-16
4626.240 3.600e-16
4627.117 3.590e-16
4627.993 3.578e-16
4628.870 3.566e-16
4629.747 3.555e-16
4630.623 3.543e-16
4631.500 3.531e-16
4632.377 3.520e-16
4633.253 3.508e-16
4634.130 3.497e-16
4635.007 3.485e-16
4635.883 3.474e-16
4636.760 3.462e-16
4637.637 3.451e-16
4638.513 3.439e-16
4639.390 3.428e-16
4640.267 3.416e-16
4641.143 3.405e-16
4642.020 3.393e-16
4642.897 3.382e-16
4643.773 3.370e-16
4644.650 3.359e-16
4645.527 3.347e-16
4646.403 3.338e-16
4647.280 3.346e-16
4648.157 3.354e-16
4649.033 3.361e-16
4649.910 3.369e-16
4650.787 3.376e-16
4651.663 3.384e-16
4652.540 3.391e-16
4653.417 3.399e-16
4654.293 3.406e-16
4655.170 3.414e-16
4656.047 3.421e-16
4656.923 3.409e-16
4657.800 3.390e-16
4658.677 3.371e-16
4659.553 3.353e-16
4660.430 3.335e-16
4661.307 3.317e-16
4662.183 3.299e-16
4663.060 3.281e-16
4663.937 3.263e-16
4664.813 3.245e-16
4665.690 3.227e-16
4666.567 3.218e-16
4667.443 3.231e-16
4668.320 3.244e-16
4669.197 3.257e-16
4670.073 3.270e-16
4670.950 3.283e-16
4671.827 3.296e-16
4672.703 3.309e-16
4673.580 3.348e-16
4674.457 3.335e-16
4675.333 3.348e-16
4676.210 3.361e-16
4677.087 3.476e-16
4677.963 3.356e-16
4678.840 3.352e-16
4679.717 3.348e-16
4680.593 3.344e-16
4681.470 3.341e-16
4682.347 3.337e-16
4683.223 3.333e-16
4684.100 3.330e-16
4684.977 3.326e-16
4685.853 3.322e-16
4686.730 3.320e-16
4687.607 3.319e-16
4688.483 3.317e-16
4689.360 3.316e-16
4690.237 3.315e-16
4691.113 3.314e-16
4691.990 3.312e-16
4692.867 3.311e-16
4693.743 3.310e-16
4694.620 3.309e-16
4695.497 3.307e-16
4696.373 3.305e-16
4697.250 3.288e-16
4698.127 3.269e-16
4699.003 3.254e-16
4699.880 3.237e-16
4700.757 3.220e-16
4701.633 3.204e-16
4702.510 3.187e-16
4703.387 3.171e-16
4704.263 3.154e-16
4705.140 3.138e-16
4706.017 3.121e-16
4706.893 3.129e-16
4707.770 3.149e-16
4708.647 3.169e-16
4709.523 3.189e-16
4710.400 3.209e-16
4711.277 3.229e-16
4712.153 3.249e-16
4713.030 3.269e-16
4713.907 3.289e-16
4714.783 3.309e-16
4715.660 3.329e-16
4716.537 3.345e-16
4717.413 3.347e-16
4718.290 3.350e-16
4719.167 3.353e-16
4720.043 3.356e-16
4720.920 3.359e-16
4721.797 3.362e-16
4722.673 3.365e-16
4723.550 3.368e-16
4724.427 3.371e-16
4725.303 3.374e-16
4726.180 3.377e-16
4727.057 3.371e-16
4727.933 3.364e-16
4728.810 3.356e-16
4729.687 3.349e-16
4730.563 3.340e-16
4731.440 3.334e-16
4732.317 3.326e-16
4733.193 3.318e-16
4734.070 3.311e-16
4734.947 3.303e-16
4735.823 3.296e-16
4736.700 3.295e-16
4737.577 3.303e-16
4738.453 3.312e-16
4739.330 3.320e-16
4740.207 3.328e-16
4741.083 3.336e-16
4741.960 3.344e-16
4742.837 3.352e-16
4743.713 3.360e-16
4744.590 3.368e-16
4745.467 3.376e-16
4746.343 3.384e-16
4747.220 3.378e-16
4748.097 3.372e-16
4748.973 3.366e-16
4749.850 3.361e-16
4750.727 3.355e-16
4751.603 3.348e-16
4752.480 3.342e-16
4753.357 3.335e-16
4754.233 3.329e-16
4755.110 3.322e-16
4755.987 3.316e-16
4756.863 3.307e-16
4757.740 3.297e-16
4758.617 3.287e-16
4759.493 3.277e-16
4760.370 3.267e-16
4761.247 3.257e-16
4762.123 3.247e-16
4763.000 3.237e-16
4763.877 3.227e-16
4764.753 3.217e-16
4765.630 3.208e-16
4766.507 3.204e-16
4767.383 3.219e-16
4768.260 3.235e-16
4769.137 3.251e-16
4770.013 3.266e-16
4770.890 3.282e-16
4771.767 3.298e-16
4772.643 3.313e-16
4773.520 3.329e-16
4774.397 3.345e-16
4775.273 3.361e-16
4776.150 3.377e-16
4777.027 3.371e-16
4777.903 3.361e-16
4778.780 3.351e-16
4779.657 3.341e-16
4780.533 3.330e-16
4781.410 3.320e-16
4782.287 3.310e-16
4783.163 3.300e-16
4784.040 3.290e-16
4784.917 3.280e-16
4785.793 3.270e-16
4786.670 3.268e-16
4787.547 3.277e-16
4788.423 3.285e-16
4789.300 3.294e-16
4790.177 3.303e-16
4791.053 3.312e-16
4791.930 3.320e-16
4792.807 3.329e-16
4793.683 3.338e-16
4794.560 3.346e-16
4795.437 3.355e-16
4796.313 3.363e-16
4797.190 3.357e-16
4798.067 3.350e-16
4798.943 3.344e-16
4799.820 3.337e-16
4800.697 3.331e-16
4801.573 3.324e-16
4802.450 3.318e-16
4803.327 3.311e-16
4804.203 3.305e-16
4805.080 3.298e-16
4805.957 3.292e-16
4806.833 3.293e-16
4807.710 3.300e-16
4808.587 3.307e-16
4809.463 3.314e-16
4810.340 3.321e-16
4811.217 3.328e-16
4812.093 3.334e-16
4812.970 3.376e-16
4813.847 3.364e-16
4814.723 3.355e-16
4815.600 3.361e-16
4816.477 3.367e-16
4817.353 3.356e-16
4818.230 3.346e-16
4819.107 3.336e-16
4819.983 3.326e-16
4820.860 3.316e-16
4821.737 3.306e-16
4822.613 3.295e-16
4823.490 3.285e-16
4824.367 3.275e-16
4825.243 3.311e-16
4826.120 3.259e-16
4826.997 3.250e-16
4827.873 3.249e-16
4828.750 3.248e-16
4829.627 3.246e-16
4830.503 3.245e-16
4831.380 3.243e-16
4832.257 3.242e-16
4833.133 3.241e-16
4834.010 3.239e-16
4834.887 3.238e-16
4835.763 3.237e-16
4836.640 3.233e-16
4837.517 3.226e-16
4838.393 3.218e-16
4839.270 3.210e-16
4840.147 3.202e-16
4841.023 3.194e-16
4841.900 3.186e-16
4842.777 3.178e-16
4843.653 3.170e-16
4844.530 3.163e-16
4845.407 3.155e-16
4846.283 3.147e-16
4847.160 3.127e-16
4848.037 3.107e-16
4848.913 3.087e-16
4849.790 3.067e-16
4850.667 3.048e-16
4851.543 3.028e-16
4852.420 3.008e-16
4853.297 2.988e-16
4854.173 2.968e-16
4855.050 2.948e-16
4855.927 2.929e-16
4856.803 2.905e-16
4857.680 2.875e-16
4858.557 2.846e-16
4859.433 2.817e-16
4860.310 2.788e-16
4861.187 2.759e-16
4862.063 2.729e-16
4862.940 2.700e-16
4863.817 2.671e-16
4864.693 2.642e-16
4865.570 2.613e-16
4866.447 2.587e-16
4867.323 2.614e-16
4868.200 2.642e-16
4869.077 2.669e-16
4869.953 2.696e-16
4870.830 2.723e-16
4871.707 2.750e-16
4872.583 2.778e-16
4873.460 2.804e-16
4874.337 2.832e-16
4875.213 2.859e-16
4876.090 2.886e-16
4876.967 2.902e-16
4877.843 2.912e-16
4878.720 2.922e-16
4879.597 2.933e-16
4880.473 2.943e-16
4881.350 2.953e-16
4882.227 2.963e-16
4883.103 2.973e-16
4883.980 3.046e-16
4884.857 2.993e-16
4885.733 3.003e-16
4886.610 3.012e-16
4887.487 3.017e-16
4888.363 3.022e-16
4889.240 3.027e-16
4890.117 3.032e-16
4890.993 3.037e-16
4891.870 3.042e-16
4892.747 3.046e-16
4893.623 3.051e-16
4894.500 3.056e-16
4895.377 3.061e-16
4896.253 3.066e-16
4897.130 3.071e-16
4898.007 3.076e-16
4898.883 3.080e-16
4899.760 3.085e-16
4900.637 3.090e-16
4901.513 3.095e-16
4902.390 3.100e-16
4903.267 3.105e-16
4904.143 3.110e-16
4905.020 3.115e-16
4905.897 3.120e-16
4906.773 3.116e-16
4907.650 3.099e-16
4908.527 3.083e-16
4909.403 3.067e-16
4910.280 3.050e-16
4911.157 3.034e-16
4912.033 3.018e-16
4912.910 3.001e-16
4913.787 2.985e-16
4914.663 2.969e-16
4915.540 2.953e-16
4916.417 2.937e-16
4917.293 2.935e-16
4918.170 2.934e-16
4919.047 2.933e-16
4919.923 2.931e-16
4920.800 2.930e-16
4921.677 2.929e-16
4922.553 2.927e-16
4923.430 2.926e-16
4924.307 2.925e-16
4925.183 2.923e-16
4926.060 2.922e-16
4926.937 2.920e-16
4927.813 2.918e-16
4928.690 2.915e-16
4929.567 2.913e-16
4930.443 2.910e-16
4931.320 2.908e-16
4932.197 2.906e-16
4933.073 2.903e-16
4933.950 2.901e-16
4934.827 2.898e-16
4935.703 2.896e-16
4936.580 2.898e-16
4937.457 2.920e-16
4938.333 2.941e-16
4939.210 3.222e-16
4940.087 2.983e-16
4940.963 3.004e-16
4941.840 3.025e-16
4942.717 3.046e-16
4943.593 3.067e-16
4944.470 3.088e-16
4945.347 3.109e-16
4946.223 3.130e-16
4947.100 3.119e-16
4947.977 3.101e-16
4948.853 3.082e-16
4949.730 3.063e-16
4950.607 3.044e-16
4951.483 3.025e-16
4952.360 3.006e-16
4953.237 2.988e-16
4954.113 2.969e-16
4954.990 2.950e-16
4955.867 2.931e-16
4956.743 2.924e-16
4957.620 2.934e-16
4958.497 2.945e-16
4959.373 2.955e-16
4960.250 2.966e-16
4961.127 2.976e-16
4962.003 2.987e-16
4962.880 2.997e-16
4963.757 3.007e-16
4964.633 3.040e-16
4965.510 3.028e-16
4966.387 3.038e-16
4967.263 3.037e-16
4968.140 3.036e-16
4969.017 3.034e-16
4969.893 3.033e-16
4970.770 3.032e-16
4971.647 3.030e-16
4972.523 3.029e-16
4973.400 3.027e-16
4974.277 3.026e-16
4975.153 3.024e-16
4976.030 3.023e-16
4976.907 3.010e-16
4977.783 2.989e-16
4978.660 2.967e-16
4979.537 2.946e-16
4980.413 2.925e-16
4981.290 2.904e-16
4982.167 2.883e-16
4983.043 2.861e-16
4983.920 2.840e-16
4984.797 2.819e-16
4985.673 2.798e-16
4986.550 2.782e-16
4987.427 2.794e-16
4988.303 2.806e-16
4989.180 2.818e-16
4990.057 2.830e-16
4990.933 2.842e-16
4991.810 2.853e-16
4992.687 2.865e-16
4993.563 2.877e-16
4994.440 2.889e-16
4995.317 2.900e-16
4996.193 2.912e-16
4997.070 2.903e-16
4997.947 2.887e-16
4998.823 2.870e-16
4999.700 2.854e-16
5000.577 2.839e-16
5001.453 2.823e-16
5002.330 2.808e-16
5003.207 2.792e-16
5004.083 2.777e-16
5004.960 2.761e-16
5005.837 2.783e-16
5006.713 2.734e-16
5007.590 2.727e-16
5008.467 2.720e-16
5009.343 2.714e-16
5010.220 2.707e-16
5011.097 2.700e-16
5011.973 2.693e-16
5012.850 2.687e-16
5013.727 2.680e-16
5014.603 2.673e-16
5015.480 2.667e-16
5016.357 2.660e-16
5017.233 2.668e-16
5018.110 2.677e-16
5018.987 2.687e-16
5019.863 2.697e-16
5020.740 2.706e-16
5021.617 2.715e-16
5022.493 2.725e-16
5023.370 2.734e-16
5024.247 2.744e-16
5025.123 2.753e-16
5026.000 2.759e-16
5026.877 2.769e-16
5027.753 2.773e-16
5028.630 2.777e-16
5029.507 2.781e-16
5030.383 2.785e-16
5031.260 2.789e-16
5032.137 2.793e-16
5033.013 2.797e-16
5033.890 2.801e-16
5034.767 2.805e-16
5035.643 2.808e-16
5036.520 2.812e-16
5037.397 2.803e-16
5038.273 2.794e-16
5039.150 2.763e-16
5040.027 2.775e-16
5040.903 2.763e-16
5041.780 2.757e-16
5042.657 2.748e-16
5043.533 2.728e-16
5044.410 2.725e-16
5045.287 2.718e-16
5046.163 2.712e-16
5047.040 2.719e-16
5047.917 2.735e-16
5048.793 2.749e-16
5049.670 2.764e-16
5050.547 2.779e-16
5051.423 2.793e-16
5052.300 2.808e-16
5053.177 2.823e-16
5054.053 2.837e-16
5054.930 2.852e-16
5055.807 2.867e-16
5056.683 2.874e-16
5057.560 2.870e-16
5058.437 2.865e-16
5059.313 2.860e-16
5060.190 2.856e-16
5061.067 2.851e-16
5061.943 2.846e-16
5062.820 2.841e-16
5063.697 2.835e-16
5064.573 2.832e-16
5065.450 2.827e-16
5066.327 2.822e-16
5067.203 2.813e-16
5068.080 2.807e-16
5068.957 2.799e-16
5069.833 2.791e-16
5070.710 2.784e-16
5071.587 2.771e-16
5072.463 2.768e-16
5073.340 2.761e-16
5074.217 2.751e-16
5075.093 2.746e-16
5075.970 2.738e-16
5076.847 2.735e-16
5077.723 2.734e-16
5078.600 2.737e-16
5079.477 2.738e-16
5080.353 2.738e-16
5081.230 2.739e-16
5082.107 2.740e-16
5082.983 2.741e-16
5083.860 2.742e-16
5084.737 2.743e-16
5085.613 2.740e-16
5086.490 2.744e-16
5087.367 2.743e-16
5088.243 2.742e-16
5089.120 2.741e-16
5089.997 2.740e-16
5090.873 2.739e-16
5091.750 2.738e-16
5092.627 2.736e-16
5093.503 2.735e-16
5094.380 2.734e-16
5095.257 2.731e-16
5096.133 2.732e-16
5097.010 2.734e-16
5097.887 2.736e-16
5098.763 2.739e-16
5099.640 2.743e-16
5100.517 2.746e-16
5101.393 2.749e-16
5102.270 2.752e-16
5103.147 2.753e-16
5104.023 2.757e-16
5104.900 2.761e-16
5105.777 2.764e-16
5106.653 2.767e-16
5107.530 2.773e-16
5108.407 2.778e-16
5109.283 2.783e-16
5110.160 2.789e-16
5111.037 2.794e-16
5111.913 2.799e-16
5112.790 2.804e-16
5113.667 2.810e-16
5114.543 2.815e-16
5115.420 2.820e-16
5116.297 2.825e-16
5117.173 2.811e-16
5118.050 2.794e-16
5118.927 2.777e-16
5119.803 2.761e-16
5120.680 2.744e-16
5121.557 2.727e-16
5122.433 2.710e-16
5123.310 2.693e-16
5124.187 2.676e-16
5125.063 2.660e-16
5125.940 2.643e-16
5126.817 2.634e-16
5127.693 2.632e-16
5128.570 2.630e-16
5129.447 2.629e-16
5130.323 2.627e-16
5131.200 2.626e-16
5132.077 2.624e-16
5132.953 2.622e-16
5133.830 2.621e-16
5134.707 2.619e-16
5135.583 2.618e-16
5136.460 2.616e-16
5137.337 2.617e-16
5138.213 2.618e-16
5139.090 2.618e-16
5139.967 2.619e-16
5140.843 2.620e-16
5141.720 2.620e-16
5142.597 2.621e-16
5143.473 2.622e-16
5144.350 2.622e-16
5145.227 2.623e-16
5146.103 2.624e-16
5146.980 2.625e-16
5147.857 2.628e-16
5148.733 2.630e-16
5149.610 2.632e-16
5150.487 2.634e-16
5151.363 2.637e-16
5152.240 2.639e-16
5153.117 2.641e-16
5153.993 2.643e-16
5154.870 2.645e-16
5155.747 2.648e-16
5156.623 2.642e-16
5157.500 2.613e-16
5158.377 2.584e-16
5159.253 2.556e-16
5160.130 2.527e-16
5161.007 2.498e-16
5161.883 2.469e-16
5162.760 2.440e-16
5163.637 2.412e-16
5164.513 2.383e-16
5165.390 2.354e-16
5166.267 2.326e-16
5167.143 2.326e-16
5168.020 2.332e-16
5168.897 2.339e-16
5169.773 2.345e-16
5170.650 2.351e-16
5171.527 2.357e-16
5172.403 2.363e-16
5173.280 2.369e-16
5174.157 2.375e-16
5175.033 2.381e-16
5175.910 2.387e-16
5176.787 2.386e-16
5177.663 2.377e-16
5178.540 2.367e-16
5179.417 2.358e-16
5180.293 2.348e-16
5181.170 2.339e-16
5182.047 2.329e-16
5182.923 2.320e-16
5183.800 2.311e-16
5184.677 2.301e-16
5185.553 2.292e-16
5186.430 2.283e-16
5187.307 2.303e-16
5188.183 2.323e-16
5189.060 2.343e-16
5189.937 2.363e-16
5190.813 2.383e-16
5191.690 2.402e-16
5192.567 2.422e-16
5193.443 2.442e-16
5194.320 2.462e-16
5195.197 2.481e-16
5196.073 2.501e-16
5196.950 2.510e-16
5197.827 2.510e-16
5198.703 2.509e-16
5199.580 2.509e-16
5200.457 2.508e-16
5201.333 2.508e-16
5202.210 2.507e-16
5203.087 2.506e-16
5203.963 2.506e-16
5204.840 2.505e-16
5205.717 2.505e-16
5206.593 2.505e-16
5207.470 2.513e-16
5208.347 2.521e-16
5209.223 2.529e-16
5210.100 2.537e-16
5210.977 2.544e-16
5211.853 2.552e-16
5212.730 2.560e-16
5213.607 2.568e-16
5214.483 2.576e-16
5215.360 2.584e-16
5216.237 2.592e-16
5217.113 2.586e-16
5217.990 2.575e-16
5218.867 2.607e-16
5219.743 2.554e-16
5220.620 2.543e-16
5221.497 2.532e-16
5222.373 2.521e-16
5223.250 2.510e-16
5224.127 2.500e-16
5225.003 2.489e-16
5225.880 2.478e-16
5226.757 2.474e-16
5227.633 2.482e-16
5228.510 2.489e-16
5229.387 2.496e-16
5230.263 2.503e-16
5231.140 2.511e-16
5232.017 2.518e-16
5232.893 2.525e-16
5233.770 2.532e-16
5234.647 2.539e-16
5235.523 2.546e-16
5236.400 2.553e-16
5237.277 2.560e-16
5238.153 2.566e-16
5239.030 2.573e-16
5239.907 2.579e-16
5240.783 2.585e-16
5241.660 2.591e-16
5242.537 2.598e-16
5243.413 2.604e-16
5244.290 2.611e-16
5245.167 2.617e-16
5246.043 2.623e-16
5246.920 2.625e-16
5247.797 2.620e-16
5248.673 2.616e-16
5249.550 2.611e-16
5250.427 2.607e-16
5251.303 2.720e-16
5252.180 2.598e-16
5253.057 2.594e-16
5253.933 2.590e-16
5254.810 2.585e-16
5255.687 2.584e-16
5256.563 2.575e-16
5257.440 2.588e-16
5258.317 2.516e-16
5259.193 2.483e-16
5260.070 2.452e-16
5260.947 2.421e-16
5261.823 2.391e-16
5262.700 2.396e-16
5263.577 2.330e-16
5264.453 2.299e-16
5265.330 2.269e-16
5266.207 2.238e-16
5267.083 2.239e-16
5267.960 2.256e-16
5268.837 2.273e-16
5269.713 2.289e-16
5270.590 2.306e-16
5271.467 2.323e-16
5272.343 2.340e-16
5273.220 2.356e-16
5274.097 2.373e-16
5274.973 2.390e-16
5275.850 2.407e-16
5276.727 2.421e-16
5277.603 2.647e-16
5278.480 2.434e-16
5279.357 2.441e-16
5280.233 2.448e-16
5281.110 2.455e-16
5281.987 2.462e-16
5282.863 2.468e-16
5283.740 2.475e-16
5284.617 2.482e-16
5285.493 2.489e-16
5286.370 2.495e-16
5287.247 2.498e-16
5288.123 2.499e-16
5289.000 2.500e-16
5289.877 2.502e-16
5290.753 2.503e-16
5291.630 2.504e-16
5292.507 2.506e-16
5293.383 2.507e-16
5294.260 2.508e-16
5295.137 2.509e-16
5296.013 2.511e-16
5296.890 2.513e-16
5297.767 2.516e-16
5298.643 2.518e-16
5299.520 2.521e-16
5300.397 2.524e-16
5301.273 2.527e-16
5302.150 2.529e-16
5303.027 2.532e-16
5303.903 2.535e-16
5304.780 2.538e-16
5305.657 2.540e-16
5306.533 2.543e-16
5307.410 2.543e-16
5308.287 2.544e-16
5309.163 2.544e-16
5310.040 2.544e-16
5310.917 2.544e-16
5311.793 2.544e-16
5312.670 2.545e-16
5313.547 2.545e-16
5314.423 2.545e-16
5315.300 2.545e-16
5316.177 2.545e-16
5317.053 2.531e-16
5317.930 2.509e-16
5318.807 2.486e-16
5319.683 2.463e-16
5320.560 2.441e-16
5321.437 2.418e-16
5322.313 2.396e-16
5323.190 2.373e-16
5324.067 2.351e-16
5324.943 2.328e-16
5325.820 2.306e-16
5326.697 2.297e-16
5327.573 2.309e-16
5328.450 2.325e-16
5329.327 2.341e-16
5330.203 2.357e-16
5331.080 2.375e-16
5331.957 2.549e-16
5332.833 2.405e-16
5333.710 2.422e-16
5334.587 2.438e-16
5335.463 2.454e-16
5336.340 2.470e-16
5337.217 2.466e-16
5338.093 2.458e-16
5338.970 2.450e-16
5339.847 2.442e-16
5340.723 2.434e-16
5341.600 2.426e-16
5342.477 2.418e-16
5343.353 2.410e-16
5344.230 2.402e-16
5345.107 2.394e-16
5345.983 2.386e-16
5346.860 2.387e-16
5347.737 2.401e-16
5348.613 2.414e-16
5349.490 2.428e-16
5350.367 2.442e-16
5351.243 2.456e-16
5352.120 2.469e-16
5352.997 2.483e-16
5353.873 2.497e-16
5354.750 2.511e-16
5355.627 2.552e-16
5356.503 2.538e-16
5357.380 2.524e-16
5358.257 2.510e-16
5359.133 2.496e-16
5360.010 2.482e-16
5360.887 2.468e-16
5361.763 2.454e-16
5362.640 2.440e-16
5363.517 2.426e-16
5364.393 2.412e-16
5365.270 2.398e-16
5366.147 2.384e-16
5367.023 2.379e-16
5367.900 2.379e-16
5368.777 2.380e-16
5369.653 2.380e-16
5370.530 2.380e-16
5371.407 2.381e-16
5372.283 2.381e-16
5373.160 2.381e-16
5374.037 2.382e-16
5374.913 2.382e-16
5375.790 2.382e-16
5376.667 2.383e-16
5377.543 2.384e-16
5378.420 2.386e-16
5379.297 2.388e-16
5380.173 2.389e-16
5381.050 2.390e-16
5381.927 2.392e-16
5382.803 2.393e-16
5383.680 2.395e-16
5384.557 2.396e-16
5385.433 2.398e-16
5386.310 2.399e-16
5387.187 2.393e-16
5388.063 2.384e-16
5388.940 2.375e-16
5389.817 2.366e-16
5390.693 2.358e-16
5391.570 2.349e-16
5392.447 2.340e-16
5393.323 2.331e-16
5394.200 2.323e-16
5395.077 2.314e-16
5395.953 2.305e-16
5396.830 2.297e-16
5397.707 2.289e-16
5398.583 2.281e-16
5399.460 2.272e-16
5400.337 2.266e-16
5401.213 2.258e-16
5402.090 2.250e-16
5402.967 2.243e-16
5403.843 2.233e-16
5404.720 2.227e-16
5405.597 2.220e-16
5406.473 2.212e-16
5407.350 2.222e-16
5408.227 2.233e-16
5409.103 2.244e-16
5409.980 2.256e-16
5410.857 2.266e-16
5411.733 2.278e-16
5412.610 2.289e-16
5413.487 2.300e-16
5414.363 2.310e-16
5415.240 2.322e-16
5416.117 2.333e-16
5416.993 2.334e-16
5417.870 2.327e-16
5418.747 2.319e-16
5419.623 2.313e-16
5420.500 2.306e-16
5421.377 2.299e-16
5422.253 2.291e-16
5423.130 2.285e-16
5424.007 2.278e-16
5424.883 2.271e-16
5425.760 2.264e-16
5426.637 2.259e-16
5427.513 2.264e-16
5428.390 2.268e-16
5429.267 2.273e-16
5430.143 2.276e-16
5431.020 2.283e-16
5431.897 2.288e-16
5432.773 2.292e-16
5433.650 2.297e-16
5434.527 2.302e-16
5435.403 2.305e-16
5436.280 2.309e-16
5437.157 2.307e-16
5438.033 2.311e-16
5438.910 2.310e-16
5439.787 2.309e-16
5440.663 2.309e-16
5441.540 2.309e-16
5442.417 2.309e-16
5443.293 2.310e-16
5444.170 2.310e-16
5445.047 2.310e-16
5445.923 2.310e-16
5446.800 2.312e-16
5447.677 2.314e-16
5448.553 2.317e-16
5449.430 2.319e-16
5450.307 2.322e-16
5451.183 2.325e-16
5452.060 2.327e-16
5452.937 2.330e-16
5453.813 2.332e-16
5454.690 2.334e-16
5455.567 2.338e-16
5456.443 2.340e-16
5457.320 2.338e-16
5458.197 2.336e-16
5459.073 2.334e-16
5459.950 2.332e-16
5460.827 2.330e-16
5461.703 2.328e-16
5462.580 2.326e-16
5463.457 2.323e-16
5464.333 2.321e-16
5465.210 2.319e-16
5466.087 2.318e-16
5466.963 2.314e-16
5467.840 2.310e-16
5468.717 2.305e-16
5469.593 2.301e-16
5470.470 2.295e-16
5471.347 2.291e-16
5472.223 2.287e-16
5473.100 2.282e-16
5473.977 2.277e-16
5474.853 2.273e-16
5475.730 2.268e-16
5476.607 2.265e-16
5477.483 2.268e-16
5478.360 2.271e-16
5479.237 2.273e-16
5480.113 2.278e-16
5480.990 2.282e-16
5481.867 2.284e-16
5482.743 2.288e-16
5483.620 2.292e-16
5484.497 2.295e-16
5485.373 2.299e-16
5486.250 2.302e-16
5487.127 2.306e-16
5488.003 2.309e-16
5488.880 2.313e-16
5489.757 2.317e-16
5490.633 2.321e-16
5491.510 2.322e-16
5492.387 2.324e-16
5493.263 2.325e-16
5494.140 2.326e-16
5495.017 2.327e-16
5495.893 2.328e-16
5496.770 2.328e-16
5497.647 2.322e-16
5498.523 2.316e-16
5499.400 2.310e-16
5500.277 2.305e-16
5501.153 2.299e-16
5502.030 2.294e-16
5502.907 2.289e-16
5503.783 2.284e-16
5504.660 2.278e-16
5505.537 2.273e-16
5506.413 2.268e-16
5507.290 2.267e-16
5508.167 2.266e-16
5509.043 2.265e-16
5509.920 2.264e-16
5510.797 2.263e-16
5511.673 2.262e-16
5512.550 2.261e-16
5513.427 2.260e-16
5514.303 2.260e-16
5515.180 2.259e-16
5516.057 2.258e-16
5516.933 2.255e-16
5517.810 2.251e-16
5518.687 2.246e-16
5519.563 2.242e-16
5520.440 2.238e-16
5521.317 2.233e-16
5522.193 2.229e-16
5523.070 2.225e-16
5523.947 2.220e-16
5524.823 2.216e-16
5525.700 2.211e-16
5526.577 2.208e-16
5527.453 2.210e-16
5528.330 2.212e-16
5529.207 2.213e-16
5530.083 2.215e-16
5530.960 2.217e-16
5531.837 2.219e-16
5532.713 2.221e-16
5533.590 2.223e-16
5534.467 2.225e-16
5535.343 2.227e-16
5536.220 2.228e-16
5537.097 2.229e-16
5537.973 2.229e-16
5538.850 2.230e-16
5539.727 2.231e-16
5540.603 2.232e-16
5541.480 2.233e-16
5542.357 2.234e-16
5543.233 2.236e-16
5544.110 2.237e-16
5544.987 2.300e-16
5545.863 2.239e-16
5546.740 2.240e-16
5547.617 2.239e-16
5548.493 2.238e-16
5549.370 2.238e-16
5550.247 2.237e-16
5551.123 2.237e-16
5552.000 2.236e-16
5552.877 2.235e-16
5553.753 2.235e-16
5554.630 2.234e-16
5555.507 2.234e-16
5556.383 2.233e-16
5557.260 2.226e-16
5558.137 2.218e-16
5559.013 2.209e-16
5559.890 2.201e-16
5560.767 2.193e-16
5561.643 2.185e-16
5562.520 2.177e-16
5563.397 2.168e-16
5564.273 2.160e-16
5565.150 2.152e-16
5566.027 2.144e-16
5566.903 2.140e-16
5567.780 2.142e-16
5568.657 2.144e-16
5569.533 2.146e-16
5570.410 2.148e-16
5571.287 2.150e-16
5572.163 2.152e-16
5573.040 2.154e-16
5573.917 2.156e-16
5574.793 2.158e-16
5575.670 2.160e-16
5576.547 2.162e-16
5577.423 2.155e-16
5578.300 2.149e-16
5579.177 2.142e-16
5580.053 2.136e-16
5580.930 2.129e-16
5581.807 2.123e-16
5582.683 2.116e-16
5583.560 2.110e-16
5584.437 2.103e-16
5585.313 2.097e-16
5586.190 2.090e-16
5587.067 2.089e-16
5587.943 2.091e-16
5588.820 2.092e-16
5589.697 2.094e-16
5590.573 2.095e-16
5591.450 2.097e-16
5592.327 2.099e-16
5593.203 2.100e-16
5594.080 2.102e-16
5594.957 2.103e-16
5595.833 2.105e-16
5596.710 2.106e-16
5597.587 2.109e-16
5598.463 2.112e-16
5599.340 2.399e-16
5600.217 2.118e-16
5601.093 2.121e-16
5601.970 2.124e-16
5602.847 2.127e-16
5603.723 2.130e-16
5604.600 2.132e-16
5605.477 2.135e-16
5606.353 2.138e-16
5607.230 2.137e-16
5608.107 2.135e-16
5608.983 2.132e-16
5609.860 2.130e-16
5610.737 2.127e-16
5611.613 2.125e-16
5612.490 2.122e-16
5613.367 2.120e-16
5614.243 2.117e-16
5615.120 2.115e-16
5615.997 2.112e-16
5616.873 2.111e-16
5617.750 2.113e-16
5618.627 2.115e-16
5619.503 2.117e-16
5620.380 2.119e-16
5621.257 2.121e-16
5622.133 2.123e-16
5623.010 2.125e-16
5623.887 2.127e-16
5624.763 2.129e-16
5625.640 2.131e-16
5626.517 2.133e-16
5627.393 2.134e-16
5628.270 2.134e-16
5629.147 2.135e-16
5630.023 2.135e-16
5630.900 2.136e-16
5631.777 2.136e-16
5632.653 2.137e-16
5633.530 2.137e-16
5634.407 2.138e-16
5635.283 2.138e-16
5636.160 2.139e-16
5637.037 2.138e-16
5637.913 2.137e-16
5638.790 2.136e-16
5639.667 2.134e-16
5640.543 2.133e-16
5641.420 2.132e-16
5642.297 2.130e-16
5643.173 2.129e-16
5644.050 2.128e-16
5644.927 2.127e-16
5645.803 2.125e-16
5646.680 2.148e-16
5647.557 2.118e-16
5648.433 2.111e-16
5649.310 2.105e-16
5650.187 2.099e-16
5651.063 2.093e-16
5651.940 2.087e-16
5652.817 2.081e-16
5653.693 2.075e-16
5654.570 2.069e-16
5655.447 2.063e-16
5656.323 2.057e-16
5657.200 2.056e-16
5658.077 2.059e-16
5658.953 2.061e-16
5659.830 2.064e-16
5660.707 2.066e-16
5661.583 2.069e-16
5662.460 2.071e-16
5663.337 2.073e-16
5664.213 2.076e-16
5665.090 2.078e-16
5665.967 2.081e-16
5666.843 2.084e-16
5667.720 2.089e-16
5668.597 2.094e-16
5669.473 2.099e-16
5670.350 2.104e-16
5671.227 2.139e-16
5672.103 2.114e-16
5672.980 2.119e-16
5673.857 2.124e-16
5674.733 2.129e-16
5675.610 2.133e-16
5676.487 2.139e-16
5677.363 2.133e-16
5678.240 2.124e-16
5679.117 2.116e-16
5679.993 2.108e-16
5680.870 2.100e-16
5681.747 2.092e-16
5682.623 2.084e-16
5683.500 2.075e-16
5684.377 2.065e-16
5685.253 2.059e-16
5686.130 2.051e-16
5687.007 2.040e-16
5687.883 2.052e-16
5688.760 2.057e-16
5689.637 2.062e-16
5690.513 2.066e-16
5691.390 2.069e-16
5692.267 2.074e-16
5693.143 2.078e-16
5694.020 2.062e-16
5694.897 2.086e-16
5695.773 2.088e-16
5696.650 2.094e-16
5697.527 2.076e-16
5698.403 2.103e-16
5699.280 2.065e-16
5700.157 2.055e-16
5701.033 2.046e-16
5701.910 2.037e-16
5702.787 2.028e-16
5703.663 2.018e-16
5704.540 2.009e-16
5705.417 2.000e-16
5706.293 1.990e-16
5707.170 1.990e-16
5708.047 1.994e-16
5708.923 1.999e-16
5709.800 2.004e-16
5710.677 2.008e-16
5711.553 2.013e-16
5712.430 2.016e-16
5713.307 2.022e-16
5714.183 2.026e-16
5715.060 2.031e-16
5715.937 2.035e-16
5716.813 2.040e-16
5717.690 2.046e-16
5718.567 2.052e-16
5719.443 2.057e-16
5720.320 2.064e-16
5721.197 2.057e-16
5722.073 2.069e-16
5722.950 2.082e-16
5723.827 2.086e-16
5724.703 2.094e-16
5725.580 2.099e-16
5726.457 2.106e-16
5727.333 2.105e-16
5728.210 2.102e-16
5729.087 2.100e-16
5729.963 2.098e-16
5730.840 2.096e-16
5731.717 2.093e-16
5732.593 2.092e-16
5733.470 2.090e-16
5734.347 2.087e-16
5735.223 2.084e-16
5736.100 2.083e-16
5736.977 2.081e-16
5737.853 2.080e-16
5738.730 2.078e-16
5739.607 2.077e-16
5740.483 2.075e-16
5741.360 2.074e-16
5742.237 2.073e-16
5743.113 2.071e-16
5743.990 2.070e-16
5744.867 2.068e-16
5745.743 2.067e-16
5746.620 2.063e-16
5747.497 2.060e-16
5748.373 2.057e-16
5749.250 2.053e-16
5750.127 2.049e-16
5751.003 2.045e-16
5751.880 2.041e-16
5752.757 2.037e-16
5753.633 2.033e-16
5754.510 2.025e-16
5755.387 2.025e-16
5756.263 2.021e-16
5757.140 2.020e-16
5758.017 2.021e-16
5758.893 2.022e-16
5759.770 2.023e-16
5760.647 2.024e-16
5761.523 2.025e-16
5762.400 2.027e-16
5763.277 2.026e-16
5764.153 2.028e-16
5765.030 2.026e-16
5765.907 2.031e-16
5766.783 2.032e-16
5767.660 2.032e-16
5768.537 2.033e-16
5769.413 2.034e-16
5770.290 2.034e-16
5771.167 2.035e-16
5772.043 2.035e-16
5772.920 2.035e-16
5773.797 2.036e-16
5774.673 2.037e-16
5775.550 2.038e-16
5776.427 2.039e-16
5777.303 2.033e-16
5778.180 2.026e-16
5779.057 2.018e-16
5779.933 2.011e-16
5780.810 2.004e-16
5781.687 1.996e-16
5782.563 1.989e-16
5783.440 1.981e-16
5784.317 1.975e-16
5785.193 1.968e-16
5786.070 1.961e-16
5786.947 1.958e-16
5787.823 1.962e-16
5788.700 1.965e-16
5789.577 1.970e-16
5790.453 1.974e-16
5791.330 1.978e-16
5792.207 1.982e-16
5793.083 1.986e-16
5793.960 1.990e-16
5794.837 1.995e-16
5795.713 1.999e-16
5796.590 2.003e-16
5797.467 2.004e-16
5798.343 2.005e-16
5799.220 2.006e-16
5800.097 2.006e-16
5800.973 2.007e-16
5801.850 2.008e-16
5802.727 2.009e-16
5803.603 2.010e-16
5804.480 2.011e-16
5805.357 2.012e-16
5806.233 2.013e-16
5807.110 2.014e-16
5807.987 2.015e-16
5808.863 2.017e-16
5809.740 2.018e-16
5810.617 2.020e-16
5811.493 2.021e-16
5812.370 2.022e-16
5813.247 2.023e-16
5814.123 2.025e-16
5815.000 2.026e-16
5815.877 2.027e-16
5816.753 2.029e-16
5817.630 2.030e-16
5818.507 2.032e-16
5819.383 2.034e-16
5820.260 2.036e-16
5821.137 2.037e-16
5822.013 2.039e-16
5822.890 2.041e-16
5823.767 2.042e-16
5824.643 2.044e-16
5825.520 2.046e-16
5826.397 2.047e-16
5827.273 2.047e-16
5828.150 2.045e-16
5829.027 2.043e-16
5829.903 2.041e-16
5830.780 2.040e-16
5831.657 2.037e-16
5832.533 2.036e-16
5833.410 2.034e-16
5834.287 2.032e-16
5835.163 2.031e-16
5836.040 2.029e-16
5836.917 2.028e-16
5837.793 2.028e-16
5838.670 2.028e-16
5839.547 2.028e-16
5840.423 2.028e-16
5841.300 2.028e-16
5842.177 2.028e-16
5843.053 2.028e-16
5843.930 2.028e-16
5844.807 2.028e-16
5845.683 2.028e-16
5846.560 2.027e-16
5847.437 2.020e-16
5848.313 2.013e-16
5849.190 2.005e-16
5850.067 1.998e-16
5850.943 1.990e-16
5851.820 1.983e-16
5852.697 1.974e-16
5853.573 1.968e-16
5854.450 1.960e-16
5855.327 1.952e-16
5856.203 1.943e-16
5857.080 1.944e-16
5857.957 1.948e-16
5858.833 1.952e-16
5859.710 1.956e-16
5860.587 1.959e-16
5861.463 1.963e-16
5862.340 1.968e-16
5863.217 1.967e-16
5864.093 1.976e-16
5864.970 1.979e-16
5865.847 1.983e-16
5866.723 1.987e-16
5867.600 2.258e-16
5868.477 1.990e-16
5869.353 1.990e-16
5870.230 1.992e-16
5871.107 2.207e-16
5871.983 1.994e-16
5872.860 1.993e-16
5873.737 1.996e-16
5874.613 1.998e-16
5875.490 1.999e-16
5876.367 2.000e-16
5877.243 1.985e-16
5878.120 1.977e-16
5878.997 1.970e-16
5879.873 1.965e-16
5880.750 1.953e-16
5881.627 1.942e-16
5882.503 1.927e-16
5883.380 1.922e-16
5884.257 1.916e-16
5885.133 1.907e-16
5886.010 1.897e-16
5886.887 1.887e-16
5887.763 1.871e-16
5888.640 1.859e-16
5889.517 1.840e-16
5890.393 1.824e-16
5891.270 1.758e-16
5892.147 1.807e-16
5893.023 1.792e-16
5893.900 1.777e-16
5894.777 1.764e-16
5895.653 1.754e-16
5896.530 1.734e-16
5897.407 1.757e-16
5898.283 1.772e-16
5899.160 1.784e-16
5900.037 1.805e-16
5900.913 1.829e-16
5901.790 1.839e-16
5902.667 1.864e-16
5903.543 1.883e-16
5904.420 1.899e-16
5905.297 1.924e-16
5906.173 1.938e-16
5907.050 1.938e-16
5907.927 1.939e-16
5908.803 1.937e-16
5909.680 1.934e-16
5910.557 1.923e-16
5911.433 1.930e-16
5912.310 1.914e-16
5913.187 1.924e-16
5914.063 1.921e-16
5914.940 1.918e-16
5915.817 1.888e-16
5916.693 1.911e-16
5917.570 1.913e-16
5918.447 1.914e-16
5919.323 1.917e-16
5920.200 1.912e-16
5921.077 1.917e-16
5921.953 1.921e-16
5922.830 1.918e-16
5923.707 1.922e-16
5924.583 1.925e-16
5925.460 1.878e-16
5926.337 2.516e-16
5927.213 1.927e-16
5928.090 1.925e-16
5928.967 1.924e-16
5929.843 1.913e-16
5930.720 1.914e-16
5931.597 1.919e-16
5932.473 1.917e-16
5933.350 1.915e-16
5934.227 1.912e-16
5935.103 1.911e-16
5935.980 1.910e-16
5936.857 1.902e-16
5937.733 1.905e-16
5938.610 1.903e-16
5939.487 1.899e-16
5940.363 1.897e-16
5941.240 1.894e-16
5942.117 1.873e-16
5942.993 1.886e-16
5943.870 1.880e-16
5944.747 1.883e-16
5945.623 1.881e-16
5946.500 1.876e-16
5947.377 1.869e-16
5948.253 1.874e-16
5949.130 1.876e-16
5950.007 1.878e-16
5950.883 1.852e-16
5951.760 1.874e-16
5952.637 1.871e-16
5953.513 1.879e-16
5954.390 1.879e-16
5955.267 1.879e-16
5956.143 1.880e-16
5957.020 1.880e-16
5957.897 1.880e-16
5958.773 1.882e-16
5959.650 1.880e-16
5960.527 1.883e-16
5961.403 1.887e-16
5962.280 1.889e-16
5963.157 1.887e-16
5964.033 1.888e-16
5964.910 1.893e-16
5965.787 1.895e-16
5966.663 1.893e-16
5967.540 1.891e-16
5968.417 1.886e-16
5969.293 1.878e-16
5970.170 1.882e-16
5971.047 1.881e-16
5971.923 2.511e-16
5972.800 1.874e-16
5973.677 1.873e-16
5974.553 1.870e-16
5975.430 1.867e-16
5976.307 1.864e-16
5977.183 1.861e-16
5978.060 1.858e-16
5978.937 1.854e-16
5979.813 1.851e-16
5980.690 1.849e-16
5981.567 1.848e-16
5982.443 1.844e-16
5983.320 1.840e-16
5984.197 1.840e-16
5985.073 1.837e-16
5985.950 1.831e-16
5986.827 1.824e-16
5987.703 1.833e-16
5988.580 1.833e-16
5989.457 1.835e-16
5990.333 1.834e-16
5991.210 1.836e-16
5992.087 1.836e-16
5992.963 1.839e-16
5993.840 1.839e-16
5994.717 1.836e-16
5995.593 1.838e-16
5996.470 1.842e-16
5997.347 1.841e-16
5998.223 1.837e-16
5999.100 1.832e-16
5999.977 1.830e-16
6000.853 1.828e-16
6001.730 1.824e-16
6002.607 1.822e-16
6003.483 1.819e-16
6004.360 1.814e-16
6005.237 1.813e-16
6006.113 1.810e-16
6006.990 1.808e-16
6007.867 1.809e-16
6008.743 1.808e-16
6009.620 1.809e-16
6010.497 1.809e-16
6011.373 1.809e-16
6012.250 1.809e-16
6013.127 1.808e-16
6014.003 1.809e-16
6014.880 1.809e-16
6015.757 1.809e-16
6016.633 1.809e-16
6017.510 1.799e-16
6018.387 1.803e-16
6019.263 1.800e-16
6020.140 1.797e-16
6021.017 1.794e-16
6021.893 1.791e-16
6022.770 1.787e-16
6023.647 1.784e-16
6024.523 1.781e-16
6025.400 1.778e-16
6026.277 1.775e-16
6027.153 1.776e-16
6028.030 1.781e-16
6028.907 1.788e-16
6029.783 1.793e-16
6030.660 1.799e-16
6031.537 1.805e-16
6032.413 1.811e-16
6033.290 1.817e-16
6034.167 1.823e-16
6035.043 1.828e-16
6035.920 1.922e-16
6036.797 1.839e-16
6037.673 1.838e-16
6038.550 1.837e-16
6039.427 1.836e-16
6040.303 1.834e-16
6041.180 1.833e-16
6042.057 1.832e-16
6042.933 1.831e-16
6043.810 1.829e-16
6044.687 1.828e-16
6045.563 1.827e-16
6046.440 1.826e-16
6047.317 1.824e-16
6048.193 1.823e-16
6049.070 1.821e-16
6049.947 1.820e-16
6050.823 1.818e-16
6051.700 1.817e-16
6052.577 1.816e-16
6053.453 1.814e-16
6054.330 1.813e-16
6055.207 1.812e-16
6056.083 1.810e-16
6056.960 1.809e-16
6057.837 1.808e-16
6058.713 1.808e-16
6059.590 1.807e-16
6060.467 1.807e-16
6061.343 1.806e-16
6062.220 1.805e-16
6063.097 1.805e-16
6063.973 1.804e-16
6064.850 1.804e-16
6065.727 1.803e-16
6066.603 1.802e-16
6067.480 1.802e-16
6068.357 1.802e-16
6069.233 1.801e-16
6070.110 1.801e-16
6070.987 1.800e-16
6071.863 1.800e-16
6072.740 1.800e-16
6073.617 1.799e-16
6074.493 1.799e-16
6075.370 1.798e-16
6076.247 1.798e-16
6077.123 1.797e-16
6078.000 1.796e-16
6078.877 1.794e-16
6079.753 1.792e-16
6080.630 1.791e-16
6081.507 1.789e-16
6082.383 1.788e-16
6083.260 1.786e-16
6084.137 1.785e-16
6085.013 1.783e-16
6085.890 1.782e-16
6086.767 1.780e-16
6087.643 1.780e-16
6088.520 1.780e-16
6089.397 1.780e-16
6090.273 1.779e-16
6091.150 1.779e-16
6092.027 1.779e-16
6092.903 1.779e-16
6093.780 1.779e-16
6094.657 1.779e-16
6095.533 1.779e-16
6096.410 1.779e-16
6097.287 1.776e-16
6098.163 1.772e-16
6099.040 1.768e-16
6099.917 1.765e-16
6100.793 1.761e-16
6101.670 1.757e-16
6102.547 1.753e-16
6103.423 1.749e-16
6104.300 1.746e-16
6105.177 1.742e-16
6106.053 1.738e-16
6106.930 1.736e-16
6107.807 1.739e-16
6108.683 1.743e-16
6109.560 1.747e-16
6110.437 1.750e-16
6111.313 1.754e-16
6112.190 1.757e-16
6113.067 1.761e-16
6113.943 1.764e-16
6114.820 1.768e-16
6115.697 1.771e-16
6116.573 1.775e-16
6117.450 1.772e-16
6118.327 1.768e-16
6119.203 1.764e-16
6120.080 1.760e-16
6120.957 1.756e-16
6121.833 1.753e-16
6122.710 1.749e-16
6123.587 1.745e-16
6124.463 1.741e-16
6125.340 1.737e-16
6126.217 1.734e-16
6127.093 1.731e-16
6127.970 1.728e-16
6128.847 1.726e-16
6129.723 1.724e-16
6130.600 1.722e-16
6131.477 1.720e-16
6132.353 1.717e-16
6133.230 1.715e-16
6134.107 1.713e-16
6134.983 1.711e-16
6135.860 1.709e-16
6136.737 1.707e-16
6137.613 1.709e-16
6138.490 1.839e-16
6139.367 1.714e-16
6140.243 1.716e-16
6141.120 1.992e-16
6141.997 1.721e-16
6142.873 1.723e-16
6143.750 1.725e-16
6144.627 1.728e-16
6145.503 1.730e-16
6146.380 1.732e-16
6147.257 1.733e-16
6148.133 1.733e-16
6149.010 1.732e-16
6149.887 1.732e-16
6150.763 1.732e-16
6151.640 1.732e-16
6152.517 1.731e-16
6153.393 1.731e-16
6154.270 1.731e-16
6155.147 1.730e-16
6156.023 1.730e-16
6156.900 1.728e-16
6157.777 1.719e-16
6158.653 1.709e-16
6159.530 1.700e-16
6160.407 1.691e-16
6161.283 1.681e-16
6162.160 1.672e-16
6163.037 1.663e-16
6163.913 1.654e-16
6164.790 1.644e-16
6165.667 1.635e-16
6166.543 1.626e-16
6167.420 1.631e-16
6168.297 1.639e-16
6169.173 1.647e-16
6170.050 1.655e-16
6170.927 1.664e-16
6171.803 1.672e-16
6172.680 1.680e-16
6173.557 1.688e-16
6174.433 1.696e-16
6175.310 1.704e-16
6176.187 1.712e-16
6177.063 1.718e-16
6177.940 1.901e-16
6178.817 1.720e-16
6179.693 1.721e-16
6180.570 1.722e-16
6181.447 1.723e-16
6182.323 1.724e-16
6183.200 1.726e-16
6184.077 1.727e-16
6184.953 1.728e-16
6185.830 1.729e-16
6186.707 1.730e-16
6187.583 1.728e-16
6188.460 1.726e-16
6189.337 1.725e-16
6190.213 1.723e-16
6191.090 1.721e-16
6191.967 1.719e-16
6192.843 1.717e-16
6193.720 1.716e-16
6194.597 1.965e-16
6195.473 1.712e-16
6196.350 1.710e-16
6197.227 1.711e-16
6198.103 1.713e-16
6198.980 1.715e-16
6199.857 1.716e-16
6200.733 1.718e-16
6201.610 1.720e-16
6202.487 1.722e-16
6203.363 1.724e-16
6204.240 1.726e-16
6205.117 1.728e-16
6205.993 1.730e-16
6206.870 1.731e-16
6207.747 1.727e-16
6208.623 1.723e-16
6209.500 1.718e-16
6210.377 1.714e-16
6211.253 1.710e-16
6212.130 1.706e-16
6213.007 1.702e-16
6213.883 1.698e-16
6214.760 2.012e-16
6215.637 1.690e-16
6216.513 1.685e-16
6217.390 1.686e-16
6218.267 1.687e-16
6219.143 1.689e-16
6220.020 1.690e-16
6220.897 1.692e-16
6221.773 1.694e-16
6222.650 1.695e-16
6223.527 2.838e-16
6224.403 1.698e-16
6225.280 1.700e-16
6226.157 1.701e-16
6227.033 1.701e-16
6227.910 1.696e-16
6228.787 1.692e-16
6229.663 1.687e-16
6230.540 1.683e-16
6231.417 1.679e-16
6232.293 1.674e-16
6233.170 1.670e-16
6234.047 1.665e-16
6234.923 1.661e-16
6235.800 1.657e-16
6236.677 1.652e-16
6237.553 1.651e-16
6238.430 1.650e-16
6239.307 1.649e-16
6240.183 1.647e-16
6241.060 1.646e-16
6241.937 2.398e-16
6242.813 1.643e-16
6243.690 1.642e-16
6244.567 1.641e-16
6245.443 2.741e-16
6246.320 1.638e-16
6247.197 1.637e-16
6248.073 1.634e-16
6248.950 1.632e-16
6249.827 1.629e-16
6250.703 1.627e-16
6251.580 1.624e-16
6252.457 1.622e-16
6253.333 1.620e-16
6254.210 1.617e-16
6255.087 1.615e-16
6255.963 1.612e-16
6256.840 1.611e-16
6257.717 1.616e-16
6258.593 1.627e-16
6259.470 1.626e-16
6260.347 1.631e-16
6261.223 1.637e-16
6262.100 1.642e-16
6262.977 1.647e-16
6263.853 1.652e-16
6264.730 1.657e-16
6265.607 1.662e-16
6266.483 1.667e-16
6267.360 1.668e-16
6268.237 1.668e-16
6269.113 1.667e-16
6269.990 1.784e-16
6270.867 1.666e-16
6271.743 1.666e-16
6272.620 1.666e-16
6273.497 1.665e-16
6274.373 1.663e-16
6275.250 1.665e-16
6276.127 1.664e-16
6277.003 1.656e-16
6277.880 1.663e-16
6278.757 1.653e-16
6279.633 1.651e-16
6280.510 1.650e-16
6281.387 1.660e-16
6282.263 1.651e-16
6283.140 1.659e-16
6284.017 1.660e-16
6284.893 1.660e-16
6285.770 1.659e-16
6286.647 1.659e-16
6287.523 1.640e-16
6288.400 1.656e-16
6289.277 1.653e-16
6290.153 1.652e-16
6291.030 1.638e-16
6291.907 1.545e-16
6292.783 1.646e-16
6293.660 1.642e-16
6294.537 1.637e-16
6295.413 1.640e-16
6296.290 1.637e-16
6297.167 1.634e-16
6298.043 1.674e-16
6298.920 1.627e-16
6299.797 1.628e-16
6300.673 1.625e-16
6301.550 1.623e-16
6302.427 1.621e-16
6303.303 1.618e-16
6304.180 1.615e-16
6305.057 1.614e-16
6305.933 1.612e-16
6306.810 1.609e-16
6307.687 1.602e-16
6308.563 1.603e-16
6309.440 1.602e-16
6310.317 1.684e-16
6311.193 1.594e-16
6312.070 1.595e-16
6312.947 1.596e-16
6313.823 1.596e-16
6314.700 1.595e-16
6315.577 1.597e-16
6316.453 1.596e-16
6317.330 1.597e-16
6318.207 1.597e-16
6319.083 1.596e-16
6319.960 1.598e-16
6320.837 1.598e-16
6321.713 1.589e-16
6322.590 1.599e-16
6323.467 1.599e-16
6324.343 1.598e-16
6325.220 1.599e-16
6326.097 1.599e-16
6326.973 1.600e-16
6327.850 1.600e-16
6328.727 1.600e-16
6329.603 1.601e-16
6330.480 1.600e-16
6331.357 1.587e-16
6332.233 1.601e-16
6333.110 1.601e-16
6333.987 1.601e-16
6334.863 1.601e-16
6335.740 1.601e-16
6336.617 1.601e-16
6337.493 1.601e-16
6338.370 1.601e-16
6339.247 1.601e-16
6340.123 1.601e-16
6341.000 1.601e-16
6341.877 1.598e-16
6342.753 1.601e-16
6343.630 1.601e-16
6344.507 1.601e-16
6345.383 1.601e-16
6346.260 1.601e-16
6347.137 1.601e-16
6348.013 1.601e-16
6348.890 1.600e-16
6349.767 1.601e-16
6350.643 1.601e-16
6351.520 1.601e-16
6352.397 1.599e-16
6353.273 1.600e-16
6354.150 1.600e-16
6355.027 1.600e-16
6355.903 1.600e-16
6356.780 1.600e-16
6357.657 1.599e-16
6358.533 1.599e-16
6359.410 1.599e-16
6360.287 1.598e-16
6361.163 1.596e-16
6362.040 1.598e-16
6362.917 1.596e-16
6363.793 1.597e-16
6364.670 1.597e-16
6365.547 2.924e-15
6366.423 1.596e-16
6367.300 1.596e-16
6368.177 1.596e-16
6369.053 1.596e-16
6369.930 1.595e-16
6370.807 1.595e-16
6371.683 1.595e-16
6372.560 1.594e-16
6373.437 1.593e-16
6374.313 1.594e-16
6375.190 1.593e-16
6376.067 1.593e-16
6376.943 1.592e-16
6377.820 1.592e-16
6378.697 1.592e-16
6379.573 1.592e-16
6380.450 1.591e-16
6381.327 1.591e-16
6382.203 1.590e-16
6383.080 1.590e-16
6383.957 1.590e-16
6384.833 1.589e-16
6385.710 1.589e-16
6386.587 1.588e-16
6387.463 1.588e-16
6388.340 1.782e-16
6389.217 1.587e-16
6390.093 1.587e-16
6390.970 1.587e-16
6391.847 1.586e-16
6392.723 1.584e-16
6393.600 1.583e-16
6394.477 1.581e-16
6395.353 1.579e-16
6396.230 1.577e-16
6397.107 1.576e-16
6397.983 1.574e-16
6398.860 1.572e-16
6399.737 1.570e-16
6400.613 1.568e-16
6401.490 1.567e-16
6402.367 1.565e-16
6403.243 1.563e-16
6404.120 1.561e-16
6404.997 1.559e-16
6405.873 1.557e-16
6406.750 1.556e-16
6407.627 1.554e-16
6408.503 1.552e-16
6409.380 1.550e-16
6410.257 1.549e-16
6411.133 1.547e-16
6412.010 1.546e-16
6412.887 1.545e-16
6413.763 1.546e-16
6414.640 1.545e-16
6415.517 1.864e-16
6416.393 1.546e-16
6417.270 1.546e-16
6418.147 1.545e-16
6419.023 1.546e-16
6419.900 1.546e-16
6420.777 1.546e-16
6421.653 1.546e-16
6422.530 1.545e-16
6423.407 1.546e-16
6424.283 1.546e-16
6425.160 1.545e-16
6426.037 1.546e-16
6426.913 1.546e-16
6427.790 1.546e-16
6428.667 1.545e-16
6429.543 1.546e-16
6430.420 1.546e-16
6431.297 1.545e-16
6432.173 1.545e-16
6433.050 1.545e-16
6433.927 1.546e-16
6434.803 1.543e-16
6435.680 1.545e-16
6436.557 1.545e-16
6437.433 1.545e-16
6438.310 1.545e-16
6439.187 1.545e-16
6440.063 1.545e-16
6440.940 1.545e-16
6441.817 1.545e-16
6442.693 1.545e-16
6443.570 1.545e-16
6444.447 1.545e-16
6445.323 1.542e-16
6446.200 1.544e-16
6447.077 1.544e-16
6447.953 1.544e-16
6448.830 1.544e-16
6449.707 1.536e-16
6450.583 1.544e-16
6451.460 1.543e-16
6452.337 1.543e-16
6453.213 1.540e-16
6454.090 1.541e-16
6454.967 1.538e-16
6455.843 1.535e-16
6456.720 1.537e-16
6457.597 1.536e-16
6458.473 1.534e-16
6459.350 1.533e-16
6460.227 1.532e-16
6461.103 1.530e-16
6461.980 1.524e-16
6462.857 1.528e-16
6463.733 1.522e-16
6464.610 1.525e-16
6465.487 1.522e-16
6466.363 1.521e-16
6467.240 1.520e-16
6468.117 1.514e-16
6468.993 1.519e-16
6469.870 1.516e-16
6470.747 1.516e-16
6471.623 1.513e-16
6472.500 1.513e-16
6473.377 1.511e-16
6474.253 1.473e-16
6475.130 1.505e-16
6476.007 1.503e-16
6476.883 1.469e-16
6477.760 1.495e-16
6478.637 1.497e-16
6479.513 1.495e-16
6480.390 1.493e-16
6481.267 1.478e-16
6482.143 1.488e-16
6483.020 1.487e-16
6483.897 1.485e-16
6484.773 1.481e-16
6485.650 1.462e-16
6486.527 1.473e-16
6487.403 1.469e-16
6488.280 1.473e-16
6489.157 1.467e-16
6490.033 1.469e-16
6490.910 1.444e-16
6491.787 1.465e-16
6492.663 1.446e-16
6493.540 1.468e-16
6494.417 1.469e-16
6495.293 1.471e-16
6496.170 1.473e-16
6497.047 1.474e-16
6497.923 1.475e-16
6498.800 1.478e-16
6499.677 1.479e-16
6500.553 5.306e-16
6501.430 1.483e-16
6502.307 1.485e-16
6503.183 1.486e-16
6504.060 1.488e-16
6504.937 1.490e-16
6505.813 1.491e-16
6506.690 1.493e-16
6507.567 1.495e-16
6508.443 1.497e-16
6509.320 1.498e-16
6510.197 1.499e-16
6511.073 1.502e-16
6511.950 1.503e-16
6512.827 1.503e-16
6513.703 1.498e-16
6514.580 1.502e-16
6515.457 1.497e-16
6516.333 1.498e-16
6517.210 1.500e-16
6518.087 1.498e-16
6518.963 1.488e-16
6519.840 1.479e-16
6520.717 1.498e-16
6521.593 1.498e-16
6522.470 1.497e-16
6523.347 1.497e-16
6524.223 3.115e-16
6525.100 1.488e-16
6525.977 1.495e-16
6526.853 1.495e-16
6527.730 1.494e-16
6528.607 1.495e-16
6529.483 1.493e-16
6530.360 1.494e-16
6531.237 1.493e-16
6532.113 1.492e-16
6532.990 1.489e-16
6533.867 1.485e-16
6534.743 1.495e-16
6535.620 1.479e-16
6536.497 1.473e-16
6537.373 1.474e-16
6538.250 1.471e-16
6539.127 1.468e-16
6540.003 1.465e-16
6540.880 1.463e-16
6541.757 1.460e-16
6542.633 1.486e-16
6543.510 1.454e-16
6544.387 1.451e-16
6545.263 1.448e-16
6546.140 1.445e-16
6547.017 1.443e-16
6547.893 1.592e-16
6548.770 1.437e-16
6549.647 1.432e-16
6550.523 1.420e-16
6551.400 1.429e-16
6552.277 1.424e-16
6553.153 1.418e-16
6554.030 1.411e-16
6554.907 1.405e-16
6555.783 1.399e-16
6556.660 1.393e-16
6557.537 1.387e-16
6558.413 1.381e-16
6559.290 1.375e-16
6560.167 1.369e-16
6561.043 1.363e-16
6561.920 1.357e-16
6562.797 1.350e-16
6563.673 1.345e-16
6564.550 2.138e-16
6565.427 1.330e-16
6566.303 1.326e-16
6567.180 1.321e-16
6568.057 1.315e-16
6568.933 1.308e-16
6569.810 1.302e-16
6570.687 1.305e-16
6571.563 1.290e-16
6572.440 1.291e-16
6573.317 1.299e-16
6574.193 1.306e-16
6575.070 1.312e-16
6575.947 1.319e-16
6576.823 1.321e-16
6577.700 1.332e-16
6578.577 1.338e-16
6579.453 1.344e-16
6580.330 1.351e-16
6581.207 1.357e-16
6582.083 1.363e-16
6582.960 1.370e-16
6583.837 1.376e-16
6584.713 1.382e-16
6585.590 1.429e-16
6586.467 1.395e-16
6587.343 1.401e-16
6588.220 1.405e-16
6589.097 1.414e-16
6589.973 1.421e-16
6590.850 1.427e-16
6591.727 1.433e-16
6592.603 1.434e-16
6593.480 1.435e-16
6594.357 1.436e-16
6595.233 1.435e-16
6596.110 1.435e-16
6596.987 1.438e-16
6597.863 1.438e-16
6598.740 1.439e-16
6599.617 1.440e-16
6600.493 1.440e-16
6601.370 1.441e-16
6602.247 1.441e-16
6603.123 1.442e-16
6604.000 1.438e-16
6604.877 1.444e-16
6605.753 1.445e-16
6606.630 1.445e-16
6607.507 1.445e-16
6608.383 1.446e-16
6609.260 1.447e-16
6610.137 1.448e-16
6611.013 1.448e-16
6611.890 1.448e-16
6612.767 1.448e-16
6613.643 1.446e-16
6614.520 1.446e-16
6615.397 1.446e-16
6616.273 1.445e-16
6617.150 1.444e-16
6618.027 1.443e-16
6618.903 1.442e-16
6619.780 1.441e-16
6620.657 1.440e-16
6621.533 1.439e-16
6622.410 1.439e-16
6623.287 1.438e-16
6624.163 1.437e-16
6625.040 1.436e-16
6625.917 1.435e-16
6626.793 1.435e-16
6627.670 1.434e-16
6628.547 1.433e-16
6629.423 1.790e-16
6630.300 1.431e-16
6631.177 1.430e-16
6632.053 1.430e-16
6632.930 1.430e-16
6633.807 1.430e-16
6634.683 1.430e-16
6635.560 1.430e-16
6636.437 1.430e-16
6637.313 1.430e-16
6638.190 1.430e-16
6639.067 1.430e-16
6639.943 1.430e-16
6640.820 1.430e-16
6641.697 1.430e-16
6642.573 1.430e-16
6643.450 1.430e-16
6644.327 1.430e-16
6645.203 1.430e-16
6646.080 1.430e-16
6646.957 1.430e-16
6647.833 1.430e-16
6648.710 1.429e-16
6649.587 1.429e-16
6650.463 1.429e-16
6651.340 1.429e-16
6652.217 1.428e-16
6653.093 1.427e-16
6653.970 1.425e-16
6654.847 1.424e-16
6655.723 1.423e-16
6656.600 1.421e-16
6657.477 1.420e-16
6658.353 1.418e-16
6659.230 1.417e-16
6660.107 1.415e-16
6660.983 1.414e-16
6661.860 1.412e-16
6662.737 1.411e-16
6663.613 1.422e-16
6664.490 1.408e-16
6665.367 1.406e-16
6666.243 1.405e-16
6667.120 1.403e-16
6667.997 1.402e-16
6668.873 1.400e-16
6669.750 1.439e-16
6670.627 1.397e-16
6671.503 1.396e-16
6672.380 1.395e-16
6673.257 1.395e-16
6674.133 1.395e-16
6675.010 1.395e-16
6675.887 1.395e-16
6676.763 1.395e-16
6677.640 1.395e-16
6678.517 1.395e-16
6679.393 1.395e-16
6680.270 1.395e-16
6681.147 1.395e-16
6682.023 1.395e-16
6682.900 1.395e-16
6683.777 1.394e-16
6684.653 1.394e-16
6685.530 1.393e-16
6686.407 1.394e-16
6687.283 1.394e-16
6688.160 1.394e-16
6689.037 1.394e-16
6689.913 1.394e-16
6690.790 1.394e-16
6691.667 1.394e-16
6692.543 1.392e-16
6693.420 1.391e-16
6694.297 1.389e-16
6695.173 1.387e-16
6696.050 1.386e-16
6696.927 1.384e-16
6697.803 1.382e-16
6698.680 1.381e-16
6699.557 1.379e-16
6700.433 1.377e-16
6701.310 1.376e-16
6702.187 1.374e-16
6703.063 1.373e-16
6703.940 1.371e-16
6704.817 1.369e-16
6705.693 1.368e-16
6706.570 1.423e-16
6707.447 1.364e-16
6708.323 1.363e-16
6709.200 1.361e-16
6710.077 1.359e-16
6710.953 1.358e-16
6711.830 1.356e-16
6712.707 1.356e-16
6713.583 1.355e-16
6714.460 1.355e-16
6715.337 1.355e-16
6716.213 1.354e-16
6717.090 1.354e-16
6717.967 1.354e-16
6718.843 1.362e-16
6719.720 1.353e-16
6720.597 1.353e-16
6721.473 1.353e-16
6722.350 1.352e-16
6723.227 1.352e-16
6724.103 1.352e-16
6724.980 1.351e-16
6725.857 1.351e-16
6726.733 1.351e-16
6727.610 1.351e-16
6728.487 1.350e-16
6729.363 1.350e-16
6730.240 1.350e-16
6731.117 1.349e-16
6731.993 1.385e-16
6732.870 1.348e-16
6733.747 1.347e-16
6734.623 1.346e-16
6735.500 1.345e-16
6736.377 1.344e-16
6737.253 1.343e-16
6738.130 1.343e-16
6739.007 1.342e-16
6739.883 1.341e-16
6740.760 1.340e-16
6741.637 1.339e-16
6742.513 1.338e-16
6743.390 1.337e-16
6744.267 1.336e-16
6745.143 1.335e-16
6746.020 1.339e-16
6746.897 1.333e-16
6747.773 1.332e-16
6748.650 1.332e-16
6749.527 1.331e-16
6750.403 1.330e-16
6751.280 1.329e-16
6752.157 1.328e-16
6753.033 1.327e-16
6753.910 1.327e-16
6754.787 1.326e-16
6755.663 1.326e-16
6756.540 1.325e-16
6757.417 1.325e-16
6758.293 1.324e-16
6759.170 1.324e-16
6760.047 1.323e-16
6760.923 1.322e-16
6761.800 1.322e-16
6762.677 1.321e-16
6763.553 1.321e-16
6764.430 1.320e-16
6765.307 1.320e-16
6766.183 1.319e-16
6767.060 1.318e-16
6767.937 1.318e-16
6768.813 1.317e-16
6769.690 1.317e-16
6770.567 1.316e-16
6771.443 1.316e-16
6772.320 1.315e-16
6773.197 1.314e-16
6774.073 1.313e-16
6774.950 1.312e-16
6775.827 1.312e-16
6776.703 1.311e-16
6777.580 1.310e-16
6778.457 1.309e-16
6779.333 1.308e-16
6780.210 1.307e-16
6781.087 1.306e-16
6781.963 1.306e-16
6782.840 1.305e-16
6783.717 1.304e-16
6784.593 1.303e-16
6785.470 1.302e-16
6786.347 1.301e-16
6787.223 1.300e-16
6788.100 1.299e-16
6788.977 1.299e-16
6789.853 1.298e-16
6790.730 1.297e-16
6791.607 1.296e-16
6792.483 1.295e-16
6793.360 1.295e-16
6794.237 1.294e-16
6795.113 1.293e-16
6795.990 1.292e-16
6796.867 1.292e-16
6797.743 1.291e-16
6798.620 1.290e-16
6799.497 1.290e-16
6800.373 1.289e-16
6801.250 1.288e-16
6802.127 1.287e-16
6803.003 1.287e-16
6803.880 1.286e-16
6804.757 1.285e-16
6805.633 1.284e-16
6806.510 1.284e-16
6807.387 1.283e-16
6808.263 1.282e-16
6809.140 1.282e-16
6810.017 1.281e-16
6810.893 1.280e-16
6811.770 1.280e-16
6812.647 1.279e-16
6813.523 1.278e-16
6814.400 1.277e-16
6815.277 1.276e-16
6816.153 1.275e-16
6817.030 1.274e-16
6817.907 1.273e-16
6818.783 1.271e-16
6819.660 1.271e-16
6820.537 1.270e-16
6821.413 1.269e-16
6822.290 1.268e-16
6823.167 1.267e-16
6824.043 1.266e-16
6824.920 1.265e-16
6825.797 1.264e-16
6826.673 1.263e-16
6827.550 1.262e-16
6828.427 1.261e-16
6829.303 1.414e-16
6830.180 1.259e-16
6831.057 1.258e-16
6831.933 1.257e-16
6832.810 1.256e-16
6833.687 1.255e-16
6834.563 1.954e-16
6835.440 1.252e-16
6836.317 5.222e-16
6837.193 1.249e-16
6838.070 1.248e-16
6838.947 1.247e-16
6839.823 1.245e-16
6840.700 1.244e-16
6841.577 1.338e-16
6842.453 1.241e-16
6843.330 1.240e-16
6844.207 1.238e-16
6845.083 1.237e-16
6845.960 1.236e-16
6846.837 1.235e-16
6847.713 1.233e-16
6848.590 1.232e-16
6849.467 1.230e-16
6850.343 1.229e-16
6851.220 1.228e-16
6852.097 1.227e-16
6852.973 1.227e-16
6853.850 1.227e-16
6854.727 1.227e-16
6855.603 1.226e-16
6856.480 1.227e-16
6857.357 1.227e-16
6858.233 1.226e-16
6859.110 1.226e-16
6859.987 1.226e-16
6860.863 1.226e-16
6861.740 1.226e-16
6862.617 1.226e-16
6863.493 1.226e-16
6864.370 1.226e-16
6865.247 1.226e-16
6866.123 1.225e-16
6867.000 1.274e-16
6867.877 1.223e-16
6868.753 1.216e-16
6869.630 1.162e-16
6870.507 7.168e-17
6871.383 1.153e-16
6872.260 1.176e-16
6873.137 2.095e-17
6874.013 9.352e-17
6874.890 9.823e-17
6875.767 5.768e-17
6876.643 7.075e-17
6877.520 2.802e-17
6878.397 1.124e-16
6879.273 1.165e-16
6880.150 1.240e-16
6881.027 7.968e-17
6881.903 9.106e-17
6882.780 1.242e-16
6883.657 1.214e-16
6884.533 1.284e-16
6885.410 1.198e-16
6886.287 1.209e-16
6887.163 1.196e-16
6888.040 1.181e-16
6888.917 1.141e-16
6889.793 1.202e-16
6890.670 1.079e-16
6891.547 1.120e-16
6892.423 1.195e-16
6893.300 1.200e-16
6894.177 6.970e-17
6895.053 9.859e-17
6895.930 1.194e-16
6896.807 1.187e-16
6897.683 1.134e-16
6898.560 1.133e-16
6899.437 1.181e-16
6900.313 1.197e-16
6901.190 1.191e-16
6902.067 1.117e-16
6902.943 1.058e-16
6903.820 1.193e-16
6904.697 1.194e-16
6905.573 1.183e-16
6906.450 1.158e-16
6907.327 1.174e-16
6908.203 1.191e-16
6909.080 1.190e-16
6909.957 1.185e-16
6910.833 1.176e-16
6911.710 1.177e-16
6912.587 1.184e-16
6913.463 1.181e-16
6914.340 1.187e-16
6915.217 1.069e-16
6916.093 9.972e-17
6916.970 1.186e-16
6917.847 1.186e-16
6918.723 1.185e-16
6919.600 1.182e-16
6920.477 1.180e-16
6921.353 1.180e-16
6922.230 1.183e-16
6923.107 1.183e-16
6923.983 1.182e-16
6924.860 1.178e-16
6925.737 1.176e-16
6926.613 1.183e-16
6927.490 1.177e-16
6928.367 1.179e-16
6929.243 1.233e-16
6930.120 1.179e-16
6930.997 1.146e-16
6931.873 1.158e-16
6932.750 1.174e-16
6933.627 1.163e-16
6934.503 1.176e-16
6935.380 1.151e-16
6936.257 1.149e-16
6937.133 1.040e-16
6938.010 1.168e-16
6938.887 1.167e-16
6939.763 1.162e-16
6940.640 1.169e-16
6941.517 1.923e-16
6942.393 1.158e-16
6943.270 1.156e-16
6944.147 1.118e-16
6945.023 1.164e-16
6945.900 1.157e-16
6946.777 1.163e-16
6947.653 1.162e-16
6948.530 1.121e-16
6949.407 1.010e-16
6950.283 1.159e-16
6951.160 2.961e-16
6952.037 1.157e-16
6952.913 1.155e-16
6953.790 1.155e-16
6954.667 1.154e-16
6955.543 1.109e-16
6956.420 1.155e-16
6957.297 1.148e-16
6958.173 1.172e-16
6959.050 1.147e-16
6959.927 1.146e-16
6960.803 1.144e-16
6961.680 1.140e-16
6962.557 1.136e-16
6963.433 1.138e-16
6964.310 1.141e-16
6965.187 1.140e-16
6966.063 1.138e-16
6966.940 1.130e-16
6967.817 1.136e-16
6968.693 1.134e-16
6969.570 1.131e-16
6970.447 1.133e-16
6971.323 1.131e-16
6972.200 1.130e-16
6973.077 1.126e-16
6973.953 1.130e-16
6974.830 1.130e-16
6975.707 1.130e-16
6976.583 1.129e-16
6977.460 1.130e-16
6978.337 1.129e-16
6979.213 1.127e-16
6980.090 1.129e-16
6980.967 1.128e-16
6981.843 1.129e-16
6982.720 1.128e-16
6983.597 1.127e-16
6984.473 1.149e-16
6985.350 1.165e-16
6986.227 1.127e-16
6987.103 1.127e-16
6987.980 1.126e-16
6988.857 1.125e-16
6989.733 1.112e-16
6990.610 1.124e-16
6991.487 1.126e-16
6992.363 1.098e-16
6993.240 1.123e-16
6994.117 1.121e-16
6994.993 1.119e-16
6995.870 1.113e-16
6996.747 1.115e-16
6997.623 1.114e-16
6998.500 1.159e-16
6999.377 1.111e-16
7000.253 1.107e-16
7001.130 1.101e-16
7002.007 1.106e-16
7002.883 1.171e-16
7003.760 1.103e-16
7004.637 1.099e-16
7005.513 1.099e-16
7006.390 1.084e-16
7007.267 1.110e-16
7008.143 1.083e-16
7009.020 1.091e-16
7009.897 1.090e-16
7010.773 1.089e-16
7011.650 1.085e-16
7012.527 1.083e-16
7013.403 1.081e-16
7014.280 1.084e-16
7015.157 1.085e-16
7016.033 1.084e-16
7016.910 1.076e-16
7017.787 1.072e-16
7018.663 1.081e-16
7019.540 1.083e-16
7020.417 1.083e-16
7021.293 1.063e-16
7022.170 1.079e-16
7023.047 1.082e-16
7023.923 1.082e-16
7024.800 1.081e-16
7025.677 1.079e-16
7026.553 1.080e-16
7027.430 1.081e-16
7028.307 1.065e-16
7029.183 1.075e-16
7030.060 1.078e-16
7030.937 1.074e-16
7031.813 1.079e-16
7032.690 1.078e-16
7033.567 1.080e-16
7034.443 1.081e-16
7035.320 1.081e-16
7036.197 1.082e-16
7037.073 1.082e-16
7037.950 1.081e-16
7038.827 1.083e-16
7039.703 1.082e-16
7040.580 1.083e-16
7041.457 1.083e-16
7042.333 1.086e-16
7043.210 1.540e-16
7044.087 1.088e-16
7044.963 1.089e-16
7045.840 1.089e-16
7046.717 1.089e-16
7047.593 1.091e-16
7048.470 1.090e-16
7049.347 1.085e-16
7050.223 1.090e-16
7051.100 1.230e-16
7051.977 1.094e-16
7052.853 1.062e-16
7053.730 1.090e-16
7054.607 1.081e-16
7055.483 1.089e-16
7056.360 1.135e-16
7057.237 1.090e-16
7058.113 1.088e-16
7058.990 1.060e-16
7059.867 1.087e-16
7060.743 1.086e-16
7061.620 1.083e-16
7062.497 1.077e-16
7063.373 1.081e-16
7064.250 1.144e-16
7065.127 1.083e-16
7066.003 1.082e-16
7066.880 1.081e-16
7067.757 1.079e-16
7068.633 1.080e-16
7069.510 1.182e-16
7070.387 1.079e-16
7071.263 1.079e-16
7072.140 1.078e-16
7073.017 1.077e-16
7073.893 1.071e-16
7074.770 1.076e-16
7075.647 1.073e-16
7076.523 1.074e-16
7077.400 1.073e-16
7078.277 1.073e-16
7079.153 1.071e-16
7080.030 1.069e-16
7080.907 1.068e-16
7081.783 1.068e-16
7082.660 1.069e-16
7083.537 1.068e-16
7084.413 1.070e-16
7085.290 1.067e-16
7086.167 1.066e-16
7087.043 1.065e-16
7087.920 1.064e-16
7088.797 1.133e-16
7089.673 1.141e-16
7090.550 1.060e-16
7091.427 1.061e-16
7092.303 1.141e-16
7093.180 1.056e-16
7094.057 1.061e-16
7094.933 1.060e-16
7095.810 1.060e-16
7096.687 1.060e-16
7097.563 1.057e-16
7098.440 1.059e-16
7099.317 1.059e-16
7100.193 1.060e-16
7101.070 1.059e-16
7101.947 1.059e-16
7102.823 1.059e-16
7103.700 1.059e-16
7104.577 1.059e-16
7105.453 1.059e-16
7106.330 1.057e-16
7107.207 1.057e-16
7108.083 1.050e-16
7108.960 1.057e-16
7109.837 1.058e-16
7110.713 1.058e-16
7111.590 1.057e-16
7112.467 1.056e-16
7113.343 1.054e-16
7114.220 1.056e-16
7115.097 1.055e-16
7115.973 1.053e-16
7116.850 1.054e-16
7117.727 1.052e-16
7118.603 1.053e-16
7119.480 1.052e-16
7120.357 1.044e-16
7121.233 1.050e-16
7122.110 1.051e-16
7122.987 1.050e-16
7123.863 1.049e-16
7124.740 1.045e-16
7125.617 1.048e-16
7126.493 1.048e-16
7127.370 1.046e-16
7128.247 1.046e-16
7129.123 1.046e-16
7130.000 1.043e-16
7130.877 1.044e-16
7131.753 1.044e-16
7132.630 1.043e-16
7133.507 1.043e-16
7134.383 1.043e-16
7135.260 1.067e-16
7136.137 1.035e-16
7137.013 1.040e-16
7137.890 1.041e-16
7138.767 1.040e-16
7139.643 1.039e-16
7140.520 1.040e-16
7141.397 1.039e-16
7142.273 1.027e-16
7143.150 1.081e-16
7144.027 1.036e-16
7144.903 1.026e-16
7145.780 1.037e-16
7146.657 1.134e-16
7147.533 1.038e-16
7148.410 1.034e-16
7149.287 1.035e-16
7150.163 1.034e-16
7151.040 1.034e-16
7151.917 1.041e-16
7152.793 1.027e-16
7153.670 1.031e-16
7154.547 1.031e-16
7155.423 1.030e-16
7156.300 1.031e-16
7157.177 1.029e-16
7158.053 1.029e-16
7158.930 1.028e-16
7159.807 1.027e-16
7160.683 1.011e-16
7161.560 1.026e-16
7162.437 1.026e-16
7163.313 1.026e-16
7164.190 1.022e-16
7165.067 1.023e-16
7165.943 1.020e-16
7166.820 1.017e-16
7167.697 1.009e-16
7168.573 1.017e-16
7169.450 1.005e-16
7170.327 1.018e-16
7171.203 1.034e-16
7172.080 9.504e-17
7172.957 1.005e-16
7173.833 1.009e-16
7174.710 8.133e-17
7175.587 1.121e-16
7176.463 1.012e-16
7177.340 1.005e-16
7178.217 9.750e-17
7179.093 8.439e-17
7179.970 1.006e-16
7180.847 1.006e-16
7181.723 1.006e-16
7182.600 1.006e-16
7183.477 7.191e-17
7184.353 9.970e-17
7185.230 1.003e-16
7186.107 1.016e-16
7186.983 9.857e-17
7187.860 9.911e-17
7188.737 9.872e-17
7189.613 9.744e-17
7190.490 9.959e-17
7191.367 1.004e-16
7192.243 9.951e-17
7193.120 9.836e-17
7193.997 9.754e-17
7194.873 9.925e-17
7195.750 7.168e-17
7196.627 9.924e-17
7197.503 9.928e-17
7198.380 9.915e-17
7199.257 9.061e-17
7200.133 9.872e-17
7201.010 9.918e-17
7201.887 1.018e-16
7202.763 1.011e-16
7203.640 9.804e-17
7204.517 9.883e-17
7205.393 9.921e-17
7206.270 5.365e-17
7207.147 9.916e-17
7208.023 9.829e-17
7208.900 9.886e-17
7209.777 9.888e-17
7210.653 9.936e-17
7211.530 8.173e-17
7212.407 9.871e-17
7213.283 9.754e-17
7214.160 9.902e-17
7215.037 9.952e-17
7215.913 9.932e-17
7216.790 9.949e-17
7217.667 9.945e-17
7218.543 8.398e-17
7219.420 9.958e-17
7220.297 9.940e-17
7221.173 9.954e-17
7222.050 9.956e-17
7222.927 9.978e-17
7223.803 9.986e-17
7224.680 9.982e-17
7225.557 9.037e-17
7226.433 9.984e-17
7227.310 9.997e-17
7228.187 1.000e-16
7229.063 9.982e-17
7229.940 9.941e-17
7230.817 1.007e-16
7231.693 1.001e-16
7232.570 9.972e-17
7233.447 1.001e-16
7234.323 9.552e-17
7235.200 1.135e-16
7236.077 9.943e-17
7236.953 9.662e-17
7237.830 9.945e-17
7238.707 9.988e-17
7239.583 1.000e-16
7240.460 1.000e-16
7241.337 9.989e-17
7242.213 7.353e-16
7243.090 9.861e-17
7243.967 1.647e-16
7244.843 9.984e-17
7245.720 5.303e-17
7246.597 1.043e-16
7247.473 9.813e-17
7248.350 9.981e-17
7249.227 9.077e-17
7250.103 9.987e-17
7250.980 9.434e-17
7251.857 9.969e-17
7252.733 1.044e-16
7253.610 9.955e-17
7254.487 8.806e-17
7255.363 9.594e-17
7256.240 9.943e-17
7257.117 9.968e-17
7257.993 9.896e-17
7258.870 9.929e-17
7259.747 9.832e-17
7260.623 9.725e-17
7261.500 9.884e-17
7262.377 9.911e-17
7263.253 1.010e-16
7264.130 9.690e-17
7265.007 9.287e-17
7265.883 9.909e-17
7266.760 9.674e-17
7267.637 6.220e-17
7268.513 9.997e-17
7269.390 9.929e-17
7270.267 9.870e-17
7271.143 1.333e-16
7272.020 9.761e-17
7272.897 9.861e-17
7273.773 9.884e-17
7274.650 9.764e-17
7275.527 9.831e-17
7276.403 9.845e-17
7277.280 9.456e-17
7278.157 9.766e-17
7279.033 1.017e-16
7279.910 9.698e-17
7280.787 9.455e-17
7281.663 9.381e-17
7282.540 9.727e-17
7283.417 9.755e-17
7284.293 8.790e-17
7285.170 9.566e-17
7286.047 9.743e-17
7286.923 1.014e-16
7287.800 9.877e-17
7288.677 9.708e-17
7289.553 9.491e-17
7290.430 9.650e-17
7291.307 9.678e-17
7292.183 9.490e-17
7293.060 1.070e-16
7293.937 9.624e-17
7294.813 9.567e-17
7295.690 9.660e-17
7296.567 9.646e-17
7297.443 9.642e-17
7298.320 9.425e-17
7299.197 9.666e-17
7300.073 9.610e-17
7300.950 9.675e-17
7301.827 9.230e-17
7302.703 9.579e-17
7303.580 9.673e-17
7304.457 9.619e-17
7305.333 9.260e-17
7306.210 7.135e-17
7307.087 9.641e-17
7307.963 9.602e-17
7308.840 9.678e-17
7309.717 9.669e-17
7310.593 9.591e-17
7311.470 8.661e-17
7312.347 9.531e-17
7313.223 9.514e-17
7314.100 9.660e-17
7314.977 9.449e-17
7315.853 9.657e-17
7316.730 9.633e-17
7317.607 9.264e-17
7318.483 9.632e-17
7319.360 8.764e-17
7320.237 9.458e-17
7321.113 9.617e-17
7321.990 9.630e-17
7322.867 9.167e-17
7323.743 9.619e-17
7324.620 9.617e-17
7325.497 9.608e-17
7326.373 9.597e-17
7327.250 9.603e-17
7328.127 9.598e-17
7329.003 9.511e-17
7329.880 9.582e-17
7330.757 9.583e-17
7331.633 9.574e-17
7332.510 9.566e-17
7333.387 9.567e-17
7334.263 1.034e-16
7335.140 9.266e-17
7336.017 9.542e-17
7336.893 9.545e-17
7337.770 9.454e-17
7338.647 9.541e-17
7339.523 9.535e-17
7340.400 9.534e-17
7341.277 9.509e-17
7342.153 9.472e-17
7343.030 1.472e-16
7343.907 9.499e-17
7344.783 9.509e-17
7345.660 9.490e-17
7346.537 9.948e-17
7347.413 9.493e-17
7348.290 9.485e-17
7349.167 9.481e-17
7350.043 9.297e-17
7350.920 9.469e-17
7351.797 9.456e-17
7352.673 1.218e-16
7353.550 9.465e-17
7354.427 9.461e-17
7355.303 9.446e-17
7356.180 9.451e-17
7357.057 9.452e-17
7357.933 9.448e-17
7358.810 9.440e-17
7359.687 9.442e-17
7360.563 9.439e-17
7361.440 9.436e-17
7362.317 9.425e-17
7363.193 9.408e-17
7364.070 9.354e-17
7364.947 9.419e-17
7365.823 9.068e-17
7366.700 9.884e-17
7367.577 9.676e-17
7368.453 9.418e-17
7369.330 9.416e-17
7370.207 9.405e-17
7371.083 9.351e-17
7371.960 9.384e-17
7372.837 9.323e-17
7373.713 9.371e-17
7374.590 9.374e-17
7375.467 9.430e-17
7376.343 9.347e-17
7377.220 9.343e-17
7378.097 9.330e-17
7378.973 9.319e-17
7379.850 9.293e-17
7380.727 9.297e-17
7381.603 9.287e-17
7382.480 9.239e-17
7383.357 9.254e-17
7384.233 9.231e-17
7385.110 9.200e-17
7385.987 9.216e-17
7386.863 9.219e-17
7387.740 9.213e-17
7388.617 9.201e-17
7389.493 9.188e-17
7390.370 9.452e-17
7391.247 9.164e-17
7392.123 9.813e-17
7393.000 9.144e-17
7393.877 9.126e-17
7394.753 9.269e-17
7395.630 9.119e-17
7396.507 9.119e-17
7397.383 9.191e-17
7398.260 9.072e-17
7399.137 8.931e-17
7400.013 9.082e-17
7400.890 9.077e-17
7401.767 9.069e-17
7402.643 9.059e-17
7403.520 9.039e-17
7404.397 9.044e-17
7405.273 9.037e-17
7406.150 9.025e-17
7407.027 9.021e-17
7407.903 9.013e-17
7408.780 9.003e-17
7409.657 8.994e-17
7410.533 8.988e-17
7411.410 8.979e-17
7412.287 8.950e-17
7413.163 8.976e-17
7414.040 9.557e-17
7414.917 8.996e-17
7415.793 1.061e-16
7416.670 8.943e-17
7417.547 8.982e-17
7418.423 8.981e-17
7419.300 9.027e-17
7420.177 9.034e-17
7421.053 9.040e-17
7421.930 9.046e-17
7422.807 9.051e-17
7423.683 9.055e-17
7424.560 9.065e-17
7425.437 9.071e-17
7426.313 9.077e-17
7427.190 9.076e-17
7428.067 9.082e-17
7428.943 9.095e-17
7429.820 9.098e-17
7430.697 9.108e-17
7431.573 9.114e-17
7432.450 9.116e-17
7433.327 9.103e-17
7434.203 9.108e-17
7435.080 9.102e-17
7435.957 9.099e-17
7436.833 9.092e-17
7437.710 9.090e-17
7438.587 9.086e-17
7439.463 9.081e-17
7440.340 3.243e-16
7441.217 9.276e-17
7442.093 9.069e-17
7442.970 9.062e-17
7443.847 9.061e-17
7444.723 9.057e-17
7445.600 9.052e-17
7446.477 9.048e-17
7447.353 9.044e-17
7448.230 9.040e-17
7449.107 9.507e-17
7449.983 9.031e-17
7450.860 9.027e-17
7451.737 9.023e-17
7452.613 9.021e-17
7453.490 9.009e-17
7454.367 9.019e-17
7455.243 9.018e-17
7456.120 9.015e-17
7456.997 9.015e-17
7457.873 9.013e-17
7458.750 9.013e-17
7459.627 9.012e-17
7460.503 8.998e-17
7461.380 9.009e-17
7462.257 9.005e-17
7463.133 9.007e-17
7464.010 9.006e-17
7464.887 9.005e-17
7465.763 9.020e-17
7466.640 9.003e-17
7467.517 9.001e-17
7468.393 9.000e-17
7469.270 8.998e-17
7470.147 8.997e-17
7471.023 8.995e-17
7471.900 9.552e-17
7472.777 1.445e-16
7473.653 2.085e-16
7474.530 8.978e-17
7475.407 8.972e-17
7476.283 8.966e-17
7477.160 8.960e-17
7478.037 8.954e-17
7478.913 8.947e-17
7479.790 8.941e-17
7480.667 8.936e-17
7481.543 8.929e-17
7482.420 8.924e-17
7483.297 8.917e-17
7484.173 8.911e-17
7485.050 8.905e-17
7485.927 8.899e-17
7486.803 8.893e-17
7487.680 8.887e-17
7488.557 8.881e-17
7489.433 8.875e-17
7490.310 1.079e-16
7491.187 8.863e-17
7492.063 8.856e-17
7492.940 8.852e-17
7493.817 8.848e-17
7494.693 8.843e-17
7495.570 8.839e-17
7496.447 8.834e-17
7497.323 8.830e-17
7498.200 8.825e-17
7499.077 8.821e-17
7499.953 8.816e-17
7500.830 8.812e-17
7501.707 8.905e-17
7502.583 8.805e-17
7503.460 8.801e-17
7504.337 9.510e-17
7505.213 8.792e-17
7506.090 8.789e-17
7506.967 8.785e-17
7507.843 8.781e-17
7508.720 8.778e-17
7509.597 8.774e-17
7510.473 8.770e-17
7511.350 8.766e-17
7512.227 8.763e-17
7513.103 8.760e-17
7513.980 8.758e-17
7514.857 8.755e-17
7515.733 8.753e-17
7516.610 8.751e-17
7517.487 8.746e-17
7518.363 8.746e-17
7519.240 1.120e-16
7520.117 8.741e-17
7520.993 8.739e-17
7521.870 8.736e-17
7522.747 8.734e-17
7523.623 8.731e-17
7524.500 8.729e-17
7525.377 8.727e-17
7526.253 8.724e-17
7527.130 8.722e-17
7528.007 8.720e-17
7528.883 8.717e-17
7529.760 8.715e-17
7530.637 8.713e-17
7531.513 8.710e-17
7532.390 8.708e-17
7533.267 8.705e-17
7534.143 8.702e-17
7535.020 8.700e-17
7535.897 8.697e-17
7536.773 8.694e-17
7537.650 8.692e-17
7538.527 8.689e-17
7539.403 8.686e-17
7540.280 8.684e-17
7541.157 8.681e-17
7542.033 8.678e-17
7542.910 8.676e-17
7543.787 8.673e-17
7544.663 8.670e-17
7545.540 8.668e-17
7546.417 8.665e-17
7547.293 8.662e-17
7548.170 8.659e-17
7549.047 8.726e-17
7549.923 8.654e-17
7550.800 8.651e-17
7551.677 8.649e-17
7552.553 8.646e-17
7553.430 8.642e-17
7554.307 8.638e-17
7555.183 8.635e-17
7556.060 8.631e-17
7556.937 8.628e-17
7557.813 8.624e-17
7558.690 8.620e-17
7559.567 3.976e-16
7560.443 8.613e-17
7561.320 8.609e-17
7562.197 8.606e-17
7563.073 8.603e-17
7563.950 8.599e-17
7564.827 8.595e-17
7565.703 9.281e-17
7566.580 8.588e-17
7567.457 8.585e-17
7568.333 8.581e-17
7569.210 8.577e-17
7570.087 8.574e-17
7570.963 8.570e-17
7571.840 8.567e-17
7572.717 8.563e-17
7573.593 8.559e-17
7574.470 8.555e-17
7575.347 8.551e-17
7576.223 8.547e-17
7577.100 8.543e-17
7577.977 8.539e-17
7578.853 8.536e-17
7579.730 8.532e-17
7580.607 8.528e-17
7581.483 8.524e-17
7582.360 8.520e-17
7583.237 8.515e-17
7584.113 8.512e-17
7584.990 8.508e-17
7585.867 8.504e-17
7586.743 8.499e-17
7587.620 8.494e-17
7588.497 8.489e-17
7589.373 8.483e-17
7590.250 8.476e-17
7591.127 8.467e-17
7592.003 8.457e-17
7592.880 8.445e-17
7593.757 8.427e-17
7594.633 8.394e-17
7595.510 8.182e-17
7596.387 6.092e-17
7597.263 1.458e-17
7598.140 4.529e-17
7599.017 6.342e-17
7599.893 5.840e-17
7600.770 5.498e-20
7601.647 5.767e-17
7602.523 4.117e-19
7603.400 4.823e-17
7604.277 7.011e-18
7605.153 4.385e-17
7606.030 3.587e-17
7606.907 3.687e-17
7607.783 1.708e-20
7608.660 8.307e-18
7609.537 4.403e-17
7610.413 4.339e-17
7611.290 2.372e-19
7612.167 4.056e-17
7613.043 5.397e-17
7613.920 2.081e-17
7614.797 5.383e-17
7615.673 5.635e-17
7616.550 7.027e-17
7617.427 4.385e-17
7618.303 4.756e-18
7619.180 8.055e-17
7620.057 1.092e-16
7620.933 8.228e-17
7621.810 7.867e-17
7622.687 6.408e-17
7623.563 6.787e-17
7624.440 7.637e-17
7625.317 3.702e-19
7626.193 4.978e-17
7627.070 5.913e-17
7627.947 7.526e-17
7628.823 4.120e-17
7629.700 5.278e-17
7630.577 8.196e-17
7631.453 7.411e-17
7632.330 6.140e-17
7633.207 7.602e-19
7634.083 5.275e-18
7634.960 6.627e-17
7635.837 7.604e-17
7636.713 6.381e-17
7637.590 3.333e-17
7638.467 3.185e-20
7639.343 7.789e-17
7640.220 7.698e-17
7641.097 7.936e-17
7641.973 3.508e-17
7642.850 8.592e-21
7643.727 7.801e-17
7644.603 7.838e-17
7645.480 7.512e-17
7646.357 3.699e-19
7647.233 1.462e-17
7648.110 7.129e-17
7648.987 7.965e-17
7649.863 7.955e-17
7650.740 6.389e-17
7651.617 6.204e-17
7652.493 4.600e-17
7653.370 7.930e-17
7654.247 8.059e-17
7655.123 7.986e-17
7656.000 4.180e-17
7656.877 6.736e-17
7657.753 7.268e-17
7658.630 8.041e-17
7659.507 8.086e-17
7660.383 8.029e-17
7661.260 5.810e-17
7662.137 7.274e-17
7663.013 7.547e-17
7663.890 8.050e-17
7664.767 8.082e-17
7665.643 8.060e-17
7666.520 7.798e-17
7667.397 7.600e-17
7668.273 6.727e-17
7669.150 8.017e-17
7670.027 8.047e-17
7670.903 8.043e-17
7671.780 8.010e-17
7672.657 2.536e-17
7673.533 7.432e-17
7674.410 7.956e-17
7675.287 7.980e-17
7676.163 8.070e-17
7677.040 8.043e-17
7677.917 8.066e-17
7678.793 6.816e-17
7679.670 3.959e-17
7680.547 8.088e-17
7681.423 8.110e-17
7682.300 8.113e-17
7683.177 8.124e-17
7684.053 8.107e-17
7684.930 5.463e-17
7685.807 6.959e-17
7686.683 8.145e-17
7687.560 8.154e-17
7688.437 8.159e-17
7689.313 8.165e-17
7690.190 8.094e-17
7691.067 8.126e-17
7691.943 8.161e-17
7692.820 8.177e-17
7693.697 8.246e-17
7694.573 8.187e-17
7695.450 8.186e-17
7696.327 8.189e-17
7697.203 8.189e-17
7698.080 7.982e-17
7698.957 6.754e-17
7699.833 8.191e-17
7700.710 8.192e-17
7701.587 1.347e-16
7702.463 8.196e-17
7703.340 8.190e-17
7704.217 8.193e-17
7705.093 8.190e-17
7705.970 8.303e-17
7706.847 8.200e-17
7707.723 8.200e-17
7708.600 8.201e-17
7709.477 8.202e-17
7710.353 8.203e-17
7711.230 8.204e-17
7712.107 8.156e-17
7712.983 8.126e-17
7713.860 8.208e-17
7714.737 1.546e-15
7715.613 8.207e-17
7716.490 8.213e-17
7717.367 8.215e-17
7718.243 8.209e-17
7719.120 4.406e-16
7719.997 8.219e-17
7720.873 8.221e-17
7721.750 8.223e-17
7722.627 8.221e-17
7723.503 8.207e-17
7724.380 8.228e-17
7725.257 8.229e-17
7726.133 8.231e-17
7727.010 8.172e-17
7727.887 8.083e-17
7728.763 8.236e-17
7729.640 8.237e-17
7730.517 8.239e-17
7731.393 8.236e-17
7732.270 8.231e-17
7733.147 8.236e-17
7734.023 8.266e-17
7734.900 8.351e-17
7735.777 8.216e-17
7736.653 8.214e-17
7737.530 8.209e-17
7738.407 8.204e-17
7739.283 8.199e-17
7740.160 8.194e-17
7741.037 8.801e-17
7741.913 8.181e-17
7742.790 8.178e-17
7743.667 8.173e-17
7744.543 8.167e-17
7745.420 8.161e-17
7746.297 8.147e-17
7747.173 8.149e-17
7748.050 8.146e-17
7748.927 8.139e-17
7749.803 8.131e-17
7750.680 8.124e-17
7751.557 4.725e-16
7752.433 8.112e-17
7753.310 8.113e-17
7754.187 8.114e-17
7755.063 8.114e-17
7755.940 8.115e-17
7756.817 8.116e-17
7757.693 8.116e-17
7758.570 8.373e-17
7759.447 8.118e-17
7760.323 8.119e-17
7761.200 8.119e-17
7762.077 1.108e-16
7762.953 8.121e-17
7763.830 8.121e-17
7764.707 8.122e-17
7765.583 8.123e-17
7766.460 8.331e-17
7767.337 8.124e-17
7768.213 8.125e-17
7769.090 8.126e-17
7769.967 8.126e-17
7770.843 8.127e-17
7771.720 8.128e-17
7772.597 8.126e-17
7773.473 8.122e-17
7774.350 8.117e-17
7775.227 8.113e-17
7776.103 8.108e-17
7776.980 8.105e-17
7777.857 8.100e-17
7778.733 8.096e-17
7779.610 8.093e-17
7780.487 8.089e-17
7781.363 9.156e-17
7782.240 8.080e-17
7783.117 8.076e-17
7783.993 8.072e-17
7784.870 8.068e-17
7785.747 8.464e-17
7786.623 8.060e-17
7787.500 8.056e-17
7788.377 8.070e-17
7789.253 8.048e-17
7790.130 8.044e-17
7791.007 8.040e-17
7791.883 8.724e-17
7792.760 1.022e-16
7793.637 8.032e-17
7794.513 8.028e-17
7795.390 8.029e-17
7796.267 2.461e-15
7797.143 8.033e-17
7798.020 8.024e-17
7798.897 8.023e-17
7799.773 8.021e-17
7800.650 8.020e-17
7801.527 8.459e-17
7802.403 8.017e-17
7803.280 8.015e-17
7804.157 8.014e-17
7805.033 8.011e-17
7805.910 8.011e-17
7806.787 8.009e-17
7807.663 8.008e-17
7808.540 8.710e-17
7809.417 8.005e-17
7810.293 8.004e-17
7811.170 8.002e-17
7812.047 8.001e-17
7812.923 7.997e-17
7813.800 8.101e-17
7814.677 7.987e-17
7815.553 8.006e-17
7816.430 7.978e-17
7817.307 7.974e-17
7818.183 7.969e-17
7819.060 7.965e-17
7819.937 7.960e-17
7820.813 7.955e-17
7821.690 7.951e-17
7822.567 7.946e-17
7823.443 7.941e-17
7824.320 8.693e-17
7825.197 7.932e-17
7826.073 7.928e-17
7826.950 7.924e-17
7827.827 8.352e-17
7828.703 7.915e-17
7829.580 7.910e-17
7830.457 7.934e-17
7831.333 7.901e-17
7832.210 7.897e-17
7833.087 7.897e-17
7833.963 7.896e-17
7834.840 7.896e-17
7835.717 1.250e-16
7836.593 7.895e-17
7837.470 7.895e-17
7838.347 7.894e-17
7839.223 7.894e-17
7840.100 7.894e-17
7840.977 7.892e-17
7841.853 7.873e-17
7842.730 7.890e-17
7843.607 7.893e-17
7844.483 7.893e-17
7845.360 7.892e-17
7846.237 7.892e-17
7847.113 7.891e-17
7847.990 8.130e-17
7848.867 7.889e-17
7849.743 7.891e-17
7850.620 7.890e-17
7851.497 7.890e-17
7852.373 7.889e-17
7853.250 7.887e-17
7854.127 1.119e-16
7855.003 7.882e-17
7855.880 7.879e-17
7856.757 7.859e-17
7857.633 7.875e-17
7858.510 7.873e-17
7859.387 7.871e-17
7860.263 1.062e-16
7861.140 7.856e-17
7862.017 7.864e-17
7862.893 1.088e-16
7863.770 7.858e-17
7864.647 7.857e-17
7865.523 7.852e-17
7866.400 7.848e-17
7867.277 7.849e-17
7868.153 7.781e-17
7869.030 7.843e-17
7869.907 4.177e-16
7870.783 7.841e-17
7871.660 7.837e-17
7872.537 7.832e-17
7873.413 7.834e-17
7874.290 7.831e-17
7875.167 7.824e-17
7876.043 7.825e-17
7876.920 7.824e-17
7877.797 7.820e-17
7878.673 7.660e-17
7879.550 7.817e-17
7880.427 1.469e-16
7881.303 7.813e-17
7882.180 7.797e-17
7883.057 7.768e-17
7883.933 1.442e-16
7884.810 7.803e-17
7885.687 7.801e-17
7886.563 8.904e-17
7887.440 7.793e-17
7888.317 7.762e-17
7889.193 7.718e-17
7890.070 9.045e-17
7890.947 9.243e-17
7891.823 5.184e-16
7892.700 8.838e-17
7893.577 7.770e-17
7894.453 7.765e-17
7895.330 7.762e-17
7896.207 1.097e-16
7897.083 7.688e-17
7897.960 7.716e-17
7898.837 7.737e-17
7899.713 7.733e-17
7900.590 7.728e-17
7901.467 7.721e-17
7902.343 7.715e-17
7903.220 7.702e-17
7904.097 7.568e-17
7904.973 7.773e-17
7905.850 7.680e-17
7906.727 7.687e-17
7907.603 7.681e-17
7908.480 7.670e-17
7909.357 7.652e-17
7910.233 7.660e-17
7911.110 7.603e-17
7911.987 7.648e-17
7912.863 7.441e-17
7913.740 7.639e-17
7914.617 7.634e-17
7915.493 7.629e-17
7916.370 7.624e-17
7917.247 8.260e-17
7918.123 7.606e-17
7919.000 7.586e-17
7919.877 7.549e-17
7920.753 7.594e-17
7921.630 7.589e-17
7922.507 7.572e-17
7923.383 2.638e-16
7924.260 7.573e-17
7925.137 7.568e-17
7926.013 7.559e-17
7926.890 7.550e-17
7927.767 7.551e-17
7928.643 7.546e-17
7929.520 7.540e-17
7930.397 8.045e-17
7931.273 7.516e-17
7932.150 7.484e-17
7933.027 2.005e-16
7933.903 7.427e-17
7934.780 7.510e-17
7935.657 7.516e-17
7936.533 7.504e-17
7937.410 8.013e-17
7938.287 7.496e-17
7939.163 7.474e-17
7940.040 7.488e-17
7940.917 7.598e-17
7941.793 7.480e-17
7942.670 7.794e-17
7943.547 7.472e-17
7944.423 8.270e-17
7945.300 7.465e-17
7946.177 8.739e-17
7947.053 7.457e-17
7947.930 7.451e-17
7948.807 7.445e-17
7949.683 7.439e-17
7950.560 7.441e-17
7951.437 8.962e-16
7952.313 7.432e-17
7953.190 7.408e-17
7954.067 7.436e-17
7954.943 7.445e-17
7955.820 7.437e-17
7956.697 7.451e-17
7957.573 7.455e-17
7958.450 7.433e-17
7959.327 7.461e-17
7960.203 7.460e-17
7961.080 7.461e-17
7961.957 7.469e-17
7962.833 7.325e-17
7963.710 7.410e-17
7964.587 7.474e-17
7965.463 7.432e-17
7966.340 7.471e-17
7967.217 7.454e-17
7968.093 7.495e-17
7968.970 7.498e-17
7969.847 7.493e-17
7970.723 7.466e-17
7971.600 7.827e-17
7972.477 7.506e-17
7973.353 7.497e-17
7974.230 7.486e-17
7975.107 7.490e-17
7975.983 7.480e-17
7976.860 7.474e-17
7977.737 7.972e-17
7978.613 7.445e-17
7979.490 7.460e-17
7980.367 7.452e-17
7981.243 7.445e-17
7982.120 7.409e-17
7982.997 7.433e-17
7983.873 7.426e-17
7984.750 7.423e-17
7985.627 7.415e-17
7986.503 7.138e-17
7987.380 7.404e-17
7988.257 8.157e-17
7989.133 7.400e-17
7990.010 7.386e-17
7990.887 7.381e-17
7991.763 7.375e-17
7992.640 7.368e-17
7993.517 7.371e-17
7994.393 7.373e-17
7995.270 7.358e-17
7996.147 7.344e-17
7997.023 7.372e-17
7997.900 7.370e-17
7998.777 7.348e-17
7999.653 8.351e-17
8000.530 7.271e-17
8001.407 7.354e-17
8002.283 7.984e-17
8003.160 7.330e-17
8004.037 8.181e-17
8004.913 7.379e-17
8005.790 7.371e-17
8006.667 7.369e-17
8007.543 7.380e-17
8008.420 7.382e-17
8009.297 7.367e-17
8010.173 7.371e-17
8011.050 7.385e-17
8011.927 7.386e-17
8012.803 8.413e-17
8013.680 7.378e-17
8014.557 7.334e-17
8015.433 7.346e-17
8016.310 4.937e-16
8017.187 7.358e-17
8018.063 7.354e-17
8018.940 7.348e-17
8019.817 7.336e-17
8020.693 7.337e-17
8021.570 7.338e-17
8022.447 7.306e-17
8023.323 7.326e-17
8024.200 7.274e-17
8025.077 7.285e-17
8025.953 9.471e-17
8026.830 7.309e-17
8027.707 7.304e-17
8028.583 7.299e-17
8029.460 7.295e-17
8030.337 1.256e-16
8031.213 1.214e-16
8032.090 7.734e-17
8032.967 7.279e-17
8033.843 7.276e-17
8034.720 7.270e-17
8035.597 7.257e-17
8036.473 7.057e-17
8037.350 7.247e-17
8038.227 7.247e-17
8039.103 7.242e-17
8039.980 7.230e-17
8040.857 7.236e-17
8041.733 7.894e-17
8042.610 7.227e-17
8043.487 7.221e-17
8044.363 7.208e-17
8045.240 7.187e-17
8046.117 7.136e-17
8046.993 7.200e-17
8047.870 7.128e-17
8048.747 7.407e-17
8049.623 7.189e-17
8050.500 7.184e-17
8051.377 7.174e-17
8052.253 7.185e-17
8053.130 7.176e-17
8054.007 7.176e-17
8054.883 7.171e-17
8055.760 7.176e-17
8056.637 7.124e-17
8057.513 7.176e-17
8058.390 7.175e-17
8059.267 7.210e-17
8060.143 7.178e-17
8061.020 7.130e-17
8061.897 7.165e-17
8062.773 7.177e-17
8063.650 7.178e-17
8064.527 2.461e-16
8065.403 7.138e-17
8066.280 7.179e-17
8067.157 7.178e-17
8068.033 7.154e-17
8068.910 7.180e-17
8069.787 7.747e-17
8070.663 7.176e-17
8071.540 7.171e-17
8072.417 7.157e-17
8073.293 7.137e-17
8074.170 7.164e-17
8075.047 7.156e-17
8075.923 7.148e-17
8076.800 7.137e-17
8077.677 7.108e-17
8078.553 7.062e-17
8079.430 7.546e-17
8080.307 7.109e-17
8081.183 7.099e-17
8082.060 7.092e-17
8082.937 7.085e-17
8083.813 7.053e-17
8084.690 7.071e-17
8085.567 7.064e-17
8086.443 7.055e-17
8087.320 6.950e-17
8088.197 7.038e-17
8089.073 7.033e-17
8089.950 7.025e-17
8090.827 7.001e-17
8091.703 7.010e-17
8092.580 6.961e-17
8093.457 6.999e-17
8094.333 7.008e-17
8095.210 7.018e-17
8096.087 7.015e-17
8096.963 7.013e-17
8097.840 7.028e-17
8098.717 6.941e-17
8099.593 7.024e-17
8100.470 7.034e-17
8101.347 7.038e-17
8102.223 7.050e-17
8103.100 7.053e-17
8103.977 7.046e-17
8104.853 7.061e-17
8105.730 7.062e-17
8106.607 7.290e-17
8107.483 7.073e-17
8108.360 7.070e-17
8109.237 7.073e-17
8110.113 6.804e-17
8110.990 7.225e-17
8111.867 7.089e-17
8112.743 6.973e-17
8113.620 7.649e-17
8114.497 7.051e-17
8115.373 7.447e-17
8116.250 6.824e-17
8117.127 7.046e-17
8118.003 7.087e-17
8118.880 7.080e-17
8119.757 7.086e-17
8120.633 7.027e-17
8121.510 7.080e-17
8122.387 7.077e-17
8123.263 7.073e-17
8124.140 7.078e-17
8125.017 6.951e-17
8125.893 7.003e-17
8126.770 7.077e-17
8127.647 6.708e-17
8128.523 7.395e-17
8129.400 7.015e-17
8130.277 7.072e-17
8131.153 7.071e-17
8132.030 7.051e-17
8132.907 7.680e-17
8133.783 7.760e-17
8134.660 6.992e-17
8135.537 6.968e-17
8136.413 7.012e-17
8137.290 5.710e-17
8138.167 7.039e-17
8139.043 8.282e-17
8139.920 7.044e-17
8140.797 7.034e-17
8141.673 7.032e-17
8142.550 7.009e-17
8143.427 7.011e-17
8144.303 6.578e-17
8145.180 7.022e-17
8146.057 6.052e-17
8146.933 7.004e-17
8147.810 7.012e-17
8148.687 1.445e-16
8149.563 6.829e-17
8150.440 6.791e-17
8151.317 6.967e-17
8152.193 6.587e-17
8153.070 6.997e-17
8153.947 6.992e-17
8154.823 6.171e-17
8155.700 6.934e-17
8156.577 6.617e-17
8157.453 6.968e-17
8158.330 6.974e-17
8159.207 6.954e-17
8160.083 6.687e-17
8160.960 6.965e-17
8161.837 6.976e-17
8162.713 6.971e-17
8163.590 5.522e-17
8164.467 6.179e-17
8165.343 6.947e-17
8166.220 6.870e-17
8167.097 6.735e-17
8167.973 6.945e-17
8168.850 6.939e-17
8169.727 6.959e-17
8170.603 6.933e-17
8171.480 6.730e-17
8172.357 5.560e-17
8173.233 6.932e-17
8174.110 6.923e-17
8174.987 6.914e-17
8175.863 6.894e-17
8176.740 6.875e-17
8177.617 6.881e-17
8178.493 6.836e-17
8179.370 5.705e-17
8180.247 5.659e-17
8181.123 6.583e-17
8182.000 6.792e-17
8182.877 6.808e-17
8183.753 6.730e-17
8184.630 6.736e-17
8185.507 6.733e-17
8186.383 6.752e-17
8187.260 6.759e-17
8188.137 6.719e-17
8189.013 6.688e-17
8189.890 6.703e-17
8190.767 6.684e-17
8191.643 5.232e-17
8192.520 6.681e-17
8193.397 6.672e-17
8194.273 6.664e-17
8195.150 6.409e-17
8196.027 6.645e-17
8196.903 6.706e-17
8197.780 6.854e-17
8198.657 6.714e-17
8199.533 6.623e-17
8200.410 6.636e-17
8201.287 6.081e-17
8202.163 6.297e-17
8203.040 6.050e-17
8203.917 6.730e-17
8204.793 6.744e-17
8205.670 6.747e-17
8206.547 6.751e-17
8207.423 6.749e-17
8208.300 7.217e-17
8209.177 6.762e-17
8210.053 6.764e-17
8210.930 6.764e-17
8211.807 6.326e-17
8212.683 6.661e-17
8213.560 6.752e-17
8214.437 5.825e-17
8215.313 6.763e-17
8216.190 7.717e-17
8217.067 6.757e-17
8217.943 6.758e-17
8218.820 6.753e-17
8219.697 6.740e-17
8220.573 6.538e-17
8221.450 6.741e-17
8222.327 6.744e-17
8223.203 6.727e-17
8224.080 6.683e-17
8224.957 6.730e-17
8225.833 6.703e-17
8226.710 6.498e-17
8227.587 6.703e-17
8228.463 6.688e-17
8229.340 5.165e-17
8230.217 4.536e-17
8231.093 5.561e-17
8231.970 5.398e-17
8232.847 6.589e-17
8233.723 5.833e-17
8234.600 6.690e-17
8235.477 6.696e-17
8236.353 6.418e-17
8237.230 6.702e-17
8238.107 6.663e-17
8238.983 6.706e-17
8239.860 6.677e-17
8240.737 6.676e-17
8241.613 6.705e-17
8242.490 6.669e-17
8243.367 6.707e-17
8244.243 7.825e-17
8245.120 6.668e-17
8245.997 6.494e-17
8246.873 6.702e-17
8247.750 6.710e-17
8248.627 6.706e-17
8249.503 6.770e-17
8250.380 6.709e-17
8251.257 6.705e-17
8252.133 6.708e-17
8253.010 6.707e-17
8253.887 6.693e-17
8254.763 6.648e-17
8255.640 6.697e-17
8256.517 6.704e-17
8257.393 8.290e-17
8258.270 6.652e-17
8259.147 6.587e-17
8260.023 6.640e-17
8260.900 6.698e-17
8261.777 6.524e-17
8262.653 6.603e-17
8263.530 6.699e-17
8264.407 6.696e-17
8265.283 6.679e-17
8266.160 6.621e-17
8267.037 6.683e-17
8267.913 6.691e-17
8268.790 6.693e-17
8269.667 6.696e-17
8270.543 6.695e-17
8271.420 6.555e-17
8272.297 6.694e-17
8273.173 6.688e-17
8274.050 6.611e-17
8274.927 6.672e-17
8275.803 6.660e-17
8276.680 3.957e-17
8277.557 6.659e-17
8278.433 6.644e-17
8279.310 6.637e-17
8280.187 6.674e-17
8281.063 6.620e-17
8281.940 5.251e-17
8282.817 6.661e-17
8283.693 6.637e-17
8284.570 7.157e-17
8285.447 1.375e-16
8286.323 6.665e-17
8287.200 8.381e-17
8288.077 6.660e-17
8288.953 6.645e-17
8289.830 6.550e-17
8290.707 6.559e-17
8291.583 6.546e-17
8292.460 6.640e-17
8293.337 6.639e-17
8294.213 6.647e-17
8295.090 6.644e-17
8295.967 6.604e-17
8296.843 5.570e-17
8297.720 6.564e-17
8298.597 5.751e-16
8299.473 6.636e-17
8300.350 6.606e-17
8301.227 2.635e-15
8302.103 6.600e-17
8302.980 6.543e-17
8303.857 6.621e-17
8304.733 9.566e-17
8305.610 6.613e-17
8306.487 6.072e-17
8307.363 3.254e-17
8308.240 6.603e-17
8309.117 6.606e-17
8309.993 6.578e-17
8310.870 6.588e-17
8311.747 6.604e-17
8312.623 6.588e-17
8313.500 6.584e-17
8314.377 6.362e-17
8315.253 6.557e-17
8316.130 6.279e-17
8317.007 6.547e-17
8317.883 6.528e-17
8318.760 6.491e-17
8319.637 6.513e-17
8320.513 5.544e-17
8321.390 6.501e-17
8322.267 6.493e-17
8323.143 6.439e-17
8324.020 6.142e-17
8324.897 6.462e-17
8325.773 6.458e-17
8326.650 6.444e-17
8327.527 6.436e-17
8328.403 6.421e-17
8329.280 6.343e-17
8330.157 6.409e-17
8331.033 6.390e-17
8331.910 5.637e-17
8332.787 6.335e-17
8333.663 6.390e-17
8334.540 6.277e-17
8335.417 6.391e-17
8336.293 6.382e-17
8337.170 6.406e-17
8338.047 6.390e-17
8338.923 6.416e-17
8339.800 1.018e-16
8340.677 7.539e-17
8341.553 6.335e-17
8342.430 6.430e-17
8343.307 6.435e-17
8344.183 6.381e-17
8345.060 6.440e-17
8345.937 6.446e-17
8346.813 7.954e-17
8347.690 6.454e-17
8348.567 6.456e-17
8349.443 6.456e-17
8350.320 6.465e-17
8351.197 6.452e-17
8352.073 6.466e-17
8352.950 6.471e-17
8353.827 6.472e-17
8354.703 6.467e-17
8355.580 6.457e-17
8356.457 6.464e-17
8357.333 6.462e-17
8358.210 6.464e-17
8359.087 6.431e-17
8359.963 6.449e-17
8360.840 6.463e-17
8361.717 6.434e-17
8362.593 6.461e-17
8363.470 6.594e-17
8364.347 6.204e-17
8365.223 6.604e-17
8366.100 6.455e-17
8366.977 6.451e-17
8367.853 7.495e-17
8368.730 1.123e-16
8369.607 6.004e-17
8370.483 6.450e-17
8371.360 6.437e-17
8372.237 6.446e-17
8373.113 6.415e-17
8373.990 6.442e-17
8374.867 6.428e-17
8375.743 6.420e-17
8376.620 6.426e-17
8377.497 6.427e-17
8378.373 6.881e-17
8379.250 6.412e-17
8380.127 6.417e-17
8381.003 6.415e-17
8381.880 6.413e-17
8382.757 6.409e-17
8383.633 6.392e-17
8384.510 6.396e-17
8385.387 6.394e-17
8386.263 6.375e-17
8387.140 6.349e-17
8388.017 6.330e-17
8388.893 6.384e-17
8389.770 6.379e-17
8390.647 6.368e-17
8391.523 6.373e-17
8392.400 7.372e-17
8393.277 6.373e-17
8394.153 6.373e-17
8395.030 6.372e-17
8395.907 6.360e-17
8396.783 6.337e-17
8397.660 6.371e-17
8398.537 6.368e-17
8399.413 6.251e-17
8400.290 6.370e-17
8401.167 6.370e-17
8402.043 6.367e-17
8402.920 6.323e-17
8403.797 6.370e-17
8404.673 6.370e-17
8405.550 6.368e-17
8406.427 6.330e-17
8407.303 6.362e-17
8408.180 6.366e-17
8409.057 6.368e-17
8409.933 6.368e-17
8410.810 6.292e-17
8411.687 6.362e-17
8412.563 6.366e-17
8413.440 6.328e-17
8414.317 6.357e-17
8415.193 6.352e-17
8416.070 6.345e-17
8416.947 6.339e-17
8417.823 6.235e-17
8418.700 6.328e-17
8419.577 6.278e-17
8420.453 6.316e-17
8421.330 6.315e-17
8422.207 6.312e-17
8423.083 6.306e-17
8423.960 6.301e-17
8424.837 6.296e-17
8425.713 6.350e-17
8426.590 6.287e-17
8427.467 6.282e-17
8428.343 6.275e-17
8429.220 6.266e-17
8430.097 6.232e-17
8430.973 6.261e-17
8431.850 6.231e-17
8432.727 6.252e-17
8433.603 6.253e-17
8434.480 8.971e-17
8435.357 6.255e-17
8436.233 6.254e-17
8437.110 6.251e-17
8437.987 6.255e-17
8438.863 6.225e-17
8439.740 6.249e-17
8440.617 6.253e-17
8441.493 6.257e-17
8442.370 6.251e-17
8443.247 6.246e-17
8444.123 6.258e-17
8445.000 6.251e-17
8445.877 6.259e-17
8446.753 6.258e-17
8447.630 6.259e-17
8448.507 6.238e-17
8449.383 6.260e-17
8450.260 6.260e-17
8451.137 6.260e-17
8452.013 6.260e-17
8452.890 6.256e-17
8453.767 6.255e-17
8454.643 1.374e-15
8455.520 6.250e-17
8456.397 6.411e-17
8457.273 6.243e-17
8458.150 6.242e-17
8459.027 6.375e-17
8459.903 6.236e-17
8460.780 6.233e-17
8461.657 6.230e-17
8462.533 6.127e-17
8463.410 6.224e-17
8464.287 6.221e-17
8465.163 6.216e-17
8466.040 6.212e-17
8466.917 6.213e-17
8467.793 1.970e-15
8468.670 6.208e-17
8469.547 6.205e-17
8470.423 6.202e-17
8471.300 6.198e-17
8472.177 6.196e-17
8473.053 6.184e-17
8473.930 6.170e-17
8474.807 6.156e-17
8475.683 6.142e-17
8476.560 6.124e-17
8477.437 6.115e-17
8478.313 6.101e-17
8479.190 6.088e-17
8480.067 6.069e-17
8480.943 6.059e-17
8481.820 6.045e-17
8482.697 6.031e-17
8483.573 6.019e-17
8484.450 6.005e-17
8485.327 5.991e-17
8486.203 5.978e-17
8487.080 5.964e-17
8487.957 5.950e-17
8488.833 5.935e-17
8489.710 5.922e-17
8490.587 5.895e-17
8491.463 5.896e-17
8492.340 5.883e-17
8493.217 5.890e-17
8494.093 5.833e-17
8494.970 5.903e-17
8495.847 5.925e-17
8496.723 6.636e-17
8497.600 5.923e-17
8498.477 5.929e-17
8499.353 6.216e-17
8500.230 5.946e-17
8501.107 5.948e-17
8501.983 5.955e-17
8502.860 5.964e-17
8503.737 5.971e-17
8504.613 5.974e-17
8505.490 6.676e-17
8506.367 5.992e-17
8507.243 5.999e-17
8508.120 5.963e-17
8508.997 6.012e-17
8509.873 6.020e-17
8510.750 6.026e-17
8511.627 6.033e-17
8512.503 6.037e-17
8513.380 6.029e-17
8514.257 5.886e-17
8515.133 6.012e-17
8516.010 6.006e-17
8516.887 5.999e-17
8517.763 5.989e-17
8518.640 5.982e-17
8519.517 5.976e-17
8520.393 5.968e-17
8521.270 5.956e-17
8522.147 5.937e-17
8523.023 5.957e-17
8523.900 5.937e-17
8524.777 5.929e-17
8525.653 5.921e-17
8526.530 5.915e-17
8527.407 5.906e-17
8528.283 5.899e-17
8529.160 5.891e-17
8530.037 5.884e-17
8530.913 5.877e-17
8531.790 5.869e-17
8532.667 5.854e-17
8533.543 5.831e-17
8534.420 5.809e-17
8535.297 5.786e-17
8536.173 5.762e-17
8537.050 5.715e-17
8537.927 5.717e-17
8538.803 5.664e-17
8539.680 5.669e-17
8540.557 5.648e-17
8541.433 5.625e-17
8542.310 5.587e-17
8543.187 5.485e-17
8544.063 5.556e-17
8544.940 5.533e-17
8545.817 5.510e-17
8546.693 5.487e-17
8547.570 5.464e-17
8548.447 5.433e-17
8549.323 5.418e-17
8550.200 5.396e-17
8551.077 5.372e-17
8551.953 5.344e-17
8552.830 5.355e-17
8553.707 5.390e-17
8554.583 5.421e-17
8555.460 5.452e-17
8556.337 5.481e-17
8557.213 5.507e-17
8558.090 5.544e-17
8558.967 5.575e-17
8559.843 5.606e-17
8560.720 5.636e-17
8561.597 5.668e-17
8562.473 5.698e-17
8563.350 5.729e-17
8564.227 5.760e-17
8565.103 5.790e-17
8565.980 5.822e-17
8566.857 5.852e-17
8567.733 5.883e-17
8568.610 5.914e-17
8569.487 5.944e-17
8570.363 5.975e-17
8571.240 6.003e-17
8572.117 6.036e-17
8572.993 6.035e-17
8573.870 6.034e-17
8574.747 6.032e-17
8575.623 6.025e-17
8576.500 6.024e-17
8577.377 6.021e-17
8578.253 6.014e-17
8579.130 6.013e-17
8580.007 8.230e-17
8580.883 6.006e-17
8581.760 6.002e-17
8582.637 5.998e-17
8583.513 5.989e-17
8584.390 5.990e-17
8585.267 5.985e-17
8586.143 5.982e-17
8587.020 5.978e-17
8587.897 5.974e-17
8588.773 5.970e-17
8589.650 5.966e-17
8590.527 5.962e-17
8591.403 5.958e-17
8592.280 5.954e-17
8593.157 5.952e-17
8594.033 5.950e-17
8594.910 5.946e-17
8595.787 5.951e-17
8596.663 5.950e-17
8597.540 5.948e-17
8598.417 5.949e-17
8599.293 5.947e-17
8600.170 5.947e-17
8601.047 5.946e-17
8601.923 5.946e-17
8602.800 5.945e-17
8603.677 5.944e-17
8604.553 5.944e-17
8605.430 5.943e-17
8606.307 5.942e-17
8607.183 5.941e-17
8608.060 5.932e-17
8608.937 5.940e-17
8609.813 5.939e-17
8610.690 7.072e-17
8611.567 5.938e-17
8612.443 5.937e-17
8613.320 5.937e-17
8614.197 5.937e-17
8615.073 5.936e-17
8615.950 5.936e-17
8616.827 5.978e-17
8617.703 5.935e-17
8618.580 5.935e-17
8619.457 6.968e-17
8620.333 5.935e-17
8621.210 5.934e-17
8622.087 5.933e-17
8622.963 5.934e-17
8623.840 1.014e-16
8624.717 5.933e-17
8625.593 5.933e-17
8626.470 5.933e-17
8627.347 5.931e-17
8628.223 5.932e-17
8629.100 5.931e-17
8629.977 5.931e-17
8630.853 5.931e-17
8631.730 1.861e-16
8632.607 5.929e-17
8633.483 5.922e-17
8634.360 5.914e-17
8635.237 5.906e-17
8636.113 5.899e-17
8636.990 5.892e-17
8637.867 5.885e-17
8638.743 5.877e-17
8639.620 5.869e-17
8640.497 5.862e-17
8641.373 5.855e-17
8642.250 5.848e-17
8643.127 5.840e-17
8644.003 5.833e-17
8644.880 5.825e-17
8645.757 5.818e-17
8646.633 5.811e-17
8647.510 5.803e-17
8648.387 5.796e-17
8649.263 4.548e-16
8650.140 5.781e-17
8651.017 5.774e-17
8651.893 5.766e-17
8652.770 1.293e-16
8653.647 6.435e-16
8654.523 5.708e-17
8655.400 5.685e-17
8656.277 5.661e-17
8657.153 5.639e-17
8658.030 5.615e-17
8658.907 5.593e-17
8659.783 5.570e-17
8660.660 5.547e-17
8661.537 7.770e-16
8662.413 5.501e-17
8663.290 5.479e-17
8664.167 5.456e-17
8665.043 5.433e-17
8665.920 5.410e-17
8666.797 5.388e-17
8667.673 5.365e-17
8668.550 5.342e-17
8669.427 5.319e-17
8670.303 5.943e-17
8671.180 5.274e-17
8672.057 5.252e-17
8672.933 5.253e-17
8673.810 5.271e-17
8674.687 5.289e-17
8675.563 5.306e-17
8676.440 5.323e-17
8677.317 5.341e-17
8678.193 5.358e-17
8679.070 5.376e-17
8679.947 5.393e-17
8680.823 5.410e-17
8681.700 5.428e-17
8682.577 1.834e-16
8683.453 5.462e-17
8684.330 5.480e-17
8685.207 5.497e-17
8686.083 5.514e-17
8686.960 5.531e-17
8687.837 5.548e-17
8688.713 5.566e-17
8689.590 9.451e-17
8690.467 5.600e-17
8691.343 5.615e-17
8692.220 5.633e-17
8693.097 5.633e-17
8693.973 5.627e-17
8694.850 5.620e-17
8695.727 5.941e-17
8696.603 5.609e-17
8697.480 5.603e-17
8698.357 5.597e-17
8699.233 5.591e-17
8700.110 5.585e-17
8700.987 5.579e-17
8701.863 5.573e-17
8702.740 5.568e-17
8703.617 5.564e-17
8704.493 5.914e-17
8705.370 5.556e-17
8706.247 5.552e-17
8707.123 5.548e-17
8708.000 8.113e-17
8708.877 5.540e-17
8709.753 5.537e-17
8710.630 5.531e-17
8711.507 5.529e-17
8712.383 5.525e-17
8713.260 5.521e-17
8714.137 5.517e-17
8715.013 5.513e-17
8715.890 5.509e-17
8716.767 5.504e-17
8717.643 5.501e-17
8718.520 5.497e-17
8719.397 5.494e-17
8720.273 5.490e-17
8721.150 6.070e-17
8722.027 5.482e-17
8722.903 5.479e-17
8723.780 5.477e-17
8724.657 5.475e-17
8725.533 5.474e-17
8726.410 5.473e-17
8727.287 5.474e-17
8728.163 5.475e-17
8729.040 5.921e-17
8729.917 5.477e-17
8730.793 5.478e-17
8731.670 5.478e-17
8732.547 5.479e-17
8733.423 5.480e-17
8734.300 5.481e-17
8735.177 5.482e-17
8736.053 5.483e-17
8736.930 5.484e-17
8737.807 5.484e-17
8738.683 5.486e-17
8739.560 5.487e-17
8740.437 5.487e-17
8741.313 5.488e-17
8742.190 5.489e-17
8743.067 6.113e-17
8743.943 5.491e-17
8744.820 5.491e-17
8745.697 5.492e-17
8746.573 5.493e-17
8747.450 5.493e-17
8748.327 5.494e-17
8749.203 5.495e-17
8750.080 5.495e-17
8750.957 5.494e-17
8751.833 5.497e-17
8752.710 6.626e-17
8753.587 5.498e-17
8754.463 5.499e-17
8755.340 5.499e-17
8756.217 5.500e-17
8757.093 5.500e-17
8757.970 5.501e-17
8758.847 5.502e-17
8759.723 5.502e-17
8760.600 5.503e-17
8761.477 5.504e-17
8762.353 5.504e-17
8763.230 5.500e-17
8764.107 1.246e-16
8764.983 5.490e-17
8765.860 5.484e-17
8766.737 5.479e-17
8767.613 5.474e-17
8768.490 5.469e-17
8769.367 5.464e-17
8770.243 1.075e-15
8771.120 5.454e-17
8771.997 5.449e-17
8772.873 5.526e-17
8773.750 5.439e-17
8774.627 5.433e-17
8775.503 5.429e-17
8776.380 5.424e-17
8777.257 5.418e-17
8778.133 5.413e-17
8779.010 5.408e-17
8779.887 5.403e-17
8780.763 4.259e-15
8781.640 5.393e-17
8782.517 5.374e-17
8783.393 5.386e-17
8784.270 5.389e-17
8785.147 5.390e-17
8786.023 5.390e-17
8786.900 5.391e-17
8787.777 5.391e-17
8788.653 5.391e-17
8789.530 5.391e-17
8790.407 5.392e-17
8791.283 5.393e-17
8792.160 5.393e-17
8793.037 5.394e-17
8793.913 5.394e-17
8794.790 5.386e-17
8795.667 5.395e-17
8796.543 5.395e-17
8797.420 5.396e-17
8798.297 5.396e-17
8799.173 5.396e-17
8800.050 5.397e-17
8800.927 5.397e-17
8801.803 5.397e-17
8802.680 5.396e-17
8803.557 5.395e-17
8804.433 6.224e-17
8805.310 5.389e-17
8806.187 5.386e-17
8807.063 5.385e-17
8807.940 5.381e-17
8808.817 5.380e-17
8809.693 5.377e-17
8810.570 5.375e-17
8811.447 5.372e-17
8812.323 5.370e-17
8813.200 5.367e-17
8814.077 5.329e-17
8814.953 5.362e-17
8815.830 5.360e-17
8816.707 5.357e-17
8817.583 5.355e-17
8818.460 5.352e-17
8819.337 5.350e-17
8820.213 5.347e-17
8821.090 5.340e-17
8821.967 5.338e-17
8822.843 5.334e-17
8823.720 5.341e-17
8824.597 5.342e-17
8825.473 5.345e-17
8826.350 5.347e-17
8827.227 5.349e-17
8828.103 5.351e-17
8828.980 5.353e-17
8829.857 5.355e-17
8830.733 5.357e-17
8831.610 5.359e-17
8832.487 5.361e-17
8833.363 5.361e-17
8834.240 5.364e-17
8835.117 5.367e-17
8835.993 8.206e-17
8836.870 5.676e-17
8837.747 5.369e-17
8838.623 5.374e-17
8839.500 5.376e-17
8840.377 5.378e-17
8841.253 5.380e-17
8842.130 5.382e-17
8843.007 5.380e-17
8843.883 5.375e-17
8844.760 5.371e-17
8845.637 5.367e-17
8846.513 5.362e-17
8847.390 5.358e-17
8848.267 5.351e-17
8849.143 5.349e-17
8850.020 5.344e-17
8850.897 5.340e-17
8851.773 5.336e-17
8852.650 5.332e-17
8853.527 5.327e-17
8854.403 5.322e-17
8855.280 5.318e-17
8856.157 5.314e-17
8857.033 5.310e-17
8857.910 5.306e-17
8858.787 5.301e-17
8859.663 5.252e-17
8860.540 5.290e-17
8861.417 5.274e-17
8862.293 5.451e-17
8863.170 5.414e-17
8864.047 6.582e-17
8864.923 7.562e-17
8865.800 9.755e-17
8866.677 5.280e-17
8867.553 5.276e-17
8868.430 5.275e-17
8869.307 5.286e-17
8870.183 5.277e-17
8871.060 5.276e-17
8871.937 5.276e-17
8872.813 5.275e-17
8873.690 5.275e-17
8874.567 5.273e-17
8875.443 5.274e-17
8876.320 5.273e-17
8877.197 5.272e-17
8878.073 5.272e-17
8878.950 5.271e-17
8879.827 5.269e-17
8880.703 5.268e-17
8881.580 5.240e-17
8882.457 5.267e-17
8883.333 5.266e-17
8884.210 5.260e-17
8885.087 5.262e-17
8885.963 5.260e-17
8886.840 5.259e-17
8887.717 5.257e-17
8888.593 5.255e-17
8889.470 5.252e-17
8890.347 5.249e-17
8891.223 5.366e-17
8892.100 5.247e-17
8892.977 5.245e-17
8893.853 5.243e-17
8894.730 5.241e-17
8895.607 5.239e-17
8896.483 5.236e-17
8897.360 5.235e-17
8898.237 5.233e-17
8899.113 5.469e-17
8899.990 5.229e-17
8900.867 5.227e-17
8901.743 5.224e-17
8902.620 5.222e-17
8903.497 5.218e-17
8904.373 5.217e-17
8905.250 5.214e-17
8906.127 5.211e-17
8907.003 5.208e-17
8907.880 5.205e-17
8908.757 5.202e-17
8909.633 5.172e-17
8910.510 5.196e-17
8911.387 5.193e-17
8912.263 5.190e-17
8913.140 5.186e-17
8914.017 5.184e-17
8914.893 5.181e-17
8915.770 5.178e-17
8916.647 5.175e-17
8917.523 5.172e-17
8918.400 5.127e-17
8919.277 5.740e-17
8920.153 5.142e-17
8921.030 5.160e-17
8921.907 5.142e-17
8922.783 5.152e-17
8923.660 5.155e-17
8924.537 5.154e-17
8925.413 5.152e-17
8926.290 5.154e-17
8927.167 5.142e-17
8928.043 5.153e-17
8928.920 5.148e-17
8929.797 5.207e-17
8930.673 5.409e-17
8931.550 5.320e-17
8932.427 5.126e-17
8933.303 5.134e-17
8934.180 5.257e-17
8935.057 5.146e-17
8935.933 5.144e-17
8936.810 5.617e-17
8937.687 5.147e-17
8938.563 5.145e-17
8939.440 5.146e-17
8940.317 5.143e-17
8941.193 5.146e-17
8942.070 5.143e-17
8942.947 5.054e-17
8943.823 5.195e-17
8944.700 4.979e-17
8945.577 5.143e-17
8946.453 5.138e-17
8947.330 5.144e-17
8948.207 5.141e-17
8949.083 5.081e-17
8949.960 5.592e-17
8950.837 5.125e-17
8951.713 5.137e-17
8952.590 5.143e-17
8953.467 5.135e-17
8954.343 5.020e-17
8955.220 5.137e-17
8956.097 5.137e-17
8956.973 5.045e-17
8957.850 5.099e-17
8958.727 5.140e-17
8959.603 5.141e-17
8960.480 4.311e-16
8961.357 5.134e-17
8962.233 5.143e-17
8963.110 5.099e-17
8963.987 5.109e-17
8964.863 4.023e-17
8965.740 5.020e-17
8966.617 5.099e-17
8967.493 6.080e-17
8968.370 5.034e-17
8969.247 5.053e-17
8970.123 5.086e-17
8971.000 5.833e-17
8971.877 5.738e-17
8972.753 5.061e-17
8973.630 1.333e-16
8974.507 4.997e-17
8975.383 4.540e-17
8976.260 5.141e-17
8977.137 4.417e-17
8978.013 5.045e-17
8978.890 4.538e-17
8979.767 5.016e-17
8980.643 5.010e-17
8981.520 5.000e-17
8982.397 4.949e-17
8983.273 4.594e-17
8984.150 4.972e-17
8985.027 4.989e-17
8985.903 4.988e-17
8986.780 4.950e-17
8987.657 4.979e-17
8988.533 4.930e-17
8989.410 5.265e-17
8990.287 4.335e-17
8991.163 4.902e-17
8992.040 4.569e-17
8992.917 4.801e-17
8993.793 4.738e-17
8994.670 4.668e-17
8995.547 5.624e-17
8996.423 4.946e-17
8997.300 4.956e-17
8998.177 4.957e-17
8999.053 4.956e-17
8999.930 4.951e-17
9000.807 4.947e-17
9001.683 4.925e-17
9002.560 4.089e-17
9003.437 4.751e-17
9004.313 4.933e-17
9005.190 4.928e-17
9006.067 2.912e-17
9006.943 4.904e-17
9007.820 4.940e-17
9008.697 4.936e-17
9009.573 4.210e-17
9010.450 4.786e-17
9011.327 4.890e-17
9012.203 4.939e-17
9013.080 4.936e-17
9013.957 4.823e-17
9014.833 4.873e-17
9015.710 4.931e-17
9016.587 4.938e-17
9017.463 4.923e-17
9018.340 4.882e-17
9019.217 1.548e-17
9020.093 4.881e-17
9020.970 4.922e-17
9021.847 4.935e-17
9022.723 4.888e-17
9023.600 4.915e-17
9024.477 4.876e-17
9025.353 4.506e-17
9026.230 4.909e-17
9027.107 4.870e-17
9027.983 4.717e-17
9028.860 4.782e-17
9029.737 4.904e-17
9030.613 4.910e-17
9031.490 5.766e-17
9032.367 4.896e-17
9033.243 4.887e-17
9034.120 4.753e-17
9034.997 4.893e-17
9035.873 4.896e-17
9036.750 4.893e-17
9037.627 4.874e-17
9038.503 4.889e-17
9039.380 4.886e-17
9040.257 4.883e-17
9041.133 4.878e-17
9042.010 4.873e-17
9042.887 4.862e-17
9043.763 4.838e-17
9044.640 4.734e-17
9045.517 4.717e-17
9046.393 4.868e-17
9047.270 4.871e-17
9048.147 4.871e-17
9049.023 4.869e-17
9049.900 4.340e-17
9050.777 4.857e-17
9051.653 5.703e-16
9052.530 4.865e-17
9053.407 4.822e-17
9054.283 4.858e-17
9055.160 4.745e-17
9056.037 4.834e-17
9056.913 4.847e-17
9057.790 4.862e-17
9058.667 4.860e-17
9059.543 5.678e-17
9060.420 4.857e-17
9061.297 4.857e-17
9062.173 4.846e-17
9063.050 4.304e-17
9063.927 4.827e-17
9064.803 4.804e-17
9065.680 4.806e-17
9066.557 3.673e-17
9067.433 4.817e-17
9068.310 4.796e-17
9069.187 4.807e-17
9070.063 4.725e-17
9070.940 5.790e-17
9071.817 4.153e-17
9072.693 4.759e-17
9073.570 4.743e-17
9074.447 8.460e-18
9075.323 4.721e-17
9076.200 4.726e-17
9077.077 4.805e-17
9077.953 4.740e-17
9078.830 4.845e-17
9079.707 4.732e-17
9080.583 4.715e-17
9081.460 4.117e-17
9082.337 2.261e-17
9083.213 4.602e-17
9084.090 4.521e-17
9084.967 4.708e-17
9085.843 4.688e-17
9086.720 4.718e-17
9087.597 4.686e-17
9088.473 4.685e-17
9089.350 3.787e-17
9090.227 4.679e-17
9091.103 4.719e-17
9091.980 4.701e-17
9092.857 5.151e-17
9093.733 5.082e-17
9094.610 4.739e-17
9095.487 4.705e-17
9096.363 3.871e-17
9097.240 4.710e-17
9098.117 4.695e-17
9098.993 4.738e-17
9099.870 4.918e-17
9100.747 4.546e-17
9101.623 4.688e-17
9102.500 4.314e-17
