4500.000 0.22001
4500.877 0.21986
4501.753 0.21972
4502.630 0.21957
4503.507 0.21943
4504.383 0.21928
4505.260 0.21912
4506.137 0.21894
4507.013 0.21879
4507.890 0.21864
4508.767 0.21850
4509.643 0.21835
4510.520 0.21820
4511.397 0.21806
4512.273 0.21790
4513.150 0.21776
4514.027 0.21761
4514.903 0.21746
4515.780 0.21728
4516.657 0.21712
4517.533 0.21697
4518.410 0.21682
4519.287 0.21667
4520.163 0.21652
4521.040 0.21637
4521.917 0.21623
4522.793 0.21607
4523.670 0.21592
4524.547 0.21577
4525.423 0.21562
4526.300 0.21547
4527.177 0.21532
4528.053 0.21517
4528.930 0.21503
4529.807 0.21487
4530.683 0.21473
4531.560 0.21458
4532.437 0.21443
4533.313 0.21428
4534.190 0.21414
4535.067 0.21399
4535.943 0.21384
4536.820 0.21370
4537.697 0.21355
4538.573 0.21340
4539.450 0.21326
4540.327 0.21311
4541.203 0.21297
4542.080 0.21283
4542.957 0.21268
4543.833 0.21254
4544.710 0.21240
4545.587 0.21226
4546.463 0.21212
4547.340 0.21198
4548.217 0.21184
4549.093 0.21169
4549.970 0.21155
4550.847 0.21142
4551.723 0.21129
4552.600 0.21115
4553.477 0.21102
4554.353 0.21089
4555.230 0.21075
4556.107 0.21062
4556.983 0.21048
4557.860 0.21035
4558.737 0.21022
4559.613 0.21008
4560.490 0.20996
4561.367 0.20983
4562.243 0.20971
4563.120 0.20958
4563.997 0.20945
4564.873 0.20933
4565.750 0.20920
4566.627 0.20908
4567.503 0.20896
4568.380 0.20883
4569.257 0.20870
4570.133 0.20858
4571.010 0.20846
4571.887 0.20835
4572.763 0.20822
4573.640 0.20808
4574.517 0.20795
4575.393 0.20784
4576.270 0.20774
4577.147 0.20763
4578.023 0.20750
4578.900 0.20738
4579.777 0.20726
4580.653 0.20715
4581.530 0.20703
4582.407 0.20691
4583.283 0.20679
4584.160 0.20668
4585.037 0.20655
4585.913 0.20644
4586.790 0.20632
4587.667 0.20620
4588.543 0.20609
4589.420 0.20597
4590.297 0.20585
4591.173 0.20574
4592.050 0.20562
4592.927 0.20550
4593.803 0.20538
4594.680 0.20527
4595.557 0.20515
4596.433 0.20504
4597.310 0.20492
4598.187 0.20480
4599.063 0.20469
4599.940 0.20457
4600.817 0.20445
4601.693 0.20433
4602.570 0.20421
4603.447 0.20409
4604.323 0.20397
4605.200 0.20385
4606.077 0.20373
4606.953 0.20361
4607.830 0.20349
4608.707 0.20337
4609.583 0.20324
4610.460 0.20312
4611.337 0.20299
4612.213 0.20286
4613.090 0.20273
4613.967 0.20260
4614.843 0.20247
4615.720 0.20235
4616.597 0.20222
4617.473 0.20209
4618.350 0.20196
4619.227 0.20183
4620.103 0.20171
4620.980 0.20158
4621.857 0.20146
4622.733 0.20135
4623.610 0.20122
4624.487 0.20108
4625.363 0.20095
4626.240 0.20081
4627.117 0.20068
4627.993 0.20054
4628.870 0.20041
4629.747 0.20027
4630.623 0.20013
4631.500 0.19999
4632.377 0.19984
4633.253 0.19970
4634.130 0.19955
4635.007 0.19941
4635.883 0.19927
4636.760 0.19913
4637.637 0.19898
4638.513 0.19884
4639.390 0.19872
4640.267 0.19860
4641.143 0.19846
4642.020 0.19831
4642.897 0.19816
4643.773 0.19802
4644.650 0.19788
4645.527 0.19773
4646.403 0.19759
4647.280 0.19744
4648.157 0.19730
4649.033 0.19716
4649.910 0.19701
4650.787 0.19688
4651.663 0.19675
4652.540 0.19663
4653.417 0.19651
4654.293 0.19638
4655.170 0.19624
4656.047 0.19611
4656.923 0.19597
4657.800 0.19583
4658.677 0.19569
4659.553 0.19556
4660.430 0.19544
4661.307 0.19535
4662.183 0.19524
4663.060 0.19512
4663.937 0.19499
4664.813 0.19487
4665.690 0.19476
4666.567 0.19464
4667.443 0.19454
4668.320 0.19443
4669.197 0.19432
4670.073 0.19420
4670.950 0.19408
4671.827 0.19398
4672.703 0.19387
4673.580 0.19377
4674.457 0.19367
4675.333 0.19356
4676.210 0.19345
4677.087 0.19334
4677.963 0.19324
4678.840 0.19314
4679.717 0.19304
4680.593 0.19295
4681.470 0.19285
4682.347 0.19277
4683.223 0.19263
4684.100 0.19252
4684.977 0.19242
4685.853 0.19233
4686.730 0.19223
4687.607 0.19213
4688.483 0.19203
4689.360 0.19194
4690.237 0.19186
4691.113 0.19176
4691.990 0.19178
4692.867 0.19156
4693.743 0.19147
4694.620 0.19136
4695.497 0.19128
4696.373 0.19120
4697.250 0.19112
4698.127 0.19134
4699.003 0.19089
4699.880 0.19080
4700.757 0.19071
4701.633 0.19062
4702.510 0.19054
4703.387 0.19049
4704.263 0.19036
4705.140 0.19028
4706.017 0.19018
4706.893 0.19009
4707.770 0.19000
4708.647 0.18993
4709.523 0.18984
4710.400 0.18976
4711.277 0.18966
4712.153 0.18966
4713.030 0.18947
4713.907 0.18939
4714.783 0.18929
4715.660 0.18920
4716.537 0.18911
4717.413 0.18922
4718.290 0.18897
4719.167 0.18890
4720.043 0.18881
4720.920 0.18871
4721.797 0.18874
4722.673 0.18854
4723.550 0.18847
4724.427 0.18839
4725.303 0.18831
4726.180 0.18822
4727.057 0.18813
4727.933 0.18803
4728.810 0.18796
4729.687 0.18788
4730.563 0.18814
4731.440 0.18773
4732.317 0.18766
4733.193 0.18759
4734.070 0.18752
4734.947 0.18745
4735.823 0.18738
4736.700 0.18732
4737.577 0.18727
4738.453 0.18721
4739.330 0.18715
4740.207 0.18708
4741.083 0.18703
4741.960 0.18698
4742.837 0.18693
4743.713 0.18689
4744.590 0.18686
4745.467 0.18682
4746.343 0.18679
4747.220 0.18679
4748.097 0.18678
4748.973 0.18678
4749.850 0.18675
4750.727 0.18675
4751.603 0.18675
4752.480 0.18675
4753.357 0.18677
4754.233 0.18680
4755.110 0.18682
4755.987 0.18682
4756.863 0.18681
4757.740 0.18681
4758.617 0.18683
4759.493 0.18686
4760.370 0.18691
4761.247 0.18698
4762.123 0.18701
4763.000 0.18700
4763.877 0.18697
4764.753 0.18695
4765.630 0.18692
4766.507 0.18690
4767.383 0.18688
4768.260 0.18686
4769.137 0.18682
4770.013 0.18676
4770.890 0.18670
4771.767 0.18663
4772.643 0.18656
4773.520 0.18647
4774.397 0.18634
4775.273 0.18620
4776.150 0.18608
4777.027 0.18594
4777.903 0.18582
4778.780 0.18571
4779.657 0.18560
4780.533 0.18547
4781.410 0.18533
4782.287 0.18518
4783.163 0.18502
4784.040 0.18486
4784.917 0.18469
4785.793 0.18453
4786.670 0.18437
4787.547 0.18420
4788.423 0.18404
4789.300 0.18388
4790.177 0.18370
4791.053 0.18351
4791.930 0.18335
4792.807 0.18320
4793.683 0.18304
4794.560 0.18289
4795.437 0.18273
4796.313 0.18257
4797.190 0.18242
4798.067 0.18227
4798.943 0.18210
4799.820 0.18191
4800.697 0.18173
4801.573 0.18156
4802.450 0.18139
4803.327 0.18122
4804.203 0.18107
4805.080 0.18092
4805.957 0.18078
4806.833 0.18063
4807.710 0.18048
4808.587 0.18033
4809.463 0.18017
4810.340 0.18000
4811.217 0.17983
4812.093 0.17967
4812.970 0.17952
4813.847 0.17938
4814.723 0.17923
4815.600 0.17910
4816.477 0.17896
4817.353 0.17882
4818.230 0.17868
4819.107 0.17852
4819.983 0.17837
4820.860 0.17822
4821.737 0.17806
4822.613 0.17791
4823.490 0.17775
4824.367 0.17761
4825.243 0.17748
4826.120 0.17734
4826.997 0.17721
4827.873 0.17707
4828.750 0.17693
4829.627 0.17680
4830.503 0.17666
4831.380 0.17651
4832.257 0.17636
4833.133 0.17622
4834.010 0.17606
4834.887 0.17589
4835.763 0.17574
4836.640 0.17558
4837.517 0.17543
4838.393 0.17530
4839.270 0.17517
4840.147 0.17505
4841.023 0.17491
4841.900 0.17477
4842.777 0.17462
4843.653 0.17448
4844.530 0.17433
4845.407 0.17421
4846.283 0.17404
4847.160 0.17390
4848.037 0.17376
4848.913 0.17372
4849.790 0.17363
4850.667 0.17336
4851.543 0.17324
4852.420 0.17313
4853.297 0.17312
4854.173 0.17293
4855.050 0.17274
4855.927 0.17259
4856.803 0.17247
4857.680 0.17237
4858.557 0.17223
4859.433 0.17211
4860.310 0.17197
4861.187 0.17183
4862.063 0.17171
4862.940 0.17160
4863.817 0.17149
4864.693 0.17138
4865.570 0.17127
4866.447 0.17117
4867.323 0.17104
4868.200 0.17093
4869.077 0.17082
4869.953 0.17073
4870.830 0.17061
4871.707 0.17071
4872.583 0.17040
4873.460 0.17046
4874.337 0.17018
4875.213 0.17007
4876.090 0.16996
4876.967 0.16986
4877.843 0.16976
4878.720 0.16966
4879.597 0.16957
4880.473 0.16947
4881.350 0.16939
4882.227 0.16930
4883.103 0.16923
4883.980 0.16913
4884.857 0.16907
4885.733 0.16896
4886.610 0.16888
4887.487 0.16879
4888.363 0.16871
4889.240 0.16863
4890.117 0.16862
4890.993 0.16851
4891.870 0.16839
4892.747 0.16831
4893.623 0.16823
4894.500 0.16819
4895.377 0.16808
4896.253 0.16800
4897.130 0.16792
4898.007 0.16786
4898.883 0.16777
4899.760 0.16769
4900.637 0.16761
4901.513 0.16752
4902.390 0.16744
4903.267 0.16735
4904.143 0.16727
4905.020 0.16718
4905.897 0.16709
4906.773 0.16701
4907.650 0.16692
4908.527 0.16684
4909.403 0.16676
4910.280 0.16667
4911.157 0.16658
4912.033 0.16649
4912.910 0.16640
4913.787 0.16635
4914.663 0.16622
4915.540 0.16613
4916.417 0.16604
4917.293 0.16595
4918.170 0.16587
4919.047 0.16578
4919.923 0.16569
4920.800 0.16559
4921.677 0.16550
4922.553 0.16540
4923.430 0.16531
4924.307 0.16522
4925.183 0.16512
4926.060 0.16503
4926.937 0.16494
4927.813 0.16486
4928.690 0.16477
4929.567 0.16469
4930.443 0.16461
4931.320 0.16453
4932.197 0.16444
4933.073 0.16436
4933.950 0.16427
4934.827 0.16418
4935.703 0.16410
4936.580 0.16401
4937.457 0.16393
4938.333 0.16384
4939.210 0.16376
4940.087 0.16367
4940.963 0.16358
4941.840 0.16350
4942.717 0.16342
4943.593 0.16333
4944.470 0.16325
4945.347 0.16316
4946.223 0.16308
4947.100 0.16300
4947.977 0.16291
4948.853 0.16283
4949.730 0.16275
4950.607 0.16267
4951.483 0.16260
4952.360 0.16253
4953.237 0.16245
4954.113 0.16238
4954.990 0.16231
4955.867 0.16224
4956.743 0.16217
4957.620 0.16210
4958.497 0.16203
4959.373 0.16196
4960.250 0.16189
4961.127 0.16183
4962.003 0.16177
4962.880 0.16171
4963.757 0.16165
4964.633 0.16159
4965.510 0.16153
4966.387 0.16147
4967.263 0.16141
4968.140 0.16135
4969.017 0.16127
4969.893 0.16120
4970.770 0.16114
4971.647 0.16108
4972.523 0.16103
4973.400 0.16097
4974.277 0.16092
4975.153 0.16088
4976.030 0.16082
4976.907 0.16077
4977.783 0.16072
4978.660 0.16067
4979.537 0.16062
4980.413 0.16058
4981.290 0.16054
4982.167 0.16050
4983.043 0.16046
4983.920 0.16042
4984.797 0.16038
4985.673 0.16034
4986.550 0.16030
4987.427 0.16026
4988.303 0.16023
4989.180 0.16019
4990.057 0.16015
4990.933 0.16012
4991.810 0.16009
4992.687 0.16006
4993.563 0.16003
4994.440 0.16000
4995.317 0.15998
4996.193 0.15995
4997.070 0.15992
4997.947 0.15990
4998.823 0.15986
4999.700 0.15983
5000.577 0.15980
5001.453 0.15978
5002.330 0.15976
5003.207 0.15973
5004.083 0.15973
5004.960 0.15972
5005.837 0.15972
5006.713 0.15962
5007.590 0.15960
5008.467 0.15958
5009.343 0.15955
5010.220 0.15953
5011.097 0.15954
5011.973 0.15947
5012.850 0.15945
5013.727 0.15953
5014.603 0.15940
5015.480 0.15937
5016.357 0.15939
5017.233 0.15939
5018.110 0.15966
5018.987 0.15927
5019.863 0.15928
5020.740 0.15941
5021.617 0.15935
5022.493 0.15915
5023.370 0.15912
5024.247 0.15908
5025.123 0.15905
5026.000 0.16005
5026.877 0.15899
5027.753 0.15899
5028.630 0.15892
5029.507 0.15901
5030.383 0.15903
5031.260 0.15882
5032.137 0.15881
5033.013 0.15873
5033.890 0.15870
5034.767 0.15868
5035.643 0.15920
5036.520 0.15866
5037.397 0.15856
5038.273 0.15849
5039.150 0.16532
5040.027 0.15843
5040.903 0.15922
5041.780 0.15835
5042.657 0.15832
5043.533 0.16162
5044.410 0.15955
5045.287 0.15884
5046.163 0.15796
5047.040 0.15818
5047.917 0.15783
5048.793 0.15806
5049.670 0.15774
5050.547 0.15765
5051.423 0.15773
5052.300 0.15748
5053.177 0.15740
5054.053 0.15747
5054.930 0.15733
5055.807 0.15720
5056.683 0.15727
5057.560 0.15720
5058.437 0.15699
5059.313 0.15693
5060.190 0.15676
5061.067 0.15671
5061.943 0.15657
5062.820 0.15649
5063.697 0.15682
5064.573 0.15628
5065.450 0.15619
5066.327 0.15610
5067.203 0.15636
5068.080 0.15595
5068.957 0.15584
5069.833 0.15579
5070.710 0.15577
5071.587 0.15741
5072.463 0.15584
5073.340 0.15532
5074.217 0.15622
5075.093 0.15523
5075.970 0.15502
5076.847 0.15492
5077.723 0.15555
5078.600 0.15475
5079.477 0.15462
5080.353 0.15478
5081.230 0.15449
5082.107 0.15432
5082.983 0.15429
5083.860 0.15410
5084.737 0.15401
5085.613 0.15502
5086.490 0.15377
5087.367 0.15375
5088.243 0.15364
5089.120 0.15347
5089.997 0.15336
5090.873 0.15326
5091.750 0.15316
5092.627 0.15306
5093.503 0.15300
5094.380 0.15287
5095.257 0.15334
5096.133 0.15268
5097.010 0.15259
5097.887 0.15252
5098.763 0.15246
5099.640 0.15229
5100.517 0.15220
5101.393 0.15215
5102.270 0.15209
5103.147 0.15255
5104.023 0.15194
5104.900 0.15182
5105.777 0.15171
5106.653 0.15162
5107.530 0.15153
5108.407 0.15145
5109.283 0.15135
5110.160 0.15127
5111.037 0.15122
5111.913 0.15115
5112.790 0.15110
5113.667 0.15100
5114.543 0.15093
5115.420 0.15086
5116.297 0.15079
5117.173 0.15072
5118.050 0.15079
5118.927 0.15059
5119.803 0.15052
5120.680 0.15046
5121.557 0.15042
5122.433 0.15034
5123.310 0.15028
5124.187 0.15044
5125.063 0.15016
5125.940 0.15010
5126.817 0.15004
5127.693 0.15007
5128.570 0.14992
5129.447 0.14985
5130.323 0.14980
5131.200 0.14974
5132.077 0.14968
5132.953 0.14963
5133.830 0.14957
5134.707 0.14952
5135.583 0.14946
5136.460 0.14940
5137.337 0.14935
5138.213 0.14929
5139.090 0.14924
5139.967 0.14918
5140.843 0.14913
5141.720 0.14907
5142.597 0.14901
5143.473 0.14896
5144.350 0.14891
5145.227 0.14884
5146.103 0.14879
5146.980 0.14873
5147.857 0.14870
5148.733 0.14866
5149.610 0.14862
5150.487 0.14856
5151.363 0.14850
5152.240 0.14845
5153.117 0.14839
5153.993 0.14833
5154.870 0.14828
5155.747 0.14822
5156.623 0.14816
5157.500 0.14810
5158.377 0.14805
5159.253 0.14800
5160.130 0.14794
5161.007 0.14788
5161.883 0.14782
5162.760 0.14777
5163.637 0.14771
5164.513 0.14766
5165.390 0.14760
5166.267 0.14754
5167.143 0.14749
5168.020 0.14743
5168.897 0.14737
5169.773 0.14732
5170.650 0.14726
5171.527 0.14720
5172.403 0.14714
5173.280 0.14709
5174.157 0.14703
5175.033 0.14697
5175.910 0.14691
5176.787 0.14686
5177.663 0.14680
5178.540 0.14674
5179.417 0.14669
5180.293 0.14663
5181.170 0.14658
5182.047 0.14654
5182.923 0.14650
5183.800 0.14646
5184.677 0.14641
5185.553 0.14635
5186.430 0.14629
5187.307 0.14624
5188.183 0.14618
5189.060 0.14612
5189.937 0.14607
5190.813 0.14602
5191.690 0.14597
5192.567 0.14592
5193.443 0.14587
5194.320 0.14582
5195.197 0.14577
5196.073 0.14572
5196.950 0.14567
5197.827 0.14562
5198.703 0.14556
5199.580 0.14551
5200.457 0.14547
5201.333 0.14543
5202.210 0.14539
5203.087 0.14535
5203.963 0.14531
5204.840 0.14527
5205.717 0.14524
5206.593 0.14522
5207.470 0.14520
5208.347 0.14517
5209.223 0.14514
5210.100 0.14510
5210.977 0.14506
5211.853 0.14503
5212.730 0.14499
5213.607 0.14496
5214.483 0.14493
5215.360 0.14491
5216.237 0.14489
5217.113 0.14486
5217.990 0.14483
5218.867 0.14479
5219.743 0.14476
5220.620 0.14473
5221.497 0.14471
5222.373 0.14469
5223.250 0.14468
5224.127 0.14468
5225.003 0.14467
5225.880 0.14465
5226.757 0.14463
5227.633 0.14461
5228.510 0.14460
5229.387 0.14458
5230.263 0.14457
5231.140 0.14456
5232.017 0.14455
5232.893 0.14454
5233.770 0.14454
5234.647 0.14453
5235.523 0.14453
5236.400 0.14451
5237.277 0.14450
5238.153 0.14453
5239.030 0.14449
5239.907 0.14448
5240.783 0.14449
5241.660 0.14486
5242.537 0.14450
5243.413 0.14450
5244.290 0.14450
5245.167 0.14450
5246.043 0.14449
5246.920 0.14449
5247.797 0.14450
5248.673 0.14450
5249.550 0.14450
5250.427 0.14449
5251.303 0.14448
5252.180 0.14448
5253.057 0.14453
5253.933 0.14450
5254.810 0.14454
5255.687 0.14449
5256.563 0.14448
5257.440 0.14446
5258.317 0.14446
5259.193 0.14447
5260.070 0.14447
5260.947 0.14448
5261.823 0.14448
5262.700 0.14448
5263.577 0.14448
5264.453 0.14449
5265.330 0.14451
5266.207 0.14452
5267.083 0.14452
5267.960 0.14455
5268.837 0.14451
5269.713 0.14452
5270.590 0.14462
5271.467 0.14455
5272.343 0.14455
5273.220 0.14454
5274.097 0.14454
5274.973 0.14454
5275.850 0.14455
5276.727 0.14455
5277.603 0.14455
5278.480 0.14477
5279.357 0.14456
5280.233 0.14455
5281.110 0.14455
5281.987 0.14455
5282.863 0.14455
5283.740 0.14455
5284.617 0.14454
5285.493 0.14453
5286.370 0.14454
5287.247 0.14455
5288.123 0.14455
5289.000 0.14455
5289.877 0.14453
5290.753 0.14452
5291.630 0.14451
5292.507 0.14451
5293.383 0.14451
5294.260 0.14450
5295.137 0.14449
5296.013 0.14448
5296.890 0.14446
5297.767 0.14446
5298.643 0.14446
5299.520 0.14446
5300.397 0.14444
5301.273 0.14441
5302.150 0.14439
5303.027 0.14438
5303.903 0.14438
5304.780 0.14437
5305.657 0.14435
5306.533 0.14433
5307.410 0.14433
5308.287 0.14428
5309.163 0.14426
5310.040 0.14427
5310.917 0.14421
5311.793 0.14423
5312.670 0.14417
5313.547 0.14416
5314.423 0.14413
5315.300 0.14409
5316.177 0.14406
5317.053 0.14402
5317.930 0.14399
5318.807 0.14396
5319.683 0.14392
5320.560 0.14388
5321.437 0.14384
5322.313 0.14379
5323.190 0.14375
5324.067 0.14370
5324.943 0.14368
5325.820 0.14361
5326.697 0.14356
5327.573 0.14352
5328.450 0.14347
5329.327 0.14343
5330.203 0.14338
5331.080 0.14333
5331.957 0.14326
5332.833 0.14321
5333.710 0.14315
5334.587 0.14308
5335.463 0.14302
5336.340 0.14295
5337.217 0.14288
5338.093 0.14281
5338.970 0.14274
5339.847 0.14267
5340.723 0.14259
5341.600 0.14251
5342.477 0.14245
5343.353 0.14239
5344.230 0.14232
5345.107 0.14224
5345.983 0.14215
5346.860 0.14205
5347.737 0.14197
5348.613 0.14188
5349.490 0.14180
5350.367 0.14172
5351.243 0.14164
5352.120 0.14155
5352.997 0.14147
5353.873 0.14138
5354.750 0.14130
5355.627 0.14121
5356.503 0.14113
5357.380 0.14105
5358.257 0.14096
5359.133 0.14088
5360.010 0.14080
5360.887 0.14071
5361.763 0.14063
5362.640 0.14057
5363.517 0.14050
5364.393 0.14044
5365.270 0.14037
5366.147 0.14029
5367.023 0.14021
5367.900 0.14014
5368.777 0.14006
5369.653 0.14000
5370.530 0.13994
5371.407 0.13987
5372.283 0.13979
5373.160 0.13972
5374.037 0.13966
5374.913 0.13961
5375.790 0.13956
5376.667 0.13949
5377.543 0.13942
5378.420 0.13935
5379.297 0.13928
5380.173 0.13923
5381.050 0.13919
5381.927 0.13915
5382.803 0.13910
5383.680 0.13906
5384.557 0.13902
5385.433 0.13896
5386.310 0.13891
5387.187 0.13886
5388.063 0.13879
5388.940 0.13874
5389.817 0.13872
5390.693 0.13866
5391.570 0.13863
5392.447 0.13859
5393.323 0.13855
5394.200 0.13853
5395.077 0.13848
5395.953 0.13844
5396.830 0.13840
5397.707 0.13835
5398.583 0.13835
5399.460 0.13870
5400.337 0.13820
5401.213 0.13818
5402.090 0.13815
5402.967 0.13816
5403.843 0.13889
5404.720 0.13807
5405.597 0.13802
5406.473 0.13803
5407.350 0.13796
5408.227 0.13809
5409.103 0.13806
5409.980 0.13790
5410.857 0.13812
5411.733 0.13783
5412.610 0.13781
5413.487 0.13781
5414.363 0.13812
5415.240 0.13773
5416.117 0.13774
5416.993 0.13777
5417.870 0.13763
5418.747 0.13816
5419.623 0.13761
5420.500 0.13756
5421.377 0.13754
5422.253 0.13777
5423.130 0.13749
5424.007 0.13747
5424.883 0.13746
5425.760 0.13743
5426.637 0.13740
5427.513 0.13738
5428.390 0.13740
5429.267 0.13734
5430.143 0.13822
5431.020 0.13740
5431.897 0.13729
5432.773 0.13730
5433.650 0.13721
5434.527 0.13718
5435.403 0.13784
5436.280 0.13804
5437.157 0.13890
5438.033 0.13716
5438.910 0.13717
5439.787 0.13704
5440.663 0.13702
5441.540 0.13698
5442.417 0.13696
5443.293 0.13694
5444.170 0.13692
5445.047 0.13708
5445.923 0.13686
5446.800 0.13684
5447.677 0.13684
5448.553 0.13688
5449.430 0.13687
5450.307 0.13678
5451.183 0.13671
5452.060 0.13665
5452.937 0.13662
5453.813 0.13662
5454.690 0.13679
5455.567 0.13650
5456.443 0.13650
5457.320 0.13665
5458.197 0.13643
5459.073 0.13662
5459.950 0.13648
5460.827 0.13652
5461.703 0.13625
5462.580 0.13621
5463.457 0.13671
5464.333 0.13653
5465.210 0.13651
5466.087 0.13608
5466.963 0.13610
5467.840 0.13602
5468.717 0.13605
5469.593 0.13597
5470.470 0.13613
5471.347 0.13599
5472.223 0.13584
5473.100 0.13580
5473.977 0.13577
5474.853 0.13578
5475.730 0.13569
5476.607 0.13565
5477.483 0.13562
5478.360 0.13584
5479.237 0.13627
5480.113 0.13552
5480.990 0.13547
5481.867 0.13574
5482.743 0.13554
5483.620 0.13538
5484.497 0.13529
5485.373 0.13525
5486.250 0.13522
5487.127 0.13517
5488.003 0.13520
5488.880 0.13511
5489.757 0.13504
5490.633 0.13500
5491.510 0.13535
5492.387 0.13493
5493.263 0.13489
5494.140 0.13484
5495.017 0.13481
5495.893 0.13480
5496.770 0.13476
5497.647 0.13470
5498.523 0.13467
5499.400 0.13461
5500.277 0.13460
5501.153 0.13460
5502.030 0.13454
5502.907 0.13462
5503.783 0.13448
5504.660 0.13443
5505.537 0.13437
5506.413 0.13432
5507.290 0.13429
5508.167 0.13427
5509.043 0.13433
5509.920 0.13424
5510.797 0.13419
5511.673 0.13418
5512.550 0.13413
5513.427 0.13409
5514.303 0.13406
5515.180 0.13405
5516.057 0.13399
5516.933 0.13396
5517.810 0.13393
5518.687 0.13390
5519.563 0.13386
5520.440 0.13383
5521.317 0.13380
5522.193 0.13377
5523.070 0.13374
5523.947 0.13371
5524.823 0.13369
5525.700 0.13365
5526.577 0.13365
5527.453 0.13359
5528.330 0.13356
5529.207 0.13354
5530.083 0.13352
5530.960 0.13352
5531.837 0.13349
5532.713 0.13347
5533.590 0.13345
5534.467 0.13343
5535.343 0.13340
5536.220 0.13338
5537.097 0.13335
5537.973 0.13332
5538.850 0.13330
5539.727 0.13327
5540.603 0.13325
5541.480 0.13323
5542.357 0.13321
5543.233 0.13318
5544.110 0.13317
5544.987 0.13315
5545.863 0.13313
5546.740 0.13312
5547.617 0.13311
5548.493 0.13310
5549.370 0.13309
5550.247 0.13308
5551.123 0.13307
5552.000 0.13305
5552.877 0.13304
5553.753 0.13302
5554.630 0.13301
5555.507 0.13299
5556.383 0.13298
5557.260 0.13297
5558.137 0.13296
5559.013 0.13295
5559.890 0.13295
5560.767 0.13296
5561.643 0.13297
5562.520 0.13296
5563.397 0.13295
5564.273 0.13294
5565.150 0.13293
5566.027 0.13293
5566.903 0.13292
5567.780 0.13291
5568.657 0.13292
5569.533 0.13293
5570.410 0.13294
5571.287 0.13295
5572.163 0.13295
5573.040 0.13294
5573.917 0.13294
5574.793 0.13294
5575.670 0.13295
5576.547 0.13295
5577.423 0.13296
5578.300 0.13296
5579.177 0.13297
5580.053 0.13299
5580.930 0.13300
5581.807 0.13301
5582.683 0.13302
5583.560 0.13303
5584.437 0.13305
5585.313 0.13307
5586.190 0.13310
5587.067 0.13312
5587.943 0.13314
5588.820 0.13316
5589.697 0.13318
5590.573 0.13319
5591.450 0.13320
5592.327 0.13321
5593.203 0.13323
5594.080 0.13325
5594.957 0.13328
5595.833 0.13330
5596.710 0.13331
5597.587 0.13332
5598.463 0.13334
5599.340 0.13336
5600.217 0.13338
5601.093 0.13341
5601.970 0.13344
5602.847 0.13346
5603.723 0.13347
5604.600 0.13349
5605.477 0.13351
5606.353 0.13353
5607.230 0.13355
5608.107 0.13357
5608.983 0.13360
5609.860 0.13365
5610.737 0.13367
5611.613 0.13369
5612.490 0.13371
5613.367 0.13373
5614.243 0.13375
5615.120 0.13378
5615.997 0.13381
5616.873 0.13384
5617.750 0.13387
5618.627 0.13390
5619.503 0.13394
5620.380 0.13395
5621.257 0.13397
5622.133 0.13399
5623.010 0.13402
5623.887 0.13404
5624.763 0.13407
5625.640 0.13410
5626.517 0.13412
5627.393 0.13414
5628.270 0.13416
5629.147 0.13423
5630.023 0.13422
5630.900 0.13424
5631.777 0.13426
5632.653 0.13429
5633.530 0.13432
5634.407 0.13434
5635.283 0.13436
5636.160 0.13436
5637.037 0.13438
5637.913 0.13441
5638.790 0.13445
5639.667 0.13447
5640.543 0.13450
5641.420 0.13453
5642.297 0.13456
5643.173 0.13458
5644.050 0.13460
5644.927 0.13460
5645.803 0.13461
5646.680 0.13463
5647.557 0.13466
5648.433 0.13470
5649.310 0.13473
5650.187 0.13475
5651.063 0.13479
5651.940 0.13480
5652.817 0.13482
5653.693 0.13484
5654.570 0.13487
5655.447 0.13491
5656.323 0.13494
5657.200 0.13496
5658.077 0.13497
5658.953 0.13498
5659.830 0.13501
5660.707 0.13505
5661.583 0.13507
5662.460 0.13509
5663.337 0.13512
5664.213 0.13518
5665.090 0.13518
5665.967 0.13523
5666.843 0.13523
5667.720 0.13527
5668.597 0.13533
5669.473 0.13534
5670.350 0.13537
5671.227 0.13542
5672.103 0.13550
5672.980 0.13552
5673.857 0.13553
5674.733 0.13556
5675.610 0.13593
5676.487 0.13562
5677.363 0.13565
5678.240 0.13582
5679.117 0.13571
5679.993 0.13576
5680.870 0.13581
5681.747 0.13585
5682.623 0.13597
5683.500 0.13607
5684.377 0.13713
5685.253 0.13639
5686.130 0.13622
5687.007 0.13982
5687.883 0.13671
5688.760 0.13632
5689.637 0.13629
5690.513 0.13640
5691.390 0.13669
5692.267 0.13659
5693.143 0.13647
5694.020 0.14506
5694.897 0.13661
5695.773 0.13784
5696.650 0.13665
5697.527 0.14030
5698.403 0.13823
5699.280 0.13711
5700.157 0.13723
5701.033 0.13748
5701.910 0.13706
5702.787 0.13710
5703.663 0.13714
5704.540 0.13723
5705.417 0.13723
5706.293 0.13726
5707.170 0.13732
5708.047 0.13753
5708.923 0.13740
5709.800 0.13745
5710.677 0.13749
5711.553 0.13756
5712.430 0.13815
5713.307 0.13769
5714.183 0.13789
5715.060 0.13777
5715.937 0.13785
5716.813 0.13786
5717.690 0.13792
5718.567 0.13815
5719.443 0.13820
5720.320 0.13810
5721.197 0.14359
5722.073 0.14094
5722.950 0.13820
5723.827 0.13882
5724.703 0.13826
5725.580 0.13860
5726.457 0.13829
5727.333 0.13833
5728.210 0.13870
5729.087 0.13842
5729.963 0.13862
5730.840 0.13854
5731.717 0.13895
5732.593 0.13855
5733.470 0.13856
5734.347 0.13861
5735.223 0.13895
5736.100 0.13867
5736.977 0.13867
5737.853 0.13866
5738.730 0.13878
5739.607 0.13876
5740.483 0.13873
5741.360 0.13875
5742.237 0.13872
5743.113 0.13871
5743.990 0.13883
5744.867 0.13872
5745.743 0.13877
5746.620 0.13987
5747.497 0.13940
5748.373 0.13883
5749.250 0.13902
5750.127 0.13869
5751.003 0.13878
5751.880 0.13869
5752.757 0.13862
5753.633 0.13864
5754.510 0.14060
5755.387 0.13858
5756.263 0.13873
5757.140 0.13871
5758.017 0.13848
5758.893 0.13854
5759.770 0.13849
5760.647 0.13860
5761.523 0.13836
5762.400 0.13830
5763.277 0.13874
5764.153 0.13835
5765.030 0.13970
5765.907 0.13810
5766.783 0.13804
5767.660 0.13801
5768.537 0.13803
5769.413 0.13789
5770.290 0.13783
5771.167 0.13782
5772.043 0.13776
5772.920 0.13817
5773.797 0.13767
5774.673 0.13776
5775.550 0.13743
5776.427 0.13734
5777.303 0.13736
5778.180 0.13718
5779.057 0.13706
5779.933 0.13698
5780.810 0.13686
5781.687 0.13692
5782.563 0.13667
5783.440 0.13678
5784.317 0.13643
5785.193 0.13625
5786.070 0.13612
5786.947 0.13600
5787.823 0.13586
5788.700 0.13603
5789.577 0.13560
5790.453 0.13548
5791.330 0.13536
5792.207 0.13506
5793.083 0.13487
5793.960 0.13466
5794.837 0.13447
5795.713 0.13424
5796.590 0.13402
5797.467 0.13382
5798.343 0.13362
5799.220 0.13343
5800.097 0.13348
5800.973 0.13300
5801.850 0.13276
5802.727 0.13252
5803.603 0.13228
5804.480 0.13218
5805.357 0.13191
5806.233 0.13172
5807.110 0.13156
5807.987 0.13132
5808.863 0.13108
5809.740 0.13085
5810.617 0.13065
5811.493 0.13053
5812.370 0.13026
5813.247 0.13008
5814.123 0.12990
5815.000 0.12974
5815.877 0.12957
5816.753 0.12939
5817.630 0.12921
5818.507 0.12905
5819.383 0.12884
5820.260 0.12864
5821.137 0.12848
5822.013 0.12834
5822.890 0.12820
5823.767 0.12810
5824.643 0.12799
5825.520 0.12771
5826.397 0.12759
5827.273 0.12740
5828.150 0.12727
5829.027 0.12715
5829.903 0.12733
5830.780 0.12688
5831.657 0.12690
5832.533 0.12669
5833.410 0.12651
5834.287 0.12637
5835.163 0.12624
5836.040 0.12611
5836.917 0.12599
5837.793 0.12584
5838.670 0.12573
5839.547 0.12562
5840.423 0.12553
5841.300 0.12543
5842.177 0.12529
5843.053 0.12517
5843.930 0.12507
5844.807 0.12495
5845.683 0.12485
5846.560 0.12479
5847.437 0.12471
5848.313 0.12455
5849.190 0.12447
5850.067 0.12436
5850.943 0.12425
5851.820 0.12416
5852.697 0.12435
5853.573 0.12397
5854.450 0.12390
5855.327 0.12379
5856.203 0.12436
5857.080 0.12362
5857.957 0.12355
5858.833 0.12343
5859.710 0.12333
5860.587 0.12352
5861.463 0.12328
5862.340 0.12311
5863.217 0.12505
5864.093 0.12297
5864.970 0.12293
5865.847 0.12289
5866.723 0.12276
5867.600 0.12355
5868.477 0.12261
5869.353 0.12273
5870.230 0.12270
5871.107 0.12243
5871.983 0.12254
5872.860 0.12362
5873.737 0.12247
5874.613 0.12220
5875.490 0.12237
5876.367 0.12216
5877.243 0.12604
5878.120 0.12517
5878.997 0.12375
5879.873 0.12182
5880.750 0.12260
5881.627 0.12344
5882.503 0.12596
5883.380 0.12352
5884.257 0.12209
5885.133 0.12168
5886.010 0.12180
5886.887 0.12149
5887.763 0.12277
5888.640 0.12204
5889.517 0.12480
5890.393 0.12612
5891.270 0.15104
5892.147 0.12160
5893.023 0.12244
5893.900 0.12325
5894.777 0.12294
5895.653 0.12109
5896.530 0.12479
5897.407 0.12096
5898.283 0.12256
5899.160 0.12538
5900.037 0.12404
5900.913 0.12127
5901.790 0.12489
5902.667 0.12144
5903.543 0.12133
5904.420 0.12190
5905.297 0.12378
5906.173 0.12078
5907.050 0.12383
5907.927 0.12218
5908.803 0.12156
5909.680 0.12180
5910.557 0.12552
5911.433 0.12076
5912.310 0.12703
5913.187 0.12069
5914.063 0.12082
5914.940 0.12071
5915.817 0.13322
5916.693 0.12143
5917.570 0.12125
5918.447 0.12135
5919.323 0.12060
5920.200 0.12365
5921.077 0.12184
5921.953 0.12078
5922.830 0.12276
5923.707 0.12125
5924.583 0.12069
5925.460 0.14260
5926.337 0.12186
5927.213 0.12072
5928.090 0.12049
5928.967 0.12040
5929.843 0.12455
5930.720 0.12349
5931.597 0.12050
5932.473 0.12067
5933.350 0.12069
5934.227 0.12126
5935.103 0.12084
5935.980 0.12073
5936.857 0.12328
5937.733 0.12064
5938.610 0.12056
5939.487 0.12108
5940.363 0.12076
5941.240 0.12060
5942.117 0.12938
5942.993 0.12210
5943.870 0.12346
5944.747 0.12087
5945.623 0.12077
5946.500 0.12195
5947.377 0.12502
5948.253 0.12263
5949.130 0.12198
5950.007 0.12105
5950.883 0.13335
5951.760 0.12313
5952.637 0.12479
5953.513 0.12087
5954.390 0.12117
5955.267 0.12096
5956.143 0.12097
5957.020 0.12100
5957.897 0.12199
5958.773 0.12172
5959.650 0.12335
5960.527 0.12235
5961.403 0.12151
5962.280 0.12120
5963.157 0.12262
5964.033 0.12269
5964.910 0.12119
5965.787 0.12110
5966.663 0.12239
5967.540 0.12211
5968.417 0.12317
5969.293 0.12559
5970.170 0.12210
5971.047 0.12141
5971.923 0.12202
5972.800 0.12188
5973.677 0.12130
5974.553 0.12134
5975.430 0.12132
5976.307 0.12137
5977.183 0.12144
5978.060 0.12197
5978.937 0.12228
5979.813 0.12257
5980.690 0.12211
5981.567 0.12145
5982.443 0.12196
5983.320 0.12261
5984.197 0.12142
5985.073 0.12161
5985.950 0.12305
5986.827 0.12554
5987.703 0.12146
5988.580 0.12215
5989.457 0.12146
5990.333 0.12229
5991.210 0.12181
5992.087 0.12231
5992.963 0.12149
5993.840 0.12170
5994.717 0.12377
5995.593 0.12314
5996.470 0.12152
5997.347 0.12142
5998.223 0.12171
5999.100 0.12258
5999.977 0.12185
6000.853 0.12145
6001.730 0.12184
6002.607 0.12140
6003.483 0.12140
6004.360 0.12262
6005.237 0.12134
6006.113 0.12136
6006.990 0.12130
6007.867 0.12130
6008.743 0.12153
6009.620 0.12129
6010.497 0.12122
6011.373 0.12122
6012.250 0.12120
6013.127 0.12160
6014.003 0.12117
6014.880 0.12114
6015.757 0.12111
6016.633 0.12141
6017.510 0.12464
6018.387 0.12104
6019.263 0.12105
6020.140 0.12100
6021.017 0.12095
6021.893 0.12089
6022.770 0.12085
6023.647 0.12082
6024.523 0.12078
6025.400 0.12076
6026.277 0.12070
6027.153 0.12064
6028.030 0.12117
6028.907 0.12057
6029.783 0.12066
6030.660 0.12053
6031.537 0.12042
6032.413 0.12036
6033.290 0.12032
6034.167 0.12030
6035.043 0.12020
6035.920 0.12013
6036.797 0.12007
6037.673 0.12014
6038.550 0.11999
6039.427 0.11991
6040.303 0.11985
6041.180 0.11979
6042.057 0.11972
6042.933 0.11967
6043.810 0.11959
6044.687 0.11959
6045.563 0.11948
6046.440 0.11942
6047.317 0.11936
6048.193 0.11931
6049.070 0.11926
6049.947 0.11920
6050.823 0.11914
6051.700 0.11907
6052.577 0.11899
6053.453 0.11890
6054.330 0.11883
6055.207 0.11875
6056.083 0.11868
6056.960 0.11864
6057.837 0.11855
6058.713 0.11849
6059.590 0.11842
6060.467 0.11835
6061.343 0.11827
6062.220 0.11819
6063.097 0.11810
6063.973 0.11802
6064.850 0.11793
6065.727 0.11787
6066.603 0.11780
6067.480 0.11773
6068.357 0.11765
6069.233 0.11757
6070.110 0.11748
6070.987 0.11738
6071.863 0.11730
6072.740 0.11721
6073.617 0.11712
6074.493 0.11703
6075.370 0.11695
6076.247 0.11687
6077.123 0.11679
6078.000 0.11670
6078.877 0.11661
6079.753 0.11653
6080.630 0.11645
6081.507 0.11638
6082.383 0.11630
6083.260 0.11621
6084.137 0.11612
6085.013 0.11602
6085.890 0.11592
6086.767 0.11584
6087.643 0.11576
6088.520 0.11569
6089.397 0.11561
6090.273 0.11553
6091.150 0.11544
6092.027 0.11533
6092.903 0.11523
6093.780 0.11513
6094.657 0.11504
6095.533 0.11495
6096.410 0.11485
6097.287 0.11476
6098.163 0.11467
6099.040 0.11460
6099.917 0.11452
6100.793 0.11443
6101.670 0.11434
6102.547 0.11425
6103.423 0.11415
6104.300 0.11405
6105.177 0.11396
6106.053 0.11387
6106.930 0.11380
6107.807 0.11372
6108.683 0.11364
6109.560 0.11355
6110.437 0.11344
6111.313 0.11335
6112.190 0.11327
6113.067 0.11318
6113.943 0.11309
6114.820 0.11301
6115.697 0.11293
6116.573 0.11285
6117.450 0.11279
6118.327 0.11271
6119.203 0.11262
6120.080 0.11254
6120.957 0.11245
6121.833 0.11236
6122.710 0.11227
6123.587 0.11218
6124.463 0.11210
6125.340 0.11203
6126.217 0.11195
6127.093 0.11188
6127.970 0.11181
6128.847 0.11173
6129.723 0.11165
6130.600 0.11158
6131.477 0.11151
6132.353 0.11143
6133.230 0.11137
6134.107 0.11130
6134.983 0.11122
6135.860 0.11114
6136.737 0.11106
6137.613 0.11098
6138.490 0.11090
6139.367 0.11082
6140.243 0.11075
6141.120 0.11067
6141.997 0.11060
6142.873 0.11054
6143.750 0.11047
6144.627 0.11040
6145.503 0.11033
6146.380 0.11025
6147.257 0.11018
6148.133 0.11011
6149.010 0.11005
6149.887 0.10998
6150.763 0.10991
6151.640 0.10983
6152.517 0.10976
6153.393 0.10970
6154.270 0.10964
6155.147 0.10956
6156.023 0.10949
6156.900 0.10942
6157.777 0.10935
6158.653 0.10928
6159.530 0.10922
6160.407 0.10915
6161.283 0.10908
6162.160 0.10902
6163.037 0.10897
6163.913 0.10891
6164.790 0.10885
6165.667 0.10879
6166.543 0.10872
6167.420 0.10865
6168.297 0.10858
6169.173 0.10852
6170.050 0.10847
6170.927 0.10842
6171.803 0.10837
6172.680 0.10832
6173.557 0.10825
6174.433 0.10819
6175.310 0.10812
6176.187 0.10806
6177.063 0.10801
6177.940 0.10795
6178.817 0.10790
6179.693 0.10785
6180.570 0.10780
6181.447 0.10775
6182.323 0.10770
6183.200 0.10765
6184.077 0.10760
6184.953 0.10755
6185.830 0.10751
6186.707 0.10746
6187.583 0.10741
6188.460 0.10737
6189.337 0.10731
6190.213 0.10726
6191.090 0.10721
6191.967 0.10716
6192.843 0.10712
6193.720 0.10709
6194.597 0.10705
6195.473 0.10701
6196.350 0.10697
6197.227 0.10694
6198.103 0.10691
6198.980 0.10688
6199.857 0.10684
6200.733 0.10678
6201.610 0.10673
6202.487 0.10669
6203.363 0.10666
6204.240 0.10662
6205.117 0.10659
6205.993 0.10657
6206.870 0.10656
6207.747 0.10653
6208.623 0.10649
6209.500 0.10645
6210.377 0.10642
6211.253 0.10638
6212.130 0.10634
6213.007 0.10630
6213.883 0.10626
6214.760 0.10623
6215.637 0.10621
6216.513 0.10619
6217.390 0.10617
6218.267 0.10614
6219.143 0.10611
6220.020 0.10610
6220.897 0.10608
6221.773 0.10606
6222.650 0.10603
6223.527 0.10601
6224.403 0.10599
6225.280 0.10597
6226.157 0.10595
6227.033 0.10593
6227.910 0.10590
6228.787 0.10588
6229.663 0.10587
6230.540 0.10585
6231.417 0.10583
6232.293 0.10580
6233.170 0.10577
6234.047 0.10574
6234.923 0.10572
6235.800 0.10571
6236.677 0.10569
6237.553 0.10566
6238.430 0.10563
6239.307 0.10561
6240.183 0.10560
6241.060 0.10559
6241.937 0.10558
6242.813 0.10557
6243.690 0.10555
6244.567 0.10554
6245.443 0.10553
6246.320 0.10552
6247.197 0.10549
6248.073 0.10564
6248.950 0.10548
6249.827 0.10545
6250.703 0.10541
6251.580 0.10538
6252.457 0.10534
6253.333 0.10531
6254.210 0.10529
6255.087 0.10526
6255.963 0.10525
6256.840 0.10523
6257.717 0.10522
6258.593 0.10520
6259.470 0.10517
6260.347 0.10531
6261.223 0.10513
6262.100 0.10510
6262.977 0.10515
6263.853 0.10509
6264.730 0.10502
6265.607 0.10499
6266.483 0.10501
6267.360 0.10500
6268.237 0.10496
6269.113 0.10500
6269.990 0.10492
6270.867 0.10490
6271.743 0.10485
6272.620 0.10480
6273.497 0.10483
6274.373 0.10569
6275.250 0.10470
6276.127 0.10467
6277.003 0.10861
6277.880 0.10461
6278.757 0.11014
6279.633 0.11084
6280.510 0.11112
6281.387 0.10549
6282.263 0.10988
6283.140 0.10548
6284.017 0.10496
6284.893 0.10439
6285.770 0.10477
6286.647 0.10491
6287.523 0.11349
6288.400 0.10405
6289.277 0.10469
6290.153 0.10397
6291.030 0.11037
6291.907 0.16246
6292.783 0.10387
6293.660 0.10453
6294.537 0.10654
6295.413 0.10360
6296.290 0.10425
6297.167 0.10442
6298.043 0.10383
6298.920 0.10534
6299.797 0.10351
6300.673 0.10396
6301.550 0.10323
6302.427 0.10310
6303.303 0.10315
6304.180 0.10343
6305.057 0.10292
6305.933 0.10279
6306.810 0.10279
6307.687 0.10542
6308.563 0.10311
6309.440 0.10249
6310.317 0.10242
6311.193 0.10430
6312.070 0.10254
6312.947 0.10220
6313.823 0.10211
6314.700 0.10260
6315.577 0.10198
6316.453 0.10210
6317.330 0.10178
6318.207 0.10217
6319.083 0.10260
6319.960 0.10151
6320.837 0.10163
6321.713 0.10638
6322.590 0.10124
6323.467 0.10110
6324.343 0.10156
6325.220 0.10109
6326.097 0.10131
6326.973 0.10070
6327.850 0.10077
6328.727 0.10048
6329.603 0.10037
6330.480 0.10103
6331.357 0.10813
6332.233 0.10005
6333.110 0.09998
6333.987 0.10006
6334.863 0.09998
6335.740 0.09963
6336.617 0.09954
6337.493 0.09940
6338.370 0.09927
6339.247 0.09933
6340.123 0.09912
6341.000 0.09890
6341.877 0.10050
6342.753 0.09877
6343.630 0.09856
6344.507 0.09847
6345.383 0.09828
6346.260 0.09816
6347.137 0.09808
6348.013 0.09795
6348.890 0.09844
6349.767 0.09770
6350.643 0.09758
6351.520 0.09745
6352.397 0.09856
6353.273 0.09796
6354.150 0.09736
6355.027 0.09698
6355.903 0.09685
6356.780 0.09675
6357.657 0.09661
6358.533 0.09649
6359.410 0.09644
6360.287 0.09643
6361.163 0.09717
6362.040 0.09604
6362.917 0.09706
6363.793 0.09582
6364.670 0.09567
6365.547 0.09570
6366.423 0.09544
6367.300 0.09532
6368.177 0.09519
6369.053 0.09510
6369.930 0.09501
6370.807 0.09502
6371.683 0.09476
6372.560 0.09465
6373.437 0.09491
6374.313 0.09442
6375.190 0.09465
6376.067 0.09419
6376.943 0.09435
6377.820 0.09395
6378.697 0.09384
6379.573 0.09370
6380.450 0.09359
6381.327 0.09349
6382.203 0.09337
6383.080 0.09343
6383.957 0.09323
6384.833 0.09314
6385.710 0.09301
6386.587 0.09290
6387.463 0.09282
6388.340 0.09267
6389.217 0.09276
6390.093 0.09253
6390.970 0.09240
6391.847 0.09225
6392.723 0.09230
6393.600 0.09201
6394.477 0.09200
6395.353 0.09181
6396.230 0.09218
6397.107 0.09163
6397.983 0.09150
6398.860 0.09145
6399.737 0.09131
6400.613 0.09145
6401.490 0.09111
6402.367 0.09126
6403.243 0.09093
6404.120 0.09083
6404.997 0.09085
6405.873 0.09092
6406.750 0.09060
6407.627 0.09043
6408.503 0.09053
6409.380 0.09045
6410.257 0.09026
6411.133 0.09019
6412.010 0.09002
6412.887 0.09006
6413.763 0.08982
6414.640 0.08990
6415.517 0.08964
6416.393 0.08957
6417.270 0.08947
6418.147 0.08958
6419.023 0.08932
6419.900 0.08927
6420.777 0.08914
6421.653 0.08916
6422.530 0.08913
6423.407 0.08888
6424.283 0.08881
6425.160 0.08887
6426.037 0.08867
6426.913 0.08861
6427.790 0.08849
6428.667 0.08853
6429.543 0.08832
6430.420 0.08824
6431.297 0.08861
6432.173 0.08848
6433.050 0.08811
6433.927 0.08794
6434.803 0.08915
6435.680 0.08784
6436.557 0.08778
6437.433 0.08763
6438.310 0.08753
6439.187 0.08746
6440.063 0.08742
6440.940 0.08734
6441.817 0.08739
6442.693 0.08719
6443.570 0.08717
6444.447 0.08705
6445.323 0.08833
6446.200 0.08743
6447.077 0.08750
6447.953 0.08682
6448.830 0.08707
6449.707 0.09133
6450.583 0.08658
6451.460 0.08706
6452.337 0.08646
6453.213 0.08738
6454.090 0.08630
6454.967 0.08700
6455.843 0.08801
6456.720 0.08626
6457.597 0.08604
6458.473 0.08600
6459.350 0.08604
6460.227 0.08596
6461.103 0.08591
6461.980 0.08848
6462.857 0.08577
6463.733 0.08815
6464.610 0.08553
6465.487 0.08648
6466.363 0.08606
6467.240 0.08606
6468.117 0.08893
6468.993 0.08531
6469.870 0.08573
6470.747 0.08523
6471.623 0.08588
6472.500 0.08502
6473.377 0.08491
6474.253 0.10535
6475.130 0.08584
6476.007 0.08528
6476.883 0.10400
6477.760 0.08752
6478.637 0.08512
6479.513 0.08488
6480.390 0.08449
6481.267 0.09201
6482.143 0.08498
6483.020 0.08439
6483.897 0.08425
6484.773 0.08493
6485.650 0.09519
6486.527 0.08734
6487.403 0.08806
6488.280 0.08461
6489.157 0.08695
6490.033 0.08427
6490.910 0.09786
6491.787 0.08382
6492.663 0.09630
6493.540 0.08366
6494.417 0.08414
6495.293 0.08379
6496.170 0.08835
6497.047 0.08363
6497.923 0.08420
6498.800 0.08334
6499.677 0.08344
6500.553 0.08315
6501.430 0.08311
6502.307 0.08304
6503.183 0.08357
6504.060 0.08299
6504.937 0.08298
6505.813 0.08326
6506.690 0.08280
6507.567 0.08278
6508.443 0.08267
6509.320 0.08294
6510.197 0.08326
6511.073 0.08259
6511.950 0.08247
6512.827 0.08243
6513.703 0.08480
6514.580 0.08237
6515.457 0.08518
6516.333 0.08387
6517.210 0.08237
6518.087 0.08355
6518.963 0.08903
6519.840 0.09358
6520.717 0.08249
6521.593 0.08220
6522.470 0.08222
6523.347 0.08179
6524.223 0.08185
6525.100 0.08646
6525.977 0.08199
6526.853 0.08154
6527.730 0.08181
6528.607 0.08142
6529.483 0.08194
6530.360 0.08130
6531.237 0.08126
6532.113 0.08131
6532.990 0.08121
6533.867 0.08161
6534.743 0.08116
6535.620 0.08169
6536.497 0.08368
6537.373 0.08091
6538.250 0.08101
6539.127 0.08105
6540.003 0.08098
6540.880 0.08069
6541.757 0.08065
6542.633 0.08064
6543.510 0.08057
6544.387 0.08075
6545.263 0.08073
6546.140 0.08081
6547.017 0.08039
6547.893 0.08036
6548.770 0.08046
6549.647 0.08153
6550.523 0.08736
6551.400 0.08005
6552.277 0.07995
6553.153 0.07991
6554.030 0.08024
6554.907 0.08006
6555.783 0.08033
6556.660 0.07993
6557.537 0.07987
6558.413 0.07968
6559.290 0.07981
6560.167 0.07976
6561.043 0.07948
6561.920 0.07945
6562.797 0.08018
6563.673 0.07960
6564.550 0.07935
6565.427 0.08103
6566.303 0.07958
6567.180 0.07915
6568.057 0.07909
6568.933 0.07901
6569.810 0.07900
6570.687 0.08345
6571.563 0.07889
6572.440 0.08072
6573.317 0.07937
6574.193 0.07910
6575.070 0.07867
6575.947 0.07865
6576.823 0.08117
6577.700 0.07855
6578.577 0.07845
6579.453 0.07837
6580.330 0.07832
6581.207 0.07831
6582.083 0.07854
6582.960 0.07830
6583.837 0.07839
6584.713 0.07815
6585.590 0.07815
6586.467 0.07809
6587.343 0.07808
6588.220 0.07947
6589.097 0.07793
6589.973 0.07782
6590.850 0.07776
6591.727 0.07769
6592.603 0.07764
6593.480 0.07772
6594.357 0.07755
6595.233 0.07850
6596.110 0.07899
6596.987 0.07740
6597.863 0.07751
6598.740 0.07757
6599.617 0.07725
6600.493 0.07743
6601.370 0.07745
6602.247 0.07765
6603.123 0.07703
6604.000 0.08028
6604.877 0.07692
6605.753 0.07686
6606.630 0.07717
6607.507 0.07698
6608.383 0.07671
6609.260 0.07666
6610.137 0.07661
6611.013 0.07657
6611.890 0.07695
6612.767 0.07648
6613.643 0.07746
6614.520 0.07648
6615.397 0.07632
6616.273 0.07628
6617.150 0.07624
6618.027 0.07623
6618.903 0.07614
6619.780 0.07611
6620.657 0.07638
6621.533 0.07612
6622.410 0.07594
6623.287 0.07601
6624.163 0.07585
6625.040 0.07580
6625.917 0.07574
6626.793 0.07569
6627.670 0.07565
6628.547 0.07560
6629.423 0.07557
6630.300 0.07552
6631.177 0.07546
6632.053 0.07541
6632.930 0.07549
6633.807 0.07532
6634.683 0.07529
6635.560 0.07524
6636.437 0.07517
6637.313 0.07512
6638.190 0.07507
6639.067 0.07502
6639.943 0.07499
6640.820 0.07493
6641.697 0.07489
6642.573 0.07483
6643.450 0.07477
6644.327 0.07476
6645.203 0.07468
6646.080 0.07463
6646.957 0.07456
6647.833 0.07452
6648.710 0.07448
6649.587 0.07442
6650.463 0.07440
6651.340 0.07432
6652.217 0.07426
6653.093 0.07421
6653.970 0.07417
6654.847 0.07412
6655.723 0.07407
6656.600 0.07402
6657.477 0.07397
6658.353 0.07391
6659.230 0.07386
6660.107 0.07381
6660.983 0.07376
6661.860 0.07371
6662.737 0.07366
6663.613 0.07392
6664.490 0.07356
6665.367 0.07351
6666.243 0.07345
6667.120 0.07344
6667.997 0.07335
6668.873 0.07330
6669.750 0.07325
6670.627 0.07320
6671.503 0.07315
6672.380 0.07310
6673.257 0.07305
6674.133 0.07314
6675.010 0.07295
6675.887 0.07289
6676.763 0.07294
6677.640 0.07279
6678.517 0.07274
6679.393 0.07273
6680.270 0.07264
6681.147 0.07259
6682.023 0.07254
6682.900 0.07249
6683.777 0.07244
6684.653 0.07239
6685.530 0.07304
6686.407 0.07229
6687.283 0.07224
6688.160 0.07219
6689.037 0.07214
6689.913 0.07211
6690.790 0.07204
6691.667 0.07199
6692.543 0.07194
6693.420 0.07189
6694.297 0.07185
6695.173 0.07180
6696.050 0.07175
6696.927 0.07170
6697.803 0.07165
6698.680 0.07160
6699.557 0.07155
6700.433 0.07151
6701.310 0.07146
6702.187 0.07141
6703.063 0.07136
6703.940 0.07132
6704.817 0.07127
6705.693 0.07122
6706.570 0.07117
6707.447 0.07112
6708.323 0.07108
6709.200 0.07103
6710.077 0.07098
6710.953 0.07093
6711.830 0.07088
6712.707 0.07083
6713.583 0.07078
6714.460 0.07074
6715.337 0.07069
6716.213 0.07064
6717.090 0.07059
6717.967 0.07054
6718.843 0.07050
6719.720 0.07045
6720.597 0.07040
6721.473 0.07035
6722.350 0.07030
6723.227 0.07026
6724.103 0.07021
6724.980 0.07016
6725.857 0.07015
6726.733 0.07006
6727.610 0.07002
6728.487 0.06997
6729.363 0.06992
6730.240 0.06988
6731.117 0.06983
6731.993 0.06979
6732.870 0.06974
6733.747 0.06970
6734.623 0.06965
6735.500 0.06961
6736.377 0.06956
6737.253 0.06951
6738.130 0.06946
6739.007 0.06942
6739.883 0.06937
6740.760 0.06933
6741.637 0.06929
6742.513 0.06925
6743.390 0.06921
6744.267 0.06917
6745.143 0.06912
6746.020 0.06908
6746.897 0.06904
6747.773 0.06900
6748.650 0.06895
6749.527 0.06891
6750.403 0.06887
6751.280 0.06882
6752.157 0.06878
6753.033 0.06873
6753.910 0.06869
6754.787 0.06864
6755.663 0.06860
6756.540 0.06856
6757.417 0.06852
6758.293 0.06847
6759.170 0.06843
6760.047 0.06839
6760.923 0.06834
6761.800 0.06830
6762.677 0.06825
6763.553 0.06821
6764.430 0.06816
6765.307 0.06812
6766.183 0.06808
6767.060 0.06804
6767.937 0.06799
6768.813 0.06795
6769.690 0.06791
6770.567 0.06786
6771.443 0.06782
6772.320 0.06778
6773.197 0.06774
6774.073 0.06770
6774.950 0.06765
6775.827 0.06761
6776.703 0.06757
6777.580 0.06753
6778.457 0.06749
6779.333 0.06744
6780.210 0.06740
6781.087 0.06736
6781.963 0.06732
6782.840 0.06728
6783.717 0.06726
6784.593 0.06721
6785.470 0.06717
6786.347 0.06713
6787.223 0.06709
6788.100 0.06705
6788.977 0.06701
6789.853 0.06697
6790.730 0.06693
6791.607 0.06690
6792.483 0.06686
6793.360 0.06682
6794.237 0.06678
6795.113 0.06675
6795.990 0.06671
6796.867 0.06667
6797.743 0.06663
6798.620 0.06673
6799.497 0.06656
6800.373 0.06652
6801.250 0.06648
6802.127 0.06645
6803.003 0.06641
6803.880 0.06638
6804.757 0.06634
6805.633 0.06661
6806.510 0.06632
6807.387 0.06623
6808.263 0.06620
6809.140 0.06616
6810.017 0.06613
6810.893 0.06609
6811.770 0.06605
6812.647 0.06608
6813.523 0.06598
6814.400 0.06595
6815.277 0.06592
6816.153 0.06588
6817.030 0.06584
6817.907 0.06581
6818.783 0.06629
6819.660 0.06575
6820.537 0.06570
6821.413 0.06567
6822.290 0.06564
6823.167 0.06561
6824.043 0.06557
6824.920 0.06581
6825.797 0.06552
6826.673 0.06550
6827.550 0.06551
6828.427 0.06541
6829.303 0.06538
6830.180 0.06534
6831.057 0.06563
6831.933 0.06527
6832.810 0.06524
6833.687 0.06520
6834.563 0.06518
6835.440 0.06531
6836.317 0.06521
6837.193 0.06506
6838.070 0.06503
6838.947 0.06499
6839.823 0.06496
6840.700 0.06495
6841.577 0.06515
6842.453 0.06487
6843.330 0.06484
6844.207 0.06526
6845.083 0.06476
6845.960 0.06472
6846.837 0.06470
6847.713 0.06470
6848.590 0.06462
6849.467 0.06463
6850.343 0.06454
6851.220 0.06450
6852.097 0.06446
6852.973 0.06443
6853.850 0.06439
6854.727 0.06436
6855.603 0.06442
6856.480 0.06428
6857.357 0.06424
6858.233 0.06421
6859.110 0.06417
6859.987 0.06427
6860.863 0.06411
6861.740 0.06409
6862.617 0.06425
6863.493 0.06421
6864.370 0.06410
6865.247 0.06415
6866.123 0.06485
6867.000 0.06444
6867.877 0.06572
6868.753 0.07067
6869.630 0.10909
6870.507 0.64436
6871.383 0.11592
6872.260 0.09884
6873.137 1.87578
6874.013 0.29470
6874.890 0.24920
6875.767 0.70422
6876.643 0.63634
6877.520 1.76952
6878.397 0.13312
6879.273 0.10253
6880.150 0.07009
6881.027 0.47769
6881.903 0.31678
6882.780 0.06410
6883.657 0.06521
6884.533 0.06374
6885.410 0.07572
6886.287 0.06683
6887.163 0.07614
6888.040 0.08624
6888.917 0.11431
6889.793 0.06967
6890.670 0.16068
6891.547 0.12813
6892.423 0.07357
6893.300 0.06878
6894.177 0.59365
6895.053 0.23713
6895.930 0.07122
6896.807 0.07583
6897.683 0.11351
6898.560 0.11369
6899.437 0.07752
6900.313 0.06570
6901.190 0.06906
6902.067 0.12289
6902.943 0.16841
6903.820 0.06588
6904.697 0.06439
6905.573 0.07119
6906.450 0.08863
6907.327 0.07630
6908.203 0.06375
6909.080 0.06336
6909.957 0.06658
6910.833 0.07249
6911.710 0.07067
6912.587 0.06551
6913.463 0.06696
6914.340 0.06234
6915.217 0.15037
6916.093 0.23324
6916.970 0.06185
6917.847 0.06169
6918.723 0.06161
6919.600 0.06358
6920.477 0.06467
6921.353 0.06449
6922.230 0.06212
6923.107 0.06159
6923.983 0.06190
6924.860 0.06429
6925.737 0.06581
6926.613 0.06293
6927.490 0.06435
6928.367 0.06241
6929.243 0.06204
6930.120 0.06137
6930.997 0.08522
6931.873 0.07611
6932.750 0.06364
6933.627 0.07100
6934.503 0.06100
6935.380 0.07874
6936.257 0.07966
6937.133 0.16492
6938.010 0.06361
6938.887 0.06387
6939.763 0.06684
6940.640 0.06091
6941.517 0.12877
6942.393 0.06787
6943.270 0.06867
6944.147 0.09650
6945.023 0.06078
6945.900 0.06545
6946.777 0.06062
6947.653 0.06030
6948.530 0.09040
6949.407 0.17783
6950.283 0.06072
6951.160 0.06540
6952.037 0.06035
6952.913 0.06128
6953.790 0.06036
6954.667 0.06026
6955.543 0.09276
6956.420 0.06004
6957.297 0.06130
6958.173 0.07246
6959.050 0.06050
6959.927 0.06058
6960.803 0.06087
6961.680 0.06345
6962.557 0.06545
6963.433 0.06298
6964.310 0.05969
6965.187 0.05961
6966.063 0.05982
6966.940 0.06489
6967.817 0.05945
6968.693 0.06032
6969.570 0.06158
6970.447 0.05932
6971.323 0.05930
6972.200 0.05968
6973.077 0.06261
6973.953 0.05942
6974.830 0.05918
6975.707 0.05916
6976.583 0.05980
6977.460 0.05906
6978.337 0.05912
6979.213 0.06066
6980.090 0.05906
6980.967 0.05933
6981.843 0.05893
6982.720 0.05895
6983.597 0.06007
6984.473 0.05903
6985.350 0.05875
6986.227 0.05900
6987.103 0.05925
6987.980 0.05940
6988.857 0.05992
6989.733 0.06989
6990.610 0.06056
6991.487 0.05909
6992.363 0.07970
6993.240 0.05884
6994.117 0.05865
6994.993 0.05932
6995.870 0.06271
6996.747 0.05907
6997.623 0.05834
6998.500 0.05839
6999.377 0.05836
7000.253 0.05955
7001.130 0.06346
7002.007 0.05824
7002.883 0.06120
7003.760 0.05834
7004.637 0.05941
7005.513 0.05810
7006.390 0.06862
7007.267 0.06775
7008.143 0.06638
7009.020 0.05885
7009.897 0.05814
7010.773 0.05799
7011.650 0.05968
7012.527 0.06020
7013.403 0.06154
7014.280 0.05887
7015.157 0.05811
7016.033 0.05873
7016.910 0.06461
7017.787 0.06798
7018.663 0.06021
7019.540 0.05822
7020.417 0.05761
7021.293 0.07347
7022.170 0.06060
7023.047 0.05776
7023.923 0.05757
7024.800 0.05808
7025.677 0.05981
7026.553 0.05795
7027.430 0.05736
7028.307 0.07013
7029.183 0.06125
7030.060 0.05901
7030.937 0.06167
7031.813 0.05740
7032.690 0.05844
7033.567 0.05727
7034.443 0.05709
7035.320 0.05700
7036.197 0.05711
7037.073 0.05707
7037.950 0.05830
7038.827 0.05739
7039.703 0.05873
7040.580 0.05827
7041.457 0.05931
7042.333 0.05715
7043.210 0.05691
7044.087 0.05693
7044.963 0.05678
7045.840 0.05698
7046.717 0.05783
7047.593 0.05664
7048.470 0.05733
7049.347 0.06219
7050.223 0.05900
7051.100 0.05699
7051.977 0.05665
7052.853 0.08177
7053.730 0.05844
7054.607 0.06509
7055.483 0.05839
7056.360 0.05651
7057.237 0.05653
7058.113 0.05716
7058.990 0.07912
7059.867 0.05660
7060.743 0.05734
7061.620 0.05853
7062.497 0.06306
7063.373 0.05954
7064.250 0.05715
7065.127 0.05652
7066.003 0.05713
7066.880 0.05715
7067.757 0.05800
7068.633 0.05657
7069.510 0.05687
7070.387 0.05621
7071.263 0.05608
7072.140 0.05599
7073.017 0.05593
7073.893 0.06056
7074.770 0.05601
7075.647 0.05761
7076.523 0.05618
7077.400 0.05658
7078.277 0.05595
7079.153 0.05656
7080.030 0.05780
7080.907 0.05754
7081.783 0.05771
7082.660 0.05580
7083.537 0.05568
7084.413 0.05726
7085.290 0.05554
7086.167 0.05567
7087.043 0.05599
7087.920 0.05655
7088.797 0.05547
7089.673 0.05592
7090.550 0.05751
7091.427 0.05582
7092.303 0.05547
7093.180 0.05972
7094.057 0.05536
7094.933 0.05607
7095.810 0.05561
7096.687 0.05549
7097.563 0.05840
7098.440 0.05605
7099.317 0.05639
7100.193 0.05523
7101.070 0.05559
7101.947 0.05595
7102.823 0.05573
7103.700 0.05549
7104.577 0.05518
7105.453 0.05515
7106.330 0.05599
7107.207 0.05641
7108.083 0.06224
7108.960 0.05608
7109.837 0.05499
7110.713 0.05504
7111.590 0.05535
7112.467 0.05546
7113.343 0.05667
7114.220 0.05487
7115.097 0.05503
7115.973 0.05620
7116.850 0.05475
7117.727 0.05633
7118.603 0.05469
7119.480 0.05469
7120.357 0.06115
7121.233 0.05599
7122.110 0.05467
7122.987 0.05457
7123.863 0.05465
7124.740 0.05788
7125.617 0.05456
7126.493 0.05453
7127.370 0.05509
7128.247 0.05447
7129.123 0.05455
7130.000 0.05656
7130.877 0.05489
7131.753 0.05468
7132.630 0.05453
7133.507 0.05478
7134.383 0.05442
7135.260 0.05434
7136.137 0.05989
7137.013 0.05508
7137.890 0.05433
7138.767 0.05439
7139.643 0.05528
7140.520 0.05423
7141.397 0.05469
7142.273 0.06378
7143.150 0.05585
7144.027 0.05615
7144.903 0.06419
7145.780 0.05418
7146.657 0.05540
7147.533 0.05630
7148.410 0.05534
7149.287 0.05462
7150.163 0.05438
7151.040 0.05404
7151.917 0.05486
7152.793 0.05900
7153.670 0.05506
7154.547 0.05509
7155.423 0.05478
7156.300 0.05387
7157.177 0.05474
7158.053 0.05427
7158.930 0.05441
7159.807 0.05465
7160.683 0.06806
7161.560 0.05463
7162.437 0.05448
7163.313 0.05383
7164.190 0.05609
7165.067 0.05498
7165.943 0.05688
7166.820 0.05945
7167.697 0.06543
7168.573 0.05827
7169.450 0.06748
7170.327 0.05563
7171.203 0.05563
7172.080 0.11351
7172.957 0.06550
7173.833 0.06096
7174.710 0.24019
7175.587 0.07302
7176.463 0.05522
7177.340 0.06099
7178.217 0.08587
7179.093 0.20557
7179.970 0.05688
7180.847 0.05638
7181.723 0.05484
7182.600 0.05387
7183.477 0.33691
7184.353 0.06030
7185.230 0.05412
7186.107 0.06564
7186.983 0.06739
7187.860 0.06184
7188.737 0.06432
7189.613 0.07454
7190.490 0.05482
7191.367 0.05387
7192.243 0.05396
7193.120 0.06390
7193.997 0.07097
7194.873 0.05586
7195.750 0.32988
7196.627 0.05573
7197.503 0.05524
7198.380 0.05631
7199.257 0.13285
7200.133 0.05983
7201.010 0.05571
7201.887 0.05730
7202.763 0.07032
7203.640 0.06535
7204.517 0.05833
7205.393 0.05483
7206.270 0.57754
7207.147 0.05512
7208.023 0.06267
7208.900 0.05753
7209.777 0.05723
7210.653 0.05285
7211.530 0.21667
7212.407 0.05861
7213.283 0.06909
7214.160 0.05640
7215.037 0.05226
7215.913 0.05434
7216.790 0.05309
7217.667 0.05373
7218.543 0.19653
7219.420 0.05314
7220.297 0.05496
7221.173 0.05406
7222.050 0.05410
7222.927 0.05244
7223.803 0.05196
7224.680 0.05262
7225.557 0.16774
7226.433 0.05301
7227.310 0.05234
7228.187 0.05214
7229.063 0.05407
7229.940 0.05792
7230.817 0.05501
7231.693 0.05226
7232.570 0.05574
7233.447 0.05239
7234.323 0.09220
7235.200 0.06341
7236.077 0.05771
7236.953 0.08198
7237.830 0.05725
7238.707 0.05332
7239.583 0.05173
7240.460 0.05188
7241.337 0.05278
7242.213 0.05903
7243.090 0.06369
7243.967 0.05193
7244.843 0.05291
7245.720 0.58757
7246.597 0.06096
7247.473 0.06719
7248.350 0.05237
7249.227 0.13231
7250.103 0.05154
7250.980 0.10007
7251.857 0.05280
7252.733 0.06623
7253.610 0.05344
7254.487 0.16067
7255.363 0.08451
7256.240 0.05355
7257.117 0.05104
7257.993 0.05716
7258.870 0.05388
7259.747 0.06212
7260.623 0.07119
7261.500 0.05689
7262.377 0.05428
7263.253 0.05429
7264.130 0.07302
7265.007 0.10841
7265.883 0.05319
7266.760 0.07347
7267.637 0.44396
7268.513 0.05169
7269.390 0.05108
7270.267 0.05511
7271.143 0.05109
7272.020 0.06406
7272.897 0.05426
7273.773 0.05124
7274.650 0.06102
7275.527 0.05411
7276.403 0.05187
7277.280 0.08545
7278.157 0.05703
7279.033 0.07144
7279.910 0.06118
7280.787 0.08186
7281.663 0.08760
7282.540 0.05580
7283.417 0.05235
7284.293 0.13941
7285.170 0.06733
7286.047 0.05053
7286.923 0.05013
7287.800 0.05045
7288.677 0.05081
7289.553 0.06936
7290.430 0.05416
7291.307 0.05067
7292.183 0.06750
7293.060 0.10355
7293.937 0.05481
7294.813 0.05995
7295.690 0.05151
7296.567 0.05275
7297.443 0.05313
7298.320 0.07264
7299.197 0.05091
7300.073 0.05596
7300.950 0.05003
7301.827 0.09040
7302.703 0.05880
7303.580 0.05018
7304.457 0.05517
7305.333 0.08752
7306.210 0.30691
7307.087 0.05312
7307.963 0.05663
7308.840 0.04973
7309.717 0.05051
7310.593 0.05763
7311.470 0.14605
7312.347 0.06281
7313.223 0.06435
7314.100 0.05029
7314.977 0.06888
7315.853 0.04969
7316.730 0.05148
7317.607 0.08444
7318.483 0.05070
7319.360 0.13016
7320.237 0.06565
7321.113 0.05079
7321.990 0.04916
7322.867 0.09083
7323.743 0.04927
7324.620 0.04907
7325.497 0.04940
7326.373 0.05002
7327.250 0.04904
7328.127 0.04908
7329.003 0.05663
7329.880 0.04968
7330.757 0.04914
7331.633 0.04950
7332.510 0.04978
7333.387 0.04921
7334.263 0.04897
7335.140 0.07592
7336.017 0.05014
7336.893 0.04943
7337.770 0.05730
7338.647 0.04884
7339.523 0.04893
7340.400 0.04860
7341.277 0.05043
7342.153 0.05344
7343.030 0.04887
7343.907 0.04996
7344.783 0.04855
7345.660 0.04983
7346.537 0.05018
7347.413 0.04869
7348.290 0.04890
7349.167 0.04883
7350.043 0.06535
7350.920 0.04901
7351.797 0.04979
7352.673 0.04859
7353.550 0.04837
7354.427 0.04848
7355.303 0.05254
7356.180 0.04880
7357.057 0.04853
7357.933 0.04860
7358.810 0.04912
7359.687 0.04860
7360.563 0.04862
7361.440 0.04859
7362.317 0.07329
7363.193 0.05078
7364.070 0.05550
7364.947 0.04913
7365.823 0.08152
7366.700 0.04967
7367.577 0.05395
7368.453 0.04821
7369.330 0.04807
7370.207 0.04891
7371.083 0.05367
7371.960 0.05029
7372.837 0.05499
7373.713 0.04944
7374.590 0.04813
7375.467 0.04982
7376.343 0.04860
7377.220 0.04792
7378.097 0.04815
7378.973 0.04814
7379.850 0.05741
7380.727 0.04814
7381.603 0.04802
7382.480 0.05159
7383.357 0.04911
7384.233 0.05024
7385.110 0.05215
7385.987 0.04958
7386.863 0.04822
7387.740 0.04773
7388.617 0.04777
7389.493 0.04802
7390.370 0.04800
7391.247 0.04821
7392.123 0.05035
7393.000 0.04834
7393.877 0.04929
7394.753 0.04863
7395.630 0.04827
7396.507 0.04755
7397.383 0.04766
7398.260 0.05047
7399.137 0.06323
7400.013 0.04791
7400.890 0.04753
7401.767 0.04752
7402.643 0.04775
7403.520 0.04885
7404.397 0.04758
7405.273 0.04747
7406.150 0.04782
7407.027 0.04743
7407.903 0.04743
7408.780 0.04757
7409.657 0.04764
7410.533 0.04742
7411.410 0.04747
7412.287 0.04998
7413.163 0.04803
7414.040 0.04734
7414.917 0.04729
7415.793 0.04729
7416.670 0.05375
7417.547 0.05051
7418.423 0.05122
7419.300 0.04731
7420.177 0.04727
7421.053 0.04721
7421.930 0.04721
7422.807 0.04739
7423.683 0.04761
7424.560 0.04723
7425.437 0.04719
7426.313 0.04722
7427.190 0.04797
7428.067 0.04790
7428.943 0.04722
7429.820 0.04761
7430.697 0.04722
7431.573 0.04720
7432.450 0.04706
7433.327 0.04793
7434.203 0.04705
7435.080 0.04711
7435.957 0.04702
7436.833 0.04729
7437.710 0.04702
7438.587 0.04699
7439.463 0.04709
7440.340 0.04699
7441.217 0.04709
7442.093 0.04697
7442.970 0.04727
7443.847 0.04694
7444.723 0.04692
7445.600 0.04690
7446.477 0.04690
7447.353 0.04690
7448.230 0.04687
7449.107 0.04686
7449.983 0.04684
7450.860 0.04684
7451.737 0.04683
7452.613 0.04685
7453.490 0.04787
7454.367 0.04680
7455.243 0.04678
7456.120 0.04691
7456.997 0.04680
7457.873 0.04689
7458.750 0.04673
7459.627 0.04673
7460.503 0.04797
7461.380 0.04670
7462.257 0.04704
7463.133 0.04667
7464.010 0.04665
7464.887 0.04663
7465.763 0.04662
7466.640 0.04661
7467.517 0.04659
7468.393 0.04658
7469.270 0.04664
7470.147 0.04664
7471.023 0.04670
7471.900 0.04652
7472.777 0.04650
7473.653 0.04648
7474.530 0.04652
7475.407 0.04645
7476.283 0.04643
7477.160 0.04642
7478.037 0.04640
7478.913 0.04648
7479.790 0.04643
7480.667 0.04634
7481.543 0.04634
7482.420 0.04631
7483.297 0.04628
7484.173 0.04626
7485.050 0.04624
7485.927 0.04622
7486.803 0.04620
7487.680 0.04618
7488.557 0.04616
7489.433 0.04614
7490.310 0.04612
7491.187 0.04614
7492.063 0.04621
7492.940 0.04604
7493.817 0.04602
7494.693 0.04600
7495.570 0.04597
7496.447 0.04598
7497.323 0.04592
7498.200 0.04589
7499.077 0.04588
7499.953 0.04584
7500.830 0.04582
7501.707 0.04579
7502.583 0.04576
7503.460 0.04574
7504.337 0.04571
7505.213 0.04582
7506.090 0.04568
7506.967 0.04563
7507.843 0.04567
7508.720 0.04557
7509.597 0.04554
7510.473 0.04552
7511.350 0.04554
7512.227 0.04546
7513.103 0.04544
7513.980 0.04541
7514.857 0.04538
7515.733 0.04536
7516.610 0.04533
7517.487 0.04558
7518.363 0.04528
7519.240 0.04549
7520.117 0.04522
7520.993 0.04520
7521.870 0.04517
7522.747 0.04514
7523.623 0.04517
7524.500 0.04509
7525.377 0.04506
7526.253 0.04503
7527.130 0.04501
7528.007 0.04498
7528.883 0.04495
7529.760 0.04493
7530.637 0.04490
7531.513 0.04488
7532.390 0.04485
7533.267 0.04482
7534.143 0.04479
7535.020 0.04477
7535.897 0.04474
7536.773 0.04471
7537.650 0.04469
7538.527 0.04466
7539.403 0.04464
7540.280 0.04461
7541.157 0.04460
7542.033 0.04463
7542.910 0.04454
7543.787 0.04451
7544.663 0.04449
7545.540 0.04447
7546.417 0.04444
7547.293 0.04442
7548.170 0.04439
7549.047 0.04437
7549.923 0.04435
7550.800 0.04432
7551.677 0.04430
7552.553 0.04428
7553.430 0.04425
7554.307 0.04423
7555.183 0.04421
7556.060 0.04418
7556.937 0.04416
7557.813 0.04414
7558.690 0.04411
7559.567 0.04409
7560.443 0.04407
7561.320 0.04408
7562.197 0.04403
7563.073 0.04400
7563.950 0.04398
7564.827 0.04396
7565.703 0.04394
7566.580 0.04392
7567.457 0.04390
7568.333 0.04388
7569.210 0.04386
7570.087 0.04384
7570.963 0.04382
7571.840 0.04380
7572.717 0.04378
7573.593 0.04376
7574.470 0.04374
7575.347 0.04372
7576.223 0.04370
7577.100 0.04368
7577.977 0.04370
7578.853 0.04364
7579.730 0.04362
7580.607 0.04360
7581.483 0.04359
7582.360 0.04357
7583.237 0.04362
7584.113 0.04359
7584.990 0.04356
7585.867 0.04358
7586.743 0.04364
7587.620 0.04373
7588.497 0.04387
7589.373 0.04409
7590.250 0.04440
7591.127 0.04485
7592.003 0.04551
7592.880 0.04652
7593.757 0.04814
7594.633 0.05120
7595.510 0.07283
7596.387 0.31919
7597.263 1.93704
7598.140 0.59000
7599.017 0.28536
7599.893 0.35396
7600.770 6.50952
7601.647 0.36361
7602.523 7.33328
7603.400 0.51314
7604.277 2.25312
7605.153 0.59417
7606.030 0.76000
7606.907 0.74196
7607.783 8.06886
7608.660 2.24955
7609.537 0.58783
7610.413 0.60228
7611.290 5.47627
7612.167 0.65841
7613.043 0.41689
7613.920 1.28306
7614.797 0.41804
7615.673 0.38115
7616.550 0.20338
7617.427 0.60220
7618.303 3.12184
7619.180 0.08050
7620.057 0.06313
7620.933 0.06233
7621.810 0.19901
7622.687 0.27226
7623.563 0.22354
7624.440 0.12480
7625.317 6.66468
7626.193 0.48425
7627.070 0.33886
7627.947 0.13678
7628.823 0.64807
7629.700 0.43335
7630.577 1.18847
7631.453 0.14934
7632.330 0.48046
7633.207 5.95362
7634.083 2.49457
7634.960 0.24035
7635.837 0.12464
7636.713 0.27076
7637.590 0.81552
7638.467 15.99737
7639.343 0.25714
7640.220 0.11144
7641.097 0.22975
7641.973 0.77981
7642.850 9.31785
7643.727 0.19512
7644.603 0.09368
7645.480 0.12876
7646.357 8.07827
7647.233 1.65734
7648.110 0.17086
7648.987 0.07752
7649.863 0.07807
7650.740 0.26082
7651.617 0.33120
7652.493 0.54134
7653.370 0.07785
7654.247 0.06307
7655.123 0.06985
7656.000 0.62591
7656.877 0.21065
7657.753 0.14601
7658.630 0.05991
7659.507 0.05411
7660.383 0.05914
7661.260 0.33596
7662.137 0.14009
7663.013 0.10831
7663.890 0.05275
7664.767 0.04820
7665.643 0.04952
7666.520 0.07673
7667.397 0.09728
7668.273 0.19995
7669.150 0.04999
7670.027 0.04556
7670.903 0.04497
7671.780 0.04759
7672.657 1.08542
7673.533 0.11177
7674.410 0.05465
7675.287 0.05263
7676.163 0.04342
7677.040 0.04695
7677.917 0.04509
7678.793 0.18746
7679.670 0.93282
7680.547 0.04455
7681.423 0.04276
7682.300 0.04304
7683.177 0.04238
7684.053 0.04483
7684.930 0.41670
7685.807 0.18703
7686.683 0.04258
7687.560 0.04221
7688.437 0.04229
7689.313 0.04220
7690.190 0.05052
7691.067 0.04768
7691.943 0.04449
7692.820 0.04296
7693.697 0.04585
7694.573 0.04200
7695.450 0.04221
7696.327 0.04189
7697.203 0.04198
7698.080 0.06473
7698.957 0.20772
7699.833 0.04200
7700.710 0.04197
7701.587 0.05072
7702.463 0.04178
7703.340 0.04244
7704.217 0.04225
7705.093 0.04259
7705.970 0.05833
7706.847 0.04174
7707.723 0.04173
7708.600 0.04171
7709.477 0.04170
7710.353 0.04169
7711.230 0.04169
7712.107 0.04693
7712.983 0.06921
7713.860 0.04167
7714.737 0.04185
7715.613 0.04206
7716.490 0.04164
7717.367 0.04163
7718.243 0.04240
7719.120 0.04174
7719.997 0.04169
7720.873 0.04160
7721.750 0.04159
7722.627 0.04191
7723.503 0.04368
7724.380 0.04157
7725.257 0.04155
7726.133 0.04157
7727.010 0.04815
7727.887 0.05763
7728.763 0.04153
7729.640 0.04152
7730.517 0.04152
7731.393 0.04203
7732.270 0.04257
7733.147 0.04150
7734.023 0.04149
7734.900 0.04346
7735.777 0.04192
7736.653 0.04151
7737.530 0.04151
7738.407 0.04146
7739.283 0.04145
7740.160 0.04145
7741.037 0.04666
7741.913 0.04163
7742.790 0.04145
7743.667 0.04143
7744.543 0.04143
7745.420 0.04149
7746.297 0.04258
7747.173 0.04164
7748.050 0.04142
7748.927 0.04141
7749.803 0.04141
7750.680 0.04141
7751.557 0.04169
7752.433 0.04147
7753.310 0.04140
7754.187 0.04139
7755.063 0.04139
7755.940 0.04138
7756.817 0.04137
7757.693 0.04144
7758.570 0.04245
7759.447 0.04135
7760.323 0.04135
7761.200 0.04134
7762.077 0.04133
7762.953 0.04133
7763.830 0.04132
7764.707 0.04132
7765.583 0.04130
7766.460 0.04130
7767.337 0.04129
7768.213 0.04128
7769.090 0.04127
7769.967 0.04127
7770.843 0.04127
7771.720 0.04125
7772.597 0.04124
7773.473 0.04123
7774.350 0.04122
7775.227 0.04122
7776.103 0.04131
7776.980 0.04122
7777.857 0.04133
7778.733 0.04121
7779.610 0.04117
7780.487 0.04116
7781.363 0.04115
7782.240 0.04114
7783.117 0.04113
7783.993 0.04112
7784.870 0.04111
7785.747 0.04109
7786.623 0.04108
7787.500 0.04107
7788.377 0.04106
7789.253 0.04105
7790.130 0.04104
7791.007 0.04103
7791.883 0.04102
7792.760 0.04101
7793.637 0.04101
7794.513 0.04126
7795.390 0.04097
7796.267 0.04095
7797.143 0.04094
7798.020 0.04092
7798.897 0.04092
7799.773 0.04089
7800.650 0.04087
7801.527 0.04085
7802.403 0.04084
7803.280 0.04082
7804.157 0.04081
7805.033 0.04100
7805.910 0.04077
7806.787 0.04075
7807.663 0.04074
7808.540 0.04072
7809.417 0.04070
7810.293 0.04068
7811.170 0.04068
7812.047 0.04065
7812.923 0.04063
7813.800 0.04061
7814.677 0.04059
7815.553 0.04063
7816.430 0.04056
7817.307 0.04054
7818.183 0.04052
7819.060 0.04051
7819.937 0.04052
7820.813 0.04047
7821.690 0.04048
7822.567 0.04050
7823.443 0.04045
7824.320 0.04056
7825.197 0.04040
7826.073 0.04035
7826.950 0.04034
7827.827 0.04030
7828.703 0.04029
7829.580 0.04027
7830.457 0.04024
7831.333 0.04028
7832.210 0.04019
7833.087 0.04017
7833.963 0.04017
7834.840 0.04018
7835.717 0.04011
7836.593 0.04010
7837.470 0.04007
7838.347 0.04016
7839.223 0.04005
7840.100 0.04001
7840.977 0.04016
7841.853 0.04233
7842.730 0.04031
7843.607 0.03992
7844.483 0.03989
7845.360 0.03987
7846.237 0.03990
7847.113 0.03987
7847.990 0.03986
7848.867 0.03997
7849.743 0.03977
7850.620 0.03979
7851.497 0.03974
7852.373 0.03977
7853.250 0.03968
7854.127 0.03966
7855.003 0.03966
7855.880 0.03976
7856.757 0.04176
7857.633 0.03969
7858.510 0.03957
7859.387 0.03955
7860.263 0.03972
7861.140 0.04070
7862.017 0.03950
7862.893 0.04245
7863.770 0.03957
7864.647 0.03948
7865.523 0.03971
7866.400 0.03986
7867.277 0.03949
7868.153 0.04694
7869.030 0.03963
7869.907 0.03937
7870.783 0.03934
7871.660 0.03946
7872.537 0.03978
7873.413 0.03930
7874.290 0.03930
7875.167 0.03986
7876.043 0.03943
7876.920 0.03924
7877.797 0.03941
7878.673 0.05713
7879.550 0.03924
7880.427 0.03915
7881.303 0.03916
7882.180 0.04067
7883.057 0.04402
7883.933 0.03975
7884.810 0.03907
7885.687 0.03908
7886.563 0.03916
7887.440 0.03947
7888.317 0.04267
7889.193 0.04737
7890.070 0.03902
7890.947 0.03967
7891.823 0.03930
7892.700 0.04027
7893.577 0.03943
7894.453 0.03938
7895.330 0.03949
7896.207 0.03915
7897.083 0.04611
7897.960 0.04221
7898.837 0.03915
7899.713 0.03886
7900.590 0.03877
7901.467 0.03882
7902.343 0.03889
7903.220 0.03971
7904.097 0.05425
7904.973 0.04120
7905.850 0.04015
7906.727 0.03869
7907.603 0.03865
7908.480 0.03923
7909.357 0.04063
7910.233 0.03900
7911.110 0.04488
7911.987 0.03896
7912.863 0.06211
7913.740 0.03869
7914.617 0.03863
7915.493 0.03852
7916.370 0.03850
7917.247 0.03867
7918.123 0.03927
7919.000 0.04094
7919.877 0.04460
7920.753 0.03861
7921.630 0.03858
7922.507 0.03989
7923.383 0.03897
7924.260 0.03840
7925.137 0.03839
7926.013 0.03874
7926.890 0.03919
7927.767 0.03832
7928.643 0.03827
7929.520 0.03833
7930.397 0.04223
7931.273 0.03980
7932.150 0.04299
7933.027 0.03824
7933.903 0.04868
7934.780 0.03842
7935.657 0.03816
7936.533 0.03812
7937.410 0.03811
7938.287 0.03813
7939.163 0.04025
7940.040 0.03807
7940.917 0.03820
7941.793 0.03811
7942.670 0.03828
7943.547 0.03818
7944.423 0.03817
7945.300 0.03803
7946.177 0.03796
7947.053 0.03801
7947.930 0.03819
7948.807 0.03845
7949.683 0.03869
7950.560 0.03799
7951.437 0.03789
7952.313 0.03823
7953.190 0.04151
7954.067 0.03851
7954.943 0.03785
7955.820 0.03918
7956.697 0.03787
7957.573 0.03782
7958.450 0.04082
7959.327 0.03784
7960.203 0.03842
7961.080 0.03867
7961.957 0.03805
7962.833 0.05538
7963.710 0.04579
7964.587 0.03856
7965.463 0.04395
7966.340 0.03980
7967.217 0.04215
7968.093 0.03767
7968.970 0.03771
7969.847 0.03869
7970.723 0.04225
7971.600 0.03786
7972.477 0.03791
7973.353 0.03826
7974.230 0.03883
7975.107 0.03759
7975.983 0.03804
7976.860 0.03797
7977.737 0.03760
7978.613 0.04004
7979.490 0.03751
7980.367 0.03769
7981.243 0.03781
7982.120 0.04132
7982.997 0.03774
7983.873 0.03785
7984.750 0.03745
7985.627 0.03767
7986.503 0.06989
7987.380 0.03752
7988.257 0.03851
7989.133 0.03763
7990.010 0.03753
7990.887 0.03738
7991.763 0.03734
7992.640 0.03779
7993.517 0.03751
7994.393 0.03734
7995.270 0.03914
7996.147 0.04286
7997.023 0.03753
7997.900 0.03783
7998.777 0.04052
7999.653 0.03782
8000.530 0.04981
8001.407 0.03995
8002.283 0.04054
8003.160 0.04294
8004.037 0.03735
8004.913 0.03719
8005.790 0.03832
8006.667 0.03863
8007.543 0.03744
8008.420 0.03722
8009.297 0.03915
8010.173 0.03874
8011.050 0.03713
8011.927 0.03706
8012.803 0.03755
8013.680 0.03716
8014.557 0.04188
8015.433 0.03996
8016.310 0.04633
8017.187 0.03728
8018.063 0.03722
8018.940 0.03738
8019.817 0.03830
8020.693 0.03770
8021.570 0.03696
8022.447 0.04038
8023.323 0.03731
8024.200 0.04307
8025.077 0.04126
8025.953 0.04047
8026.830 0.03718
8027.707 0.03722
8028.583 0.03722
8029.460 0.03718
8030.337 0.03768
8031.213 0.03738
8032.090 0.03696
8032.967 0.03689
8033.843 0.03700
8034.720 0.03683
8035.597 0.03775
8036.473 0.06152
8037.350 0.03781
8038.227 0.03721
8039.103 0.03723
8039.980 0.03813
8040.857 0.03676
8041.733 0.04774
8042.610 0.03677
8043.487 0.03684
8044.363 0.03785
8045.240 0.03993
8046.117 0.04558
8046.993 0.03710
8047.870 0.04540
8048.747 0.04013
8049.623 0.03662
8050.500 0.03663
8051.377 0.03730
8052.253 0.03661
8053.130 0.03661
8054.007 0.03661
8054.883 0.03728
8055.760 0.03666
8056.637 0.04315
8057.513 0.03662
8058.390 0.03681
8059.267 0.03655
8060.143 0.03651
8061.020 0.04246
8061.897 0.03808
8062.773 0.03663
8063.650 0.03652
8064.527 0.03950
8065.403 0.04153
8066.280 0.03652
8067.157 0.03667
8068.033 0.03965
8068.910 0.03645
8069.787 0.03695
8070.663 0.03698
8071.540 0.03761
8072.417 0.03911
8073.293 0.04071
8074.170 0.03643
8075.047 0.03642
8075.923 0.03639
8076.800 0.03695
8077.677 0.03958
8078.553 0.04426
8079.430 0.03645
8080.307 0.03659
8081.183 0.03682
8082.060 0.03675
8082.937 0.03661
8083.813 0.03978
8084.690 0.03647
8085.567 0.03644
8086.443 0.03656
8087.320 0.04880
8088.197 0.03684
8089.073 0.03645
8089.950 0.03646
8090.827 0.03867
8091.703 0.03643
8092.580 0.04237
8093.457 0.03800
8094.333 0.03744
8095.210 0.03652
8096.087 0.03751
8096.963 0.03820
8097.840 0.03672
8098.717 0.04816
8099.593 0.03822
8100.470 0.03751
8101.347 0.03739
8102.223 0.03636
8103.100 0.03651
8103.977 0.03783
8104.853 0.03650
8105.730 0.03686
8106.607 0.03649
8107.483 0.03643
8108.360 0.03719
8109.237 0.03733
8110.113 0.07129
8110.990 0.03720
8111.867 0.03677
8112.743 0.05134
8113.620 0.03689
8114.497 0.04138
8115.373 0.03724
8116.250 0.06951
8117.127 0.04173
8118.003 0.03640
8118.880 0.03721
8119.757 0.03638
8120.633 0.04364
8121.510 0.03693
8122.387 0.03713
8123.263 0.03757
8124.140 0.03683
8125.017 0.05245
8125.893 0.04591
8126.770 0.03656
8127.647 0.08250
8128.523 0.03710
8129.400 0.04400
8130.277 0.03672
8131.153 0.03674
8132.030 0.03917
8132.907 0.04349
8133.783 0.03969
8134.660 0.04548
8135.537 0.04803
8136.413 0.04216
8137.290 0.21538
8138.167 0.03793
8139.043 0.03829
8139.920 0.03643
8140.797 0.03735
8141.673 0.03717
8142.550 0.03977
8143.427 0.03910
8144.303 0.09405
8145.180 0.03681
8146.057 0.16395
8146.933 0.03833
8147.810 0.03689
8148.687 0.04441
8149.563 0.05904
8150.440 0.06346
8151.317 0.04102
8152.193 0.08907
8153.070 0.03650
8153.947 0.03695
8154.823 0.14776
8155.700 0.04380
8156.577 0.08397
8157.453 0.03907
8158.330 0.03804
8159.207 0.04029
8160.083 0.07389
8160.960 0.03848
8161.837 0.03673
8162.713 0.03721
8163.590 0.25622
8164.467 0.13934
8165.343 0.03950
8166.220 0.04903
8167.097 0.06586
8167.973 0.03911
8168.850 0.03962
8169.727 0.03670
8170.603 0.03990
8171.480 0.06528
8172.357 0.23464
8173.233 0.03774
8174.110 0.03748
8174.987 0.03709
8175.863 0.03829
8176.740 0.03916
8177.617 0.03689
8178.493 0.04130
8179.370 0.19488
8180.247 0.19845
8181.123 0.06946
8182.000 0.04106
8182.877 0.03742
8183.753 0.04607
8184.630 0.04386
8185.507 0.04274
8186.383 0.03879
8187.260 0.03638
8188.137 0.04016
8189.013 0.04265
8189.890 0.03915
8190.767 0.04028
8191.643 0.24913
8192.520 0.03808
8193.397 0.03963
8194.273 0.04112
8195.150 0.07514
8196.027 0.04444
8196.903 0.03686
8197.780 0.03586
8198.657 0.03665
8199.533 0.04901
8200.410 0.04771
8201.287 0.12239
8202.163 0.09386
8203.040 0.12824
8203.917 0.03720
8204.793 0.03575
8205.670 0.03583
8206.547 0.03577
8207.423 0.03648
8208.300 0.03549
8209.177 0.03566
8210.053 0.03579
8210.930 0.03620
8211.807 0.09396
8212.683 0.05024
8213.560 0.03803
8214.437 0.16368
8215.313 0.03586
8216.190 0.03701
8217.067 0.03595
8217.943 0.03536
8218.820 0.03574
8219.697 0.03705
8220.573 0.06308
8221.450 0.03616
8222.327 0.03544
8223.203 0.03729
8224.080 0.04283
8224.957 0.03620
8225.833 0.03940
8226.710 0.06584
8227.587 0.03877
8228.463 0.04039
8229.340 0.26577
8230.217 0.36819
8231.093 0.19961
8231.970 0.22815
8232.847 0.05168
8233.723 0.15674
8234.600 0.03835
8235.477 0.03751
8236.353 0.07409
8237.230 0.03657
8238.107 0.04174
8238.983 0.03589
8239.860 0.03972
8240.737 0.03971
8241.613 0.03590
8242.490 0.04059
8243.367 0.03541
8244.243 0.03548
8245.120 0.04047
8245.997 0.06331
8246.873 0.03583
8247.750 0.03480
8248.627 0.03522
8249.503 0.03483
8250.380 0.03473
8251.257 0.03514
8252.133 0.03474
8253.010 0.03480
8253.887 0.03656
8254.763 0.04239
8255.640 0.03578
8256.517 0.03473
8257.393 0.03517
8258.270 0.04147
8259.147 0.04989
8260.023 0.04292
8260.900 0.03509
8261.777 0.05788
8262.653 0.04745
8263.530 0.03472
8264.407 0.03499
8265.283 0.03711
8266.160 0.04468
8267.037 0.03650
8267.913 0.03526
8268.790 0.03495
8269.667 0.03438
8270.543 0.03437
8271.420 0.05279
8272.297 0.03434
8273.173 0.03489
8274.050 0.04481
8274.927 0.03653
8275.803 0.03792
8276.680 0.47896
8277.557 0.03750
8278.433 0.03918
8279.310 0.03988
8280.187 0.03472
8281.063 0.04165
8281.940 0.24822
8282.817 0.03557
8283.693 0.03856
8284.570 0.05890
8285.447 0.03574
8286.323 0.03406
8287.200 0.03397
8288.077 0.03416
8288.953 0.03591
8289.830 0.04832
8290.707 0.04678
8291.583 0.04824
8292.460 0.03554
8293.337 0.03538
8294.213 0.03392
8295.090 0.03410
8295.967 0.03915
8296.843 0.18547
8297.720 0.04396
8298.597 0.03450
8299.473 0.03373
8300.350 0.03749
8301.227 0.03785
8302.103 0.03761
8302.980 0.04499
8303.857 0.03425
8304.733 0.03393
8305.610 0.03474
8306.487 0.10907
8307.363 0.63778
8308.240 0.03514
8309.117 0.03442
8309.993 0.03798
8310.870 0.03634
8311.747 0.03378
8312.623 0.03535
8313.500 0.03453
8314.377 0.06314
8315.253 0.03557
8316.130 0.07188
8317.007 0.03435
8317.883 0.03557
8318.760 0.03943
8319.637 0.03509
8320.513 0.17212
8321.390 0.03410
8322.267 0.03381
8323.143 0.03999
8324.020 0.07922
8324.897 0.03418
8325.773 0.03335
8326.650 0.03403
8327.527 0.03375
8328.403 0.03457
8329.280 0.04404
8330.157 0.03357
8331.033 0.03481
8331.910 0.14084
8332.787 0.04092
8333.663 0.03373
8334.540 0.04996
8335.417 0.03460
8336.293 0.03646
8337.170 0.03365
8338.047 0.03632
8338.923 0.03326
8339.800 0.03326
8340.677 0.03589
8341.553 0.04595
8342.430 0.03329
8343.307 0.03317
8344.183 0.04121
8345.060 0.03355
8345.937 0.03320
8346.813 0.03330
8347.690 0.03316
8348.567 0.03338
8349.443 0.03389
8350.320 0.03318
8351.197 0.03547
8352.073 0.03399
8352.950 0.03327
8353.827 0.03300
8354.703 0.03353
8355.580 0.03482
8356.457 0.03357
8357.333 0.03373
8358.210 0.03324
8359.087 0.03764
8359.963 0.03502
8360.840 0.03287
8361.717 0.03680
8362.593 0.03284
8363.470 0.03309
8364.347 0.06781
8365.223 0.03361
8366.100 0.03302
8366.977 0.03336
8367.853 0.03277
8368.730 0.03411
8369.607 0.09485
8370.483 0.03281
8371.360 0.03456
8372.237 0.03305
8373.113 0.03696
8373.990 0.03264
8374.867 0.03414
8375.743 0.03486
8376.620 0.03349
8377.497 0.03285
8378.373 0.03661
8379.250 0.03408
8380.127 0.03290
8381.003 0.03268
8381.880 0.03253
8382.757 0.03263
8383.633 0.03448
8384.510 0.03348
8385.387 0.03318
8386.263 0.03550
8387.140 0.03861
8388.017 0.04080
8388.893 0.03279
8389.770 0.03295
8390.647 0.03402
8391.523 0.03279
8392.400 0.03246
8393.277 0.03241
8394.153 0.03240
8395.030 0.03244
8395.907 0.03410
8396.783 0.03736
8397.660 0.03251
8398.537 0.03287
8399.413 0.04919
8400.290 0.03253
8401.167 0.03253
8402.043 0.03293
8402.920 0.03908
8403.797 0.03239
8404.673 0.03240
8405.550 0.03264
8406.427 0.03792
8407.303 0.03339
8408.180 0.03281
8409.057 0.03246
8409.933 0.03244
8410.810 0.04299
8411.687 0.03317
8412.563 0.03235
8413.440 0.03702
8414.317 0.03223
8415.193 0.03229
8416.070 0.03256
8416.947 0.03262
8417.823 0.04655
8418.700 0.03272
8419.577 0.03913
8420.453 0.03302
8421.330 0.03241
8422.207 0.03218
8423.083 0.03233
8423.960 0.03236
8424.837 0.03232
8425.713 0.03233
8426.590 0.03215
8427.467 0.03218
8428.343 0.03232
8429.220 0.03300
8430.097 0.03706
8430.973 0.03220
8431.850 0.03578
8432.727 0.03251
8433.603 0.03238
8434.480 0.03216
8435.357 0.03211
8436.233 0.03229
8437.110 0.03270
8437.987 0.03227
8438.863 0.03652
8439.740 0.03308
8440.617 0.03255
8441.493 0.03202
8442.370 0.03296
8443.247 0.03367
8444.123 0.03206
8445.000 0.03312
8445.877 0.03200
8446.753 0.03212
8447.630 0.03207
8448.507 0.03506
8449.383 0.03198
8450.260 0.03196
8451.137 0.03194
8452.013 0.03200
8452.890 0.03230
8453.767 0.03208
8454.643 0.03244
8455.520 0.03194
8456.397 0.03199
8457.273 0.03217
8458.150 0.03189
8459.027 0.03226
8459.903 0.03189
8460.780 0.03188
8461.657 0.03193
8462.533 0.04622
8463.410 0.03194
8464.287 0.03195
8465.163 0.03236
8466.040 0.03246
8466.917 0.03184
8467.793 0.03184
8468.670 0.03183
8469.547 0.03183
8470.423 0.03184
8471.300 0.03193
8472.177 0.03187
8473.053 0.03182
8473.930 0.03186
8474.807 0.03181
8475.683 0.03190
8476.560 0.03258
8477.437 0.03182
8478.313 0.03179
8479.190 0.03180
8480.067 0.03259
8480.943 0.03194
8481.820 0.03204
8482.697 0.03208
8483.573 0.03180
8484.450 0.03186
8485.327 0.03179
8486.203 0.03176
8487.080 0.03176
8487.957 0.03177
8488.833 0.03198
8489.710 0.03198
8490.587 0.03399
8491.463 0.03176
8492.340 0.03175
8493.217 0.03177
8494.093 0.04130
8494.970 0.03177
8495.847 0.03198
8496.723 0.03179
8497.600 0.03177
8498.477 0.03189
8499.353 0.03336
8500.230 0.03174
8501.107 0.03207
8501.983 0.03198
8502.860 0.03175
8503.737 0.03177
8504.613 0.03233
8505.490 0.03805
8506.367 0.03173
8507.243 0.03174
8508.120 0.03811
8508.997 0.03175
8509.873 0.03171
8510.750 0.03170
8511.627 0.03175
8512.503 0.03176
8513.380 0.03178
8514.257 0.05169
8515.133 0.03197
8516.010 0.03176
8516.887 0.03170
8517.763 0.03204
8518.640 0.03184
8519.517 0.03172
8520.393 0.03174
8521.270 0.03233
8522.147 0.03407
8523.023 0.03169
8523.900 0.03173
8524.777 0.03179
8525.653 0.03188
8526.530 0.03166
8527.407 0.03173
8528.283 0.03174
8529.160 0.03168
8530.037 0.03162
8530.913 0.03162
8531.790 0.03165
8532.667 0.03174
8533.543 0.03167
8534.420 0.03160
8535.297 0.03158
8536.173 0.03172
8537.050 0.03553
8537.927 0.03159
8538.803 0.03634
8539.680 0.03181
8540.557 0.03153
8541.433 0.03155
8542.310 0.03396
8543.187 0.04653
8544.063 0.03153
8544.940 0.03148
8545.817 0.03150
8546.693 0.03147
8547.570 0.03145
8548.447 0.03280
8549.323 0.03154
8550.200 0.03142
8551.077 0.03160
8551.953 0.03232
8552.830 0.03217
8553.707 0.03137
8554.583 0.03139
8555.460 0.03140
8556.337 0.03175
8557.213 0.03245
8558.090 0.03140
8558.967 0.03140
8559.843 0.03130
8560.720 0.03145
8561.597 0.03128
8562.473 0.03129
8563.350 0.03129
8564.227 0.03128
8565.103 0.03130
8565.980 0.03122
8566.857 0.03123
8567.733 0.03120
8568.610 0.03119
8569.487 0.03120
8570.363 0.03118
8571.240 0.03163
8572.117 0.03115
8572.993 0.03191
8573.870 0.03144
8574.747 0.03113
8575.623 0.03163
8576.500 0.03124
8577.377 0.03111
8578.253 0.03156
8579.130 0.03105
8580.007 0.03104
8580.883 0.03103
8581.760 0.03101
8582.637 0.03101
8583.513 0.03166
8584.390 0.03099
8585.267 0.03104
8586.143 0.03096
8587.020 0.03094
8587.897 0.03093
8588.773 0.03093
8589.650 0.03097
8590.527 0.03089
8591.403 0.03088
8592.280 0.03089
8593.157 0.03094
8594.033 0.03113
8594.910 0.03161
8595.787 0.03082
8596.663 0.03080
8597.540 0.03101
8598.417 0.03077
8599.293 0.03084
8600.170 0.03075
8601.047 0.03073
8601.923 0.03072
8602.800 0.03075
8603.677 0.03071
8604.553 0.03068
8605.430 0.03066
8606.307 0.03065
8607.183 0.03064
8608.060 0.03189
8608.937 0.03061
8609.813 0.03060
8610.690 0.03073
8611.567 0.03058
8612.443 0.03062
8613.320 0.03055
8614.197 0.03053
8615.073 0.03052
8615.950 0.03050
8616.827 0.03062
8617.703 0.03049
8618.580 0.03047
8619.457 0.03078
8620.333 0.03045
8621.210 0.03043
8622.087 0.03059
8622.963 0.03042
8623.840 0.03082
8624.717 0.03038
8625.593 0.03038
8626.470 0.03036
8627.347 0.03061
8628.223 0.03036
8629.100 0.03040
8629.977 0.03032
8630.853 0.03029
8631.730 0.03083
8632.607 0.03031
8633.483 0.03027
8634.360 0.03025
8635.237 0.03035
8636.113 0.03022
8636.990 0.03021
8637.867 0.03022
8638.743 0.03019
8639.620 0.03025
8640.497 0.03016
8641.373 0.03016
8642.250 0.03013
8643.127 0.03015
8644.003 0.03011
8644.880 0.03010
8645.757 0.03008
8646.633 0.03009
8647.510 0.03007
8648.387 0.03005
8649.263 0.03047
8650.140 0.03002
8651.017 0.03001
8651.893 0.03002
8652.770 0.02999
8653.647 0.03109
8654.523 0.02996
8655.400 0.02995
8656.277 0.02996
8657.153 0.02994
8658.030 0.02997
8658.907 0.02991
8659.783 0.02990
8660.660 0.02989
8661.537 0.03137
8662.413 0.02987
8663.290 0.02988
8664.167 0.02984
8665.043 0.02983
8665.920 0.02983
8666.797 0.02983
8667.673 0.02982
8668.550 0.02979
8669.427 0.02984
8670.303 0.02977
8671.180 0.02976
8672.057 0.02976
8672.933 0.02980
8673.810 0.02973
8674.687 0.02972
8675.563 0.02971
8676.440 0.02970
8677.317 0.02970
8678.193 0.02970
8679.070 0.02967
8679.947 0.02966
8680.823 0.02965
8681.700 0.02964
8682.577 0.03008
8683.453 0.02962
8684.330 0.02962
8685.207 0.02960
8686.083 0.02959
8686.960 0.02958
8687.837 0.02958
8688.713 0.02957
8689.590 0.02974
8690.467 0.02955
8691.343 0.02993
8692.220 0.02972
8693.097 0.02953
8693.973 0.02955
8694.850 0.02974
8695.727 0.02969
8696.603 0.02949
8697.480 0.02947
8698.357 0.02947
8699.233 0.02946
8700.110 0.02945
8700.987 0.02946
8701.863 0.02944
8702.740 0.02942
8703.617 0.02945
8704.493 0.02941
8705.370 0.02952
8706.247 0.02939
8707.123 0.02940
8708.000 0.02937
8708.877 0.02939
8709.753 0.02936
8710.630 0.02965
8711.507 0.02934
8712.383 0.02934
8713.260 0.02932
8714.137 0.02931
8715.013 0.02930
8715.890 0.02929
8716.767 0.02945
8717.643 0.02927
8718.520 0.02926
8719.397 0.02925
8720.273 0.02925
8721.150 0.02924
8722.027 0.02923
8722.903 0.02922
8723.780 0.02934
8724.657 0.02920
8725.533 0.02919
8726.410 0.02919
8727.287 0.02917
8728.163 0.02921
8729.040 0.02916
8729.917 0.02915
8730.793 0.02914
8731.670 0.02928
8732.547 0.02912
8733.423 0.02911
8734.300 0.02913
8735.177 0.02910
8736.053 0.02909
8736.930 0.02908
8737.807 0.02916
8738.683 0.02907
8739.560 0.02906
8740.437 0.02907
8741.313 0.02904
8742.190 0.02903
8743.067 0.02903
8743.943 0.02902
8744.820 0.02901
8745.697 0.02902
8746.573 0.02901
8747.450 0.02899
8748.327 0.02898
8749.203 0.02897
8750.080 0.02896
8750.957 0.02922
8751.833 0.02895
8752.710 0.02899
8753.587 0.02893
8754.463 0.02893
8755.340 0.02892
8756.217 0.02891
8757.093 0.02890
8757.970 0.02890
8758.847 0.02889
8759.723 0.02893
8760.600 0.02895
8761.477 0.02891
8762.353 0.02886
8763.230 0.02886
8764.107 0.02885
8764.983 0.02884
8765.860 0.02884
8766.737 0.02883
8767.613 0.02882
8768.490 0.02881
8769.367 0.02880
8770.243 0.02880
8771.120 0.02879
8771.997 0.02880
8772.873 0.02878
8773.750 0.02876
8774.627 0.02882
8775.503 0.02875
8776.380 0.02875
8777.257 0.02874
8778.133 0.02873
8779.010 0.02872
8779.887 0.02872
8780.763 0.02871
8781.640 0.02871
8782.517 0.03113
8783.393 0.02917
8784.270 0.02869
8785.147 0.02871
8786.023 0.02867
8786.900 0.02868
8787.777 0.02867
8788.653 0.02868
8789.530 0.02887
8790.407 0.02864
8791.283 0.02863
8792.160 0.02862
8793.037 0.02861
8793.913 0.02861
8794.790 0.02995
8795.667 0.02860
8796.543 0.02859
8797.420 0.02858
8798.297 0.02857
8799.173 0.02857
8800.050 0.02856
8800.927 0.02856
8801.803 0.02858
8802.680 0.02865
8803.557 0.02854
8804.433 0.02853
8805.310 0.02858
8806.187 0.02865
8807.063 0.02852
8807.940 0.02878
8808.817 0.02850
8809.693 0.02849
8810.570 0.02848
8811.447 0.02849
8812.323 0.02848
8813.200 0.02848
8814.077 0.03459
8814.953 0.02848
8815.830 0.02845
8816.707 0.02844
8817.583 0.02843
8818.460 0.02843
8819.337 0.02842
8820.213 0.02842
8821.090 0.02898
8821.967 0.02871
8822.843 0.02926
8823.720 0.02842
8824.597 0.02853
8825.473 0.02840
8826.350 0.02838
8827.227 0.02837
8828.103 0.02836
8828.980 0.02836
8829.857 0.02835
8830.733 0.02835
8831.610 0.02834
8832.487 0.02835
8833.363 0.02861
8834.240 0.02839
8835.117 0.02833
8835.993 0.02831
8836.870 0.02832
8837.747 0.02885
8838.623 0.02837
8839.500 0.02831
8840.377 0.02832
8841.253 0.02833
8842.130 0.02832
8843.007 0.02827
8843.883 0.02826
8844.760 0.02825
8845.637 0.02825
8846.513 0.02824
8847.390 0.02825
8848.267 0.02862
8849.143 0.02825
8850.020 0.02837
8850.897 0.02822
8851.773 0.02821
8852.650 0.02822
8853.527 0.02823
8854.403 0.02838
8855.280 0.02830
8856.157 0.02819
8857.033 0.02818
8857.910 0.02818
8858.787 0.02822
8859.663 0.03575
8860.540 0.02855
8861.417 0.03066
8862.293 0.02820
8863.170 0.02815
8864.047 0.02813
8864.923 0.02813
8865.800 0.02812
8866.677 0.02812
8867.553 0.02872
8868.430 0.02885
8869.307 0.02822
8870.183 0.02811
8871.060 0.02816
8871.937 0.02816
8872.813 0.02808
8873.690 0.02807
8874.567 0.02822
8875.443 0.02807
8876.320 0.02805
8877.197 0.02805
8878.073 0.02804
8878.950 0.02804
8879.827 0.02824
8880.703 0.02832
8881.580 0.03307
8882.457 0.02828
8883.333 0.02806
8884.210 0.02873
8885.087 0.02807
8885.963 0.02799
8886.840 0.02798
8887.717 0.02797
8888.593 0.02797
8889.470 0.02802
8890.347 0.02819
8891.223 0.02796
8892.100 0.02795
8892.977 0.02794
8893.853 0.02793
8894.730 0.02793
8895.607 0.02795
8896.483 0.02812
8897.360 0.02801
8898.237 0.02798
8899.113 0.03667
8899.990 0.02794
8900.867 0.02794
8901.743 0.02807
8902.620 0.02814
8903.497 0.02819
8904.373 0.02788
8905.250 0.02785
8906.127 0.02784
8907.003 0.02783
8907.880 0.02783
8908.757 0.02785
8909.633 0.03251
8910.510 0.02793
8911.387 0.02782
8912.263 0.02781
8913.140 0.02807
8914.017 0.02792
8914.893 0.02779
8915.770 0.02778
8916.647 0.02777
8917.523 0.02781
8918.400 0.03521
8919.277 0.02810
8920.153 0.03151
8921.030 0.02787
8921.907 0.03046
8922.783 0.02832
8923.660 0.02778
8924.537 0.02775
8925.413 0.02801
8926.290 0.02772
8927.167 0.02976
8928.043 0.02772
8928.920 0.02845
8929.797 0.02789
8930.673 0.02807
8931.550 0.08620
8932.427 0.03195
8933.303 0.03044
8934.180 0.02939
8935.057 0.02829
8935.933 0.02852
8936.810 0.03236
8937.687 0.02801
8938.563 0.02806
8939.440 0.02782
8940.317 0.02831
8941.193 0.02769
8942.070 0.02801
8942.947 0.04355
8943.823 0.02814
8944.700 0.05661
8945.577 0.02805
8946.453 0.02888
8947.330 0.02784
8948.207 0.02845
8949.083 0.03884
8949.960 0.02819
8950.837 0.03114
8951.713 0.02899
8952.590 0.02796
8953.467 0.02935
8954.343 0.04937
8955.220 0.02901
8956.097 0.02902
8956.973 0.04503
8957.850 0.03570
8958.727 0.02845
8959.603 0.02818
8960.480 0.03070
8961.357 0.02940
8962.233 0.02788
8963.110 0.03487
8963.987 0.03193
8964.863 0.23651
8965.740 0.05157
8966.617 0.03044
8967.493 0.03690
8968.370 0.03956
8969.247 0.03516
8970.123 0.02822
8971.000 0.02796
8971.877 0.02817
8972.753 0.02918
8973.630 0.12112
8974.507 0.03828
8975.383 0.12072
8976.260 0.03134
8977.137 0.14197
8978.013 0.02976
8978.890 0.11612
8979.767 0.02824
8980.643 0.02808
8981.520 0.02887
8982.397 0.03691
8983.273 0.10095
8984.150 0.03194
8985.027 0.02837
8985.903 0.02822
8986.780 0.03471
8987.657 0.02914
8988.533 0.03747
8989.410 0.06191
8990.287 0.14819
8991.163 0.04148
8992.040 0.10202
8992.917 0.05878
8993.793 0.06996
8994.670 0.08235
8995.547 0.08557
8996.423 0.03113
8997.300 0.02892
8998.177 0.02844
8999.053 0.02826
8999.930 0.02885
9000.807 0.02914
9001.683 0.03280
9002.560 0.19386
9003.437 0.06388
9004.313 0.03087
9005.190 0.03176
9006.067 0.49562
9006.943 0.03592
9007.820 0.02932
9008.697 0.02983
9009.573 0.16828
9010.450 0.05690
9011.327 0.03792
9012.203 0.02905
9013.080 0.02945
9013.957 0.04981
9014.833 0.04068
9015.710 0.03018
9016.587 0.02875
9017.463 0.03149
9018.340 0.03873
9019.217 1.16261
9020.093 0.03883
9020.970 0.03137
9021.847 0.02895
9022.723 0.03721
9023.600 0.03232
9024.477 0.03840
9025.353 0.10648
9026.230 0.03135
9027.107 0.03788
9027.983 0.06521
9028.860 0.05287
9029.737 0.03005
9030.613 0.02846
9031.490 0.03087
9032.367 0.02997
9033.243 0.03101
9034.120 0.05515
9034.997 0.02889
9035.873 0.02773
9036.750 0.02778
9037.627 0.03077
9038.503 0.02749
9039.380 0.02738
9040.257 0.02751
9041.133 0.02784
9042.010 0.02829
9042.887 0.02997
9043.763 0.03426
9044.640 0.05306
9045.517 0.05608
9046.393 0.02822
9047.270 0.02742
9048.147 0.02732
9049.023 0.02751
9049.900 0.12747
9050.777 0.02951
9051.653 0.02753
9052.530 0.02756
9053.407 0.03544
9054.283 0.02870
9055.160 0.04924
9056.037 0.03271
9056.913 0.03029
9057.790 0.02731
9058.667 0.02738
9059.543 0.03315
9060.420 0.02769
9061.297 0.02755
9062.173 0.02947
9063.050 0.13223
9063.927 0.03107
9064.803 0.03410
9065.680 0.03249
9066.557 0.26400
9067.433 0.02804
9068.310 0.03089
9069.187 0.02753
9070.063 0.04166
9070.940 0.03737
9071.817 0.15086
9072.693 0.03177
9073.570 0.03370
9074.447 1.53769
9075.323 0.03537
9076.200 0.03324
9077.077 0.04999
9077.953 0.02827
9078.830 0.02778
9079.707 0.02730
9080.583 0.02933
9081.460 0.14614
9082.337 0.67196
9083.213 0.04839
9084.090 0.06417
9084.967 0.02886
9085.843 0.03286
9086.720 0.02737
9087.597 0.03393
9088.473 0.03424
9089.350 0.22593
9090.227 0.03599
9091.103 0.02867
9091.980 0.03230
9092.857 0.10201
9093.733 0.02813
9094.610 0.03419
9095.487 0.03268
9096.363 0.20417
9097.240 0.03227
9098.117 0.03535
9098.993 0.02743
9099.870 0.02792
9100.747 0.06432
9101.623 0.03774
9102.500 0.11052
