# lambda zeropoint
3331.800 13.99
3334.335 14.64
3336.870 15.23
3339.404 15.71
3341.939 16.10
3344.474 16.45
3347.009 16.70
3349.544 16.93
3352.078 17.11
3354.613 17.22
3357.148 17.29
3359.683 17.32
3362.218 17.31
3364.752 17.25
3367.287 17.14
3369.822 17.00
3372.357 16.78
3374.892 16.63
3377.426 16.91
3379.961 17.13
3382.496 17.33
3385.031 17.46
3387.566 17.55
3390.100 17.61
3392.635 17.60
3395.170 17.57
3397.705 17.50
3400.240 17.38
3402.774 17.21
3405.309 16.99
3407.844 16.98
3410.379 17.23
3412.914 17.45
3415.448 17.62
3417.983 17.73
3420.518 17.82
3423.053 17.85
3425.588 17.85
3428.122 17.80
3430.657 17.72
3433.192 17.61
3435.727 17.43
3438.262 17.20
3440.796 17.12
3443.331 17.36
3445.866 17.56
3448.401 17.70
3450.936 17.82
3453.470 17.92
3456.005 17.95
3458.540 17.95
3461.075 17.93
3463.610 17.85
3466.144 17.75
3468.679 17.59
3471.214 17.40
3473.749 17.16
3476.284 17.40
3478.819 17.62
3481.353 17.78
3483.888 17.92
3486.423 18.00
3488.958 18.05
3491.493 18.08
3494.027 18.07
3496.562 18.02
3499.097 17.92
3501.632 17.79
3504.167 17.65
3506.701 17.43
3509.236 17.41
3511.771 17.63
3514.306 17.81
3516.841 17.97
3519.375 18.08
3521.910 18.16
3524.445 18.20
3526.980 18.18
3529.515 18.13
3532.049 18.08
3534.584 18.00
3537.119 17.88
3539.654 17.70
3542.189 17.49
3544.723 17.51
3547.258 17.73
3549.793 17.92
3552.328 18.02
3554.863 18.11
3557.397 18.20
3559.932 18.24
3562.467 18.25
3565.002 18.21
3567.537 18.16
3570.071 18.06
3572.606 17.93
3575.141 17.77
3577.676 17.54
3580.211 17.56
3582.745 17.74
3585.280 17.89
3587.815 18.00
3590.350 18.13
3592.885 18.23
3595.419 18.27
3597.954 18.27
3600.489 18.26
3603.024 18.21
3605.559 18.15
3608.093 18.04
3610.628 17.86
3613.163 17.65
3615.698 17.48
3618.233 17.73
3620.767 17.92
3623.302 18.07
3625.837 18.19
3628.372 18.27
3630.907 18.31
3633.441 18.28
3635.976 18.30
3638.511 18.34
3641.046 18.28
3643.581 18.20
3646.115 18.08
3648.650 17.90
3651.185 17.69
3653.720 17.64
3656.255 17.86
3658.789 18.04
3661.324 18.18
3663.859 18.30
3666.394 18.38
3668.929 18.43
3671.463 18.45
3673.998 18.46
3676.533 18.44
3679.068 18.37
3681.603 18.30
3684.137 18.21
3686.672 18.03
3689.207 17.83
3691.742 17.79
3694.277 17.99
3696.811 18.17
3699.346 18.32
3701.881 18.44
3704.416 18.43
3706.951 18.47
3709.485 18.58
3712.020 18.57
3714.555 18.55
3717.090 18.53
3719.625 18.42
3722.159 18.25
3724.694 18.15
3727.229 18.04
3729.764 17.90
3732.299 18.03
3734.833 18.08
3737.368 18.32
3739.903 18.54
3742.438 18.69
3744.973 18.72
3747.507 18.68
3750.042 18.55
3752.577 18.50
3755.112 18.63
3757.647 18.66
3760.181 18.64
3762.716 18.49
3765.251 18.28
3767.786 17.95
3770.321 17.84
3772.856 17.93
3775.390 18.27
3777.925 18.54
3780.460 18.70
3782.995 18.81
3785.530 18.89
3788.064 18.93
3790.599 18.91
3793.134 18.82
3795.669 18.59
3798.204 18.33
3800.738 18.34
3803.273 18.33
3805.808 18.27
3808.343 18.14
3810.878 18.24
3813.412 18.42
3815.947 18.52
3818.482 18.53
3821.017 18.68
3823.552 18.85
3826.086 18.95
3828.621 18.96
3831.156 18.87
3833.691 18.63
3836.226 18.40
3838.760 18.49
3841.295 18.52
3843.830 18.49
3846.365 18.37
3848.900 18.21
3851.434 18.15
3853.969 18.32
3856.504 18.48
3859.039 18.63
3861.574 18.76
3864.108 18.84
3866.643 18.88
3869.178 18.91
3871.713 18.94
3874.248 18.96
3876.782 18.96
3879.317 18.92
3881.852 18.84
3884.387 18.63
3886.922 18.36
3889.456 17.97
3891.991 17.82
3894.526 18.16
3897.061 18.40
3899.596 18.60
3902.130 18.73
3904.665 18.83
3907.200 18.91
3909.735 18.96
3912.270 19.01
3914.804 19.02
3917.339 19.00
3919.874 18.96
3922.409 18.91
3924.944 18.82
3927.478 18.67
3930.013 18.54
3932.548 18.42
3935.083 18.24
3937.618 18.38
3940.152 18.58
3942.687 18.72
3945.222 18.85
3947.757 18.96
3950.292 19.05
3952.826 19.13
3955.361 19.18
3957.896 19.22
3960.431 19.23
3962.966 19.18
3965.500 19.04
3968.035 18.74
3970.570 18.46
3973.105 18.51
3975.640 18.50
3978.174 18.43
3980.709 18.42
3983.244 18.61
3985.779 18.76
3988.314 18.90
3990.848 19.00
3993.383 19.08
3995.918 19.14
3998.453 19.21
4000.988 19.24
4003.522 19.25
4006.057 19.20
4008.592 19.13
4011.127 19.05
4013.662 19.01
4016.196 18.98
4018.731 18.86
4021.266 18.70
4023.801 18.43
4026.336 18.42
4028.870 18.57
4031.405 18.80
4033.940 18.99
4036.475 19.08
4039.010 19.15
4041.544 19.22
4044.079 19.26
4046.614 19.28
4049.149 19.29
4051.684 19.27
4054.219 19.24
4056.753 19.19
4059.288 19.11
4061.823 19.01
4064.358 18.89
4066.893 18.76
4069.427 18.56
4071.962 18.55
4074.497 18.71
4077.032 18.87
4079.567 19.03
4082.101 19.14
4084.636 19.23
4087.171 19.32
4089.706 19.37
4092.241 19.41
4094.775 19.40
4097.310 19.31
4099.845 19.12
4102.380 18.98
4104.915 18.88
4107.449 18.98
4109.984 18.98
4112.519 18.87
4115.054 18.72
4117.589 18.54
4120.123 18.62
4122.658 18.78
4125.193 18.97
4127.728 19.09
4130.263 19.18
4132.797 19.26
4135.332 19.32
4137.867 19.36
4140.402 19.34
4142.937 19.31
4145.471 19.25
4148.006 19.24
4150.541 19.28
4153.076 19.20
4155.611 19.12
4158.145 19.01
4160.680 18.89
4163.215 18.74
4165.750 18.53
4168.285 18.69
4170.819 18.83
4173.354 18.96
4175.889 19.08
4178.424 19.18
4180.959 19.26
4183.493 19.31
4186.028 19.35
4188.563 19.37
4191.098 19.38
4193.633 19.37
4196.167 19.36
4198.702 19.31
4201.237 19.26
4203.772 19.17
4206.307 19.08
4208.841 18.96
4211.376 18.82
4213.911 18.67
4216.446 18.66
4218.981 18.81
4221.515 18.95
4224.050 19.07
4226.585 19.18
4229.120 19.25
4231.655 19.32
4234.189 19.38
4236.724 19.40
4239.259 19.41
4241.794 19.41
4244.329 19.40
4246.863 19.38
4249.398 19.34
4251.933 19.29
4254.468 19.19
4257.003 19.09
4259.537 19.00
4262.072 18.86
4264.607 18.69
4267.142 18.67
4269.677 18.82
4272.211 18.99
4274.746 19.09
4277.281 19.19
4279.816 19.27
4282.351 19.33
4284.885 19.37
4287.420 19.42
4289.955 19.45
4292.490 19.44
4295.025 19.42
4297.559 19.41
4300.094 19.37
4302.629 19.31
4305.164 19.23
4307.699 19.15
4310.233 19.06
4312.768 18.93
4315.303 18.77
4317.838 18.66
4320.373 18.83
4322.907 19.00
4325.442 19.13
4327.977 19.25
4330.512 19.35
4333.047 19.40
4335.581 19.43
4338.116 19.27
4340.651 19.18
4343.186 19.24
4345.721 19.33
4348.256 19.44
4350.790 19.42
4353.325 19.38
4355.860 19.34
4358.395 19.27
4360.930 19.17
4363.464 19.07
4365.999 18.94
4368.534 18.77
4371.069 18.70
4373.604 18.85
4376.138 19.00
4378.673 19.12
4381.208 19.23
4383.743 19.29
4386.278 19.33
4388.812 19.28
4391.347 19.32
4393.882 19.46
4396.417 19.49
4398.952 19.48
4401.486 19.47
4404.021 19.45
4406.556 19.42
4409.091 19.36
4411.626 19.28
4414.160 19.19
4416.695 19.09
4419.230 18.97
4421.765 18.83
4424.300 18.66
4426.834 18.78
4429.369 18.91
4431.904 19.03
4434.439 19.13
4436.974 19.21
4439.508 19.27
4442.043 19.34
4444.578 19.40
4447.113 19.43
4449.648 19.44
4452.182 19.46
4454.717 19.47
4457.252 19.46
4459.787 19.44
4462.322 19.41
4464.856 19.36
4467.391 19.25
4469.926 19.10
4472.461 18.94
4474.996 18.82
4477.530 18.78
4480.065 18.63
4482.600 18.76
4485.135 18.90
4487.670 19.03
4490.204 19.12
4492.739 19.20
4495.274 19.28
4497.809 19.33
4500.344 19.37
4502.878 19.40
4505.413 19.42
4507.948 19.44
4510.483 19.43
4513.018 19.42
4515.552 19.40
4518.087 19.37
4520.622 19.33
4523.157 19.27
4525.692 19.19
4528.226 19.09
4530.761 18.98
4533.296 18.86
4535.831 18.68
4538.366 18.70
4540.900 18.83
4543.435 18.95
4545.970 19.06
4548.505 19.15
4551.040 19.22
4553.574 19.27
4556.109 19.34
4558.644 19.40
4561.179 19.43
4563.714 19.45
4566.248 19.46
4568.783 19.44
4571.318 19.42
4573.853 19.39
4576.388 19.36
4578.922 19.32
4581.457 19.27
4583.992 19.20
4586.527 19.11
4589.062 19.00
4591.596 18.87
4594.131 18.68
4596.666 18.69
4599.201 18.83
4601.736 18.94
4604.270 19.04
4606.805 19.12
4609.340 19.20
4611.875 19.27
4614.410 19.33
4616.944 19.38
4619.479 19.39
4622.014 19.41
4624.549 19.43
4627.084 19.44
4629.619 19.43
4632.153 19.41
4634.688 19.38
4637.223 19.34
4639.758 19.28
4642.293 19.22
4644.827 19.15
4647.362 19.06
4649.897 18.93
4652.432 18.79
4654.967 18.63
4657.501 18.75
4660.036 18.87
4662.571 18.96
4665.106 19.05
4667.641 19.15
4670.175 19.22
4672.710 19.28
4675.245 19.32
4677.780 19.36
4680.315 19.39
4682.849 19.42
4685.384 19.43
4687.919 19.43
4690.454 19.43
4692.989 19.41
4695.523 19.38
4698.058 19.34
4700.593 19.29
4703.128 19.23
4705.663 19.17
4708.197 19.09
4710.732 18.96
4713.267 18.79
4715.802 18.62
4718.337 18.68
4720.871 18.80
4723.406 18.90
4725.941 18.98
4728.476 19.07
4731.011 19.14
4733.545 19.20
4736.080 19.25
4738.615 19.30
4741.150 19.33
4743.685 19.35
4746.219 19.37
4748.754 19.37
4751.289 19.37
4753.824 19.36
4756.359 19.34
4758.893 19.30
4761.428 19.26
4763.963 19.20
4766.498 19.14
4769.033 19.07
4771.567 18.99
4774.102 18.87
4776.637 18.75
4779.172 18.54
4781.707 18.60
4784.241 18.72
4786.776 18.82
4789.311 18.90
4791.846 18.99
4794.381 19.06
4796.915 19.12
4799.450 19.17
4801.985 19.21
4804.520 19.23
4807.055 19.25
4809.589 19.27
4812.124 19.28
4814.659 19.27
4817.194 19.26
4819.729 19.25
4822.263 19.22
4824.798 19.18
4827.333 19.13
4829.868 19.06
4832.403 19.00
4834.937 18.92
4837.472 18.83
4840.007 18.72
4842.542 18.56
4845.077 18.43
4847.611 18.57
4850.146 18.69
4852.681 18.79
4855.216 18.86
4857.751 18.84
4860.285 18.74
4862.820 18.80
4865.355 18.90
4867.890 19.05
4870.425 19.14
4872.959 19.17
4875.494 19.17
4878.029 19.16
4880.564 19.14
4883.099 19.12
4885.633 19.10
4888.168 19.08
4890.703 19.05
4893.238 19.00
4895.773 18.94
4898.307 18.87
4900.842 18.79
4903.377 18.70
4905.912 18.59
4908.447 18.44
4910.981 18.26
4913.516 18.34
4916.051 18.45
4918.586 18.53
4921.121 18.54
4923.656 18.52
4926.190 18.69
4928.725 18.82
4931.260 18.86
4933.795 18.88
4936.330 18.90
4938.864 18.91
4941.399 18.91
4943.934 18.91
4946.469 18.91
4949.004 18.91
4951.538 18.89
4954.073 18.86
4956.608 18.83
4959.143 18.78
4961.678 18.73
4964.212 18.67
4966.747 18.59
4969.282 18.52
4971.817 18.42
4974.352 18.31
4976.886 18.13
4979.421 17.91
4981.956 17.99
4984.491 18.08
4987.026 18.16
4989.560 18.23
4992.095 18.30
4994.630 18.35
4997.165 18.40
4999.700 18.44
5002.234 18.44
5004.769 18.45
5007.304 18.47
5009.839 18.48
5012.374 18.47
5014.908 18.41
5017.443 18.39
5019.978 18.41
5022.513 18.37
5025.048 18.32
5027.582 18.26
5030.117 18.20
5032.652 18.13
5035.187 18.06
5037.722 17.97
5040.256 17.88
5042.791 17.76
5045.326 17.62
5047.861 17.39
5050.396 17.14
5052.930 16.88
5055.465 16.54
5058.000 16.17
