# lambda zeropoint
9148.8 17.031192426032497
9153.0 17.134354213442876
9157.2 17.230931743897855
9161.4 17.321079809078007
9165.6 17.404953200664014
9169.8 17.482706710336412
9174.0 17.554495129775876
9178.2 17.620473250662982
9182.4 17.680795864678302
9186.6 17.735617763502503
9190.8 17.78509373881614
9195.0 17.82937858229985
9199.2 17.868627085634248
9203.4 17.902994040499916
9207.6 17.93263423857748
9211.8 17.957702471547535
9216.0 17.978353531090697
9220.2 17.99474220888757
9224.4 18.00702329661875
9228.6 18.015351585964858
9232.8 18.019881868606497
9237.0 18.020768936224272
9241.2 18.018167580498794
9245.4 18.01223259311066
9249.6 18.00311876574049
9253.8 17.990980890068883
9258.0 17.975973757776448
9262.2 17.958252160543783
9266.4 17.937970890051517
9270.6 17.91528473798023
9274.8 17.890348496010557
9279.0 17.863316955823077
9283.2 17.834344909098423
9287.4 17.803587147517188
9291.6 17.77119846275997
9295.8 17.7373336465074
9300.0 17.70214749044005
9304.2 17.665794786238557
9308.4 17.628430325583526
9312.6 17.590208900155545
9316.8 17.55128530163525
9321.0 17.511814321703213
9325.2 17.471950752040076
9329.4 17.431849384326426
9333.6 17.391665010242857
9337.8 17.35155242147001
9342.0 17.311666409688456
9346.2 17.272161766578815
9350.4 17.23319328382172
9354.6 17.19491575309774
9358.8 17.15748396608751
9363.0 17.12105271447161
9367.2 17.08577678993067
9371.4 17.05181098414531
9375.6 17.019310088796086
9379.8 16.988428895563654
9384.0 16.95932219612859
9388.2 16.932144782171505
9392.4 16.907051445373032
9396.6 16.884196977413744
9400.8 16.863736169974278
9405.0 16.845823814735216
9409.2 16.830614703377172
9413.4 16.818263627580777
8909.4 17.600736736381894
8913.6 17.646340432218928
8917.8 17.690359355962197
8922.0 17.73278845928128
8926.2 17.77362269384569
8930.4 17.812857011325004
8934.6 17.850486363388786
8938.8 17.88650570170655
8943.0 17.920909977947908
8947.2 17.953694143782382
8951.4 17.984853150879502
8955.6 18.014381950908877
8959.8 18.04227549554002
8964.0 18.068528736442502
8968.2 18.09313662528588
8972.4 18.116094113739695
8976.6 18.13739615347351
8980.8 18.15703769615688
8985.0 18.175013693459366
8989.2 18.191319097050506
8993.4 18.205948858599864
8997.6 18.218897929776997
9001.8 18.230161262251443
9006.0 18.239733807692783
9010.2 18.247610517770553
9014.4 18.25378634415431
9018.6 18.258256238513614
9022.8 18.261015152518013
9027.0 18.262058037837065
9031.2 18.26137984614032
9035.4 18.258975529097334
9039.6 18.254840038377665
9043.8 18.24896832565087
9048.0 18.241355342586495
9052.2 18.231996040854096
9056.4 18.220885372123238
9060.6 18.20801828806346
9064.8 18.193389740344326
9069.0 18.176994680635385
9073.2 18.15882806060619
9077.4 18.13888483192631
9081.6 18.117159946265286
9085.8 18.093648355292675
9090.0 18.068345010678023
9094.2 18.041244864090903
9098.4 18.01234286720086
9102.6 17.981633971677436
9106.8 17.94911312919022
9111.0 17.914775291408716
9115.2 17.878615410002507
9119.4 17.84062843664118
9123.6 17.800809322994223
9127.8 17.759153020731237
9132.0 17.715654481521767
9136.2 17.67030865703534
9140.4 17.62311049894155
9144.6 17.57405495890994
9148.8 17.52313698861006
9153.0 17.470351539711437
9157.2 17.41569356388368
9161.4 17.35915801279631
9165.6 17.300739838118865
8682.6 17.70601562959046
8686.8 17.763436448396142
8691.0 17.81879811984468
8695.2 17.87210160415318
8699.4 17.923347861538815
8703.6 17.972537852218807
8707.8 18.0196725364103
8712.0 18.064752874330473
8716.2 18.107779826196502
8720.4 18.148754352225552
8724.6 18.18767741263481
8728.8 18.224549967641423
8733.0 18.259372977462597
8737.2 18.292147402315507
8741.4 18.322874202417285
8745.6 18.351554337985146
8749.8 18.378188769236246
8754.0 18.402778456387765
8758.2 18.425324359656873
8762.4 18.445827439260736
8766.6 18.464288655416553
8770.8 18.480708968341467
8775.0 18.495089338252672
8779.2 18.507430725367342
8783.4 18.517734089902632
8787.6 18.526000392075733
8791.8 18.53223059210381
8796.0 18.53642565020405
8800.2 18.53858652659361
8804.4 18.538714181489667
8808.6 18.5368095751094
8812.8 18.532873667669985
8817.0 18.52690741938859
8821.2 18.518911790482388
8825.4 18.50888774116856
8829.6 18.496836231664272
8833.8 18.482758222186707
8838.0 18.466654672953016
8842.2 18.448526544180403
8846.4 18.42837479608603
8850.6 18.40620038888705
8854.8 18.38200428280068
8859.0 18.355787438044054
8863.2 18.32755081483436
8867.4 18.297295373388774
8871.6 18.265022073924467
8875.8 18.230731876658627
8880.0 18.194425741808384
8884.2 18.15610462959096
8888.4 18.115769500223525
8892.6 18.073421313923223
8896.8 18.029061030907247
8901.0 17.98268961139276
8905.2 17.934308015596944
8909.4 17.883917203736974
8913.6 17.831518136030017
8917.8 17.777111772693274
8922.0 17.720699073943873
8926.2 17.662280999998988
8930.4 17.60185851107586
8464.2 17.665759285362828
8468.4 17.7324970068201
8472.6 17.796820385550443
8476.8 17.858735491491107
8481.0 17.918248394579436
8485.2 17.97536516475263
8489.4 18.030091871947974
8493.6 18.082434586102803
8497.8 18.132399377154304
8502.0 18.179992315039815
8506.2 18.22521946969661
8510.4 18.26808691106191
8514.6 18.308600709073037
8518.8 18.34676693366725
8523.0 18.382591654781827
8527.2 18.416080942354036
8531.4 18.447240866321156
8535.6 18.47607749662046
8539.8 18.50259690318921
8544.0 18.526805155964716
8548.2 18.548708324884217
8552.4 18.56831247988499
8556.6 18.585623690904338
8560.8 18.6006480278795
8565.0 18.613391560747772
8569.2 18.62386035944643
8573.4 18.632060493912725
8577.6 18.637998034083953
8581.8 18.641679049897384
8586.0 18.64310961129029
8590.2 18.642295788199945
8594.4 18.63924365056362
8598.6 18.6339592683186
8602.8 18.62644871140215
8607.0 18.61671804975154
8611.2 18.604773353304058
8615.4 18.59062069199698
8619.6 18.574266135767555
8623.8 18.555715754553084
8628.0 18.53497561829083
8632.2 18.512051796918055
8636.4 18.486950360372067
8640.6 18.459677378590108
8644.8 18.430238921509467
8649.0 18.398641059067412
8653.2 18.364889861201224
8657.4 18.32899139784817
8661.6 18.29095173894553
8665.8 18.250776954430595
8670.0 18.20847311424059
8674.2 18.164046288312832
8678.4 18.117502546584603
8682.6 18.068847958993118
8686.8 18.01808859547573
8691.0 17.96523052596966
8695.2 17.910279820412168
8699.4 17.853242548740603
8703.6 17.79412478089217
8258.4 17.59311761327087
8262.6 17.667103625787945
8266.8 17.738309775715
8271.0 17.80674827768183
8275.2 17.872431346318155
8279.4 17.935371196253687
8283.6 17.995580042118224
8287.8 18.05307009854143
8292.0 18.107853580153147
8296.2 18.159942701583063
8300.4 18.209349677460903
8304.6 18.25608672241645
8308.8 18.300166051079405
8313.0 18.34159987807955
8317.2 18.3804004180466
8321.4 18.416579885610293
8325.6 18.45015049540039
8329.8 18.481124462046616
8334.0 18.50951400017873
8338.2 18.535331324426465
8342.4 18.558588649419548
8346.6 18.57929818978775
8350.8 18.597472160160784
8355.0 18.613122775168417
8359.2 18.626262249440376
8363.4 18.636902797606407
8367.6 18.645056634296253
8371.8 18.650735974139646
8376.0 18.653953031766342
8380.2 18.65472002180607
8384.4 18.653049158888585
8388.6 18.64895265764362
8392.8 18.64244273270092
8397.0 18.63353159869022
8401.2 18.62223147024127
8405.4 18.608554561983823
8409.6 18.59251308854759
8413.8 18.57411926456234
8418.0 18.553385304657795
8422.2 18.53032342346371
8426.4 18.504945835609828
8430.6 18.477264755725876
8434.8 18.44729239844162
8439.0 18.415040978386774
8443.2 18.380522710191094
8447.4 18.343749808484336
8451.6 18.304734487896212
8455.8 18.263488963056492
8460.0 18.220025448594892
8464.2 18.174356159141162
8468.4 18.12649330932507
8472.6 18.076449113776313
8476.8 18.02423578712468
8481.0 17.969865543999866
8485.2 17.913350599031638
8489.4 17.854703166849752
8493.6 17.793935462083915
8061.0 17.651495411989764
8065.2 17.72190335895367
8069.4 17.78969810069295
8073.6 17.854882998291874
8077.8 17.917461412834754
8082.0 17.977436705405868
8086.2 18.03481223708952
8090.4 18.08959136896998
8094.6 18.141777462131596
8098.8 18.191373877658602
8103.0 18.2383839766353
8107.2 18.282811120146015
8111.4 18.32465866927502
8115.6 18.36392998510662
8119.8 18.400628428725067
8124.0 18.4347573612147
8128.2 18.46632014365979
8132.4 18.495320137144635
8136.6 18.52176070275353
8140.8 18.54564520157076
8145.0 18.56697699468063
8149.2 18.58575944316742
8153.4 18.60199590811542
8157.6 18.615689750608944
8161.8 18.626844331732265
8166.0 18.635463012569684
8170.2 18.64154915420549
8174.4 18.645106117723977
8178.6 18.64613726420944
8182.8 18.64464595474617
8187.0 18.64063555041846
8191.2 18.634109412310604
8195.4 18.62507090150689
8199.6 18.613523379091614
8203.8 18.599470206149082
8208.0 18.582914743763553
8212.2 18.563860353019347
8216.4 18.542310395000765
8220.6 18.51826823079206
8224.8 18.491737221477575
8229.0 18.46272072814155
8233.2 18.43122211186832
8237.4 18.397244733742177
8241.6 18.360791954847368
8245.8 18.321867136268246
8250.0 18.280473639089067
8254.2 18.236614824394106
8258.4 18.190294053267724
8262.6 18.14151468679415
8266.8 18.090280086057714
8271.0 18.03659361214266
8275.2 17.980458626133327
8279.4 17.921878489113997
8283.6 17.860856562168962
8287.8 17.797396206382533
7876.2 17.665787116447508
7880.4 17.748935069123746
7884.6 17.828653442993083
7888.8 17.904962033896556
7893.0 17.97788063767533
7897.2 18.04742905017046
7901.4 18.11362706722307
7905.6 18.176494484674297
7909.8 18.2360510983652
7914.0 18.29231670413692
7918.2 18.34531109783053
7922.4 18.395054075287145
7926.6 18.441565432347907
7930.8 18.484864964853866
7935.0 18.52497246864616
7939.2 18.561907739565903
7943.4 18.595690573454167
7947.6 18.626340766152094
7951.8 18.65387811350076
7956.0 18.678322411341277
7960.2 18.69969345551477
7964.4 18.71801104186232
7968.6 18.73329496622505
7972.8 18.745565024444048
7977.0 18.754841012360437
7981.2 18.76114272581531
7985.4 18.764489960649783
7989.6 18.764902512704953
7993.8 18.762400177821934
7998.0 18.75700275184182
8002.2 18.748730030605728
8006.4 18.737601809954754
8010.6 18.72363788573001
8014.8 18.706858053772592
8019.0 18.687282109923625
8023.2 18.664929850024198
8027.4 18.63982106991541
8031.6 18.611975565438392
8035.8 18.581413132434218
8040.0 18.548153566744023
8044.2 18.512216664208903
8048.4 18.47362222066996
8052.6 18.432390031968282
8056.8 18.388539893944994
8061.0 18.342091602441215
8065.2 18.293064953298035
8069.4 18.241479742356564
8073.6 18.187355765457877
8077.8 18.13071281844313
8082.0 18.07157069715338
8086.2 18.00994919742978
8090.4 17.94586811511341
8094.6 17.879347246045356
7695.6 17.586442146089226
7699.8 17.676264532113592
7704.0 17.762498958680997
7708.2 17.845160285515448
7712.4 17.92426337234105
7716.6 17.999823078881903
7720.8 18.071854264862043
7725.0 18.140371790005528
7729.2 18.20539051403647
7733.4 18.2669252966789
7737.6 18.32499099765693
7741.8 18.379602476694593
7746.0 18.430774593515995
7750.2 18.478522207845177
7754.4 18.522860179406226
7758.6 18.563803367923228
7762.8 18.60136663312024
7767.0 18.635564834721322
7771.2 18.666412832450565
7775.4 18.693925486032025
7779.6 18.718117655189793
7783.8 18.73900419964792
7788.0 18.756599979130495
7792.2 18.770919853361576
7796.4 18.781978682065247
7800.6 18.78979132496557
7804.8 18.79437264178662
7809.0 18.795737492252467
7813.2 18.79390073608719
7817.4 18.788877233014855
7821.6 18.780681842759527
7825.8 18.76932942504529
7830.0 18.75483483959621
7834.2 18.737212946136363
7838.4 18.71647860438981
7842.6 18.692646674080628
7846.8 18.665732014932896
7851.0 18.635749486670676
7855.2 18.60271394901805
7859.4 18.56664026169909
7863.6 18.527543284437844
7867.8 18.4854378769584
7872.0 18.440338898984844
7876.2 18.39226121024124
7880.4 18.341219670451633
7884.6 18.287229139340116
7888.8 18.23030447663078
7893.0 18.17046054204766
7897.2 18.107712195314864
7901.4 18.042074296156446
7905.6 17.97356170429645
7909.8 17.902189279458977
7914.0 17.827971881368118
7523.4 17.48167109113983
7527.6 17.58444880499835
7531.8 17.682424681837777
7536.0 17.77565882679933
7540.2 17.864211345024287
7544.4 17.948142341653927
7548.6 18.02751192182946
7552.8 18.102380190692106
7557.0 18.172807253383137
7561.2 18.238853215043825
7565.4 18.300578180815364
7569.6 18.358042255839052
7573.8 18.411305545256102
7578.0 18.460428154207747
7582.2 18.50547018783525
7586.4 18.546491751279877
7590.6 18.583552949682844
7594.8 18.616713888185398
7599.0 18.646034671928792
7603.2 18.67157540605428
7607.4 18.69339619570309
7611.6 18.71155714601649
7615.8 18.7261183621357
7620.0 18.737139949201975
7624.2 18.744682012356567
7628.4 18.748804656740717
7632.6 18.74956798749567
7636.8 18.74703210976267
7641.0 18.741257128682964
7645.2 18.732303149397797
7649.4 18.72023027704842
7653.6 18.705098616776063
7657.8 18.686968273721984
7662.0 18.66589935302743
7666.2 18.641951959833648
7670.4 18.615186199281865
7674.6 18.58566217651334
7678.8 18.553439996669326
7683.0 18.518579764891065
7687.2 18.481141586319783
7691.4 18.441185566096753
7695.6 18.398771809363193
7699.8 18.353960421260357
7704.0 18.30681150692952
7708.2 18.257385171511903
7712.4 18.20574152014873
7716.6 18.15194065798127
7720.8 18.096042690150785
7725.0 18.038107721798504
7729.2 17.97819585806565
7733.4 17.916367204093508
7737.6 17.852681865023282
7359.6 17.44961859767035
7363.8 17.556192261519982
7368.0 17.658189814387296
7372.2 17.755641077052733
7376.4 17.848575870296877
7380.6 17.937024014900203
7384.8 18.021015331643206
7389.0 18.100579641306453
7393.2 18.17574676467043
7397.4 18.246546522515626
7401.6 18.31300873562261
7405.8 18.375163224771867
7410.0 18.433039810743892
7414.2 18.486668314319243
7418.4 18.536078556278394
7422.6 18.581300357401908
7426.8 18.62236353847024
7431.0 18.65929792026395
7435.2 18.692133323563525
7439.4 18.720899569149502
7443.6 18.745626477802386
7447.8 18.766343870302688
7452.0 18.78308156743092
7456.2 18.795869389967603
7460.4 18.804737158693253
7464.6 18.809714694388383
7468.8 18.810831817833506
7473.0 18.80811834980914
7477.2 18.80160411109579
7481.4 18.791318922473984
7485.6 18.777292604724224
7489.8 18.759554978627033
7494.0 18.738135864962924
7498.2 18.713065084512415
7502.4 18.68437245805601
7506.6 18.65208780637423
7510.8 18.616240950247587
7515.0 18.576861710456612
7519.2 18.53397990778179
7523.4 18.487625363003666
7527.6 18.437827896902707
7531.8 18.3846173302595
7536.0 18.328023483854494
7540.2 18.268076178468256
7544.4 18.20480523488125
7548.6 18.138240473874017
7552.8 18.06841171622709
7557.0 17.995348782720935
7561.2 17.9190814941361
7565.4 17.83963967125312
7569.6 17.757053134852455
7204.2 17.42894871634616
7208.4 17.531318997804757
7212.6 17.629944472439
7216.8 17.72480459811057
7221.0 17.815878832681264
7225.2 17.903146634012828
7229.4 17.98658745996702
7233.6 18.066180768405612
7237.8 18.14190601719031
7242.0 18.213742664182888
7246.2 18.281670167245107
7250.4 18.34566798423872
7254.6 18.405715573025493
7258.8 18.46179239146714
7263.0 18.513877897425438
7267.2 18.56195154876214
7271.4 18.605992803339
7275.6 18.645981119017776
7279.8 18.681895953660206
7284.0 18.713716765128048
7288.2 18.741423011283064
7292.4 18.764994149987
7296.6 18.784409639101607
7300.8 18.799648936488644
7305.0 18.810691500009867
7309.2 18.817516787527023
7313.4 18.82010425690186
7317.6 18.818433365996142
7321.8 18.812483572671617
7326.0 18.802234334790043
7330.2 18.787665110213165
7334.4 18.76875535680274
7338.6 18.745484532420512
7342.8 18.717832094928255
7347.0 18.685777502187708
7351.2 18.649300212060627
7355.4 18.608379682408764
7359.6 18.56299537109386
7363.8 18.513126735977696
7368.0 18.45875323492201
7372.2 18.39985432578855
7376.4 18.336409466439083
7380.6 18.268398114735326
7384.8 18.195799728539082
7389.0 18.118593765712085
7393.2 18.03675968411608
7397.4 17.95027694161283
7401.6 17.859124996064054
7405.8 17.763283305331562
7053.0 17.228598560407733
7057.2 17.356573297043024
7061.4 17.478817868076
7065.6 17.59537528373303
7069.8 17.7062885542405
7074.0 17.81160068982486
7078.2 17.911354700712558
7082.4 18.00559359712995
7086.6 18.0943603893035
7090.8 18.17769808745961
7095.0 18.255649701824655
7099.2 18.32825824262509
7103.4 18.39556672008735
7107.6 18.45761814443782
7111.8 18.514455525902907
7116.0 18.566121874709054
7120.2 18.61266020108265
7124.4 18.654113515250128
7128.6 18.690524827437915
7132.8 18.721937147872406
7137.0 18.74839348678002
7141.2 18.769936854387172
7145.4 18.786610260920295
7149.6 18.798456716605788
7153.8 18.80551923167007
7158.0 18.807840816339557
7162.2 18.80546448084066
7166.4 18.79843323539981
7170.6 18.786790090243404
7174.8 18.770578055597866
7179.0 18.74984014168962
7183.2 18.72461935874507
7187.4 18.694958716990637
7191.6 18.660901226652733
7195.8 18.622489897957788
7200.0 18.57976774113219
7204.2 18.53277776640239
7208.4 18.481562983994763
7212.6 18.426166404135753
7216.8 18.366631037051782
7221.0 18.302999892969257
7225.2 18.23531598211457
7229.4 18.163622314714182
7233.6 18.087961900994454
7237.8 18.00837775118186
7242.0 17.924912875502763
7246.2 17.83761028418363
7250.4 17.74651298745082
6910.2 17.120085106383044
6914.4 17.25577884234179
6918.6 17.385255054843423
6922.8 17.508560996512013
6927.0 17.625743919971516
6931.2 17.736851077846005
6935.4 17.84192972275951
6939.6 17.94102710733607
6943.8 18.034190484199712
6948.0 18.121467105974478
6952.2 18.202904225284392
6956.4 18.27854909475352
6960.6 18.348448967005833
6964.8 18.412651094665403
6969.0 18.47120273035626
6973.2 18.524151126702435
6977.4 18.57154353632796
6981.6 18.613427211856887
6985.8 18.64984940591322
6990.0 18.680857371120997
6994.2 18.706498360104263
6998.4 18.726819625487046
7002.6 18.741868419893386
7006.8 18.75169199594731
7011.0 18.75633760627285
7015.2 18.75585250349404
7019.4 18.750283940234915
7023.6 18.739679169119505
7027.8 18.72408544277185
7032.0 18.70355001381598
7036.2 18.67812013487593
7040.4 18.64784305857573
7044.6 18.6127660375394
7048.8 18.57293632439101
7053.0 18.52840117175456
7057.2 18.479207832254097
7061.4 18.425403558513658
7065.6 18.367035603157248
7069.8 18.30415121880894
7074.0 18.23679765809275
7078.2 18.16502217363271
7082.4 18.08887201805286
7086.6 18.008394443977203
7090.8 17.923636704029814
7095.0 17.834646050834717
7099.2 17.741469737015933
7103.4 17.644155015197505
6771.6 17.08626772501868
6775.8 17.23189170774638
6780.0 17.37017995145989
6784.2 17.50122114358547
6788.4 17.625103971549397
6792.6 17.741917122777974
6796.8 17.851749284697405
6801.0 17.95468914473399
6805.2 18.05082539031401
6809.4 18.140246708863728
6813.6 18.22304178780944
6817.8 18.299299314577368
6822.0 18.369107976593817
6826.2 18.432556461285046
6830.4 18.48973345607733
6834.6 18.540727648396956
6838.8 18.58562772567016
6843.0 18.624522375323235
6847.2 18.65750028478245
6851.4 18.684650141474076
6855.6 18.70606063282439
6859.8 18.72182044625965
6864.0 18.73201826920613
6868.2 18.736742789090105
6872.4 18.73608269333785
6876.6 18.730126669375625
6880.8 18.718963404629708
6885.0 18.702681586526374
6889.2 18.681369902491884
6893.4 18.65511703995252
6897.6 18.624011686334537
6901.8 18.58814252906422
6906.0 18.547598255567838
6910.2 18.502467553271664
6914.4 18.452839109601964
6918.6 18.398801611984993
6922.8 18.34044374784706
6927.0 18.27785420461441
6931.2 18.21112166971332
6935.4 18.140334830570065
6939.6 18.065582374610884
6943.8 17.986952989262097
6948.0 17.904535361949954
6952.2 17.81841818010073
6956.4 17.728690131140688
6960.6 17.635439902496074
6641.4 17.10586728642881
6645.6 17.2537758469551
6649.8 17.39433547734172
6654.0 17.52761089583611
6658.2 17.653666820685647
6662.4 17.772567970137736
6666.6 17.88437906243979
6670.8 17.989164815839146
6675.0 18.08698994858322
6679.2 18.17791917891941
6683.4 18.262017225095097
6687.6 18.3393488053577
6691.8 18.409978637954573
6696.0 18.47397144113312
6700.2 18.531391933140736
6704.4 18.58230483222481
6708.6 18.626774856632753
6712.8 18.66486672461192
6717.0 18.696645154409726
6721.2 18.72217486427355
6725.4 18.7415205724508
6729.6 18.754746997188853
6733.8 18.7619188567351
6738.0 18.763100869336945
6742.2 18.758357753241764
6746.4 18.747754226696962
6750.6 18.73135500794992
6754.8 18.709224815248035
6759.0 18.681428366838695
6763.2 18.6480303809693
6767.4 18.609095575887228
6771.6 18.564688669839864
6775.8 18.51487438107463
6780.0 18.4597174278389
6784.2 18.39928252838006
6788.4 18.333634400945506
6792.6 18.262837763782613
6796.8 18.186957335138803
6801.0 18.10605783326146
6805.2 18.020203976397962
6809.4 17.929460482795715
6813.6 17.833892070702067
6817.8 17.733563458364475
6822.0 17.6285393640303
6826.2 17.518884505946932
6511.2 16.95075828492338
6515.4 17.111973326324836
6519.6 17.26542222704853
6523.8 17.411154742232934
6528.0 17.54922062701651
6532.2 17.679669636537724
6536.4 17.802551525935012
6540.6 17.917916050346943
6544.8 18.025812964911875
6549.0 18.126292024768283
6553.2 18.21940298505469
6557.4 18.30519560090954
6561.6 18.383719627471283
6565.8 18.4550248198784
6570.0 18.51916093326935
6574.2 18.5761777227826
6578.4 18.6261249435566
6582.6 18.669052350729864
6586.8 18.705009699440815
6591.0 18.734046744827914
6595.2 18.75621324202966
6599.4 18.7715589461845
6603.6 18.780133612430898
6607.8 18.78198699590733
6612.0 18.777168851752254
6616.2 18.765728935104143
6620.4 18.747717001101453
6624.6 18.723182804882654
6628.8 18.69217610158622
6633.0 18.654746646350606
6637.2 18.6109441943143
6641.4 18.560818500615735
6645.6 18.50441932039337
6649.8 18.441796408785738
6654.0 18.372999520931238
6658.2 18.298078411968362
6662.4 18.21708283703557
6666.6 18.130062551271333
6670.8 18.03706730981411
6675.0 17.938146867802374
6679.2 17.83335098037462
6683.4 17.722729402669255
6687.6 17.606331889824734
6691.8 17.484208196979637
6696.0 17.356408079272313
6389.4 16.914525638853462
6393.6 17.081539878159287
6397.8 17.240115301601406
6402.0 17.39032528283132
6406.2 17.532243195500488
6410.4 17.665942413260357
6414.6 17.79149630976243
6418.8 17.90897825865808
6423.0 18.0184616335988
6427.2 18.12001980823605
6431.4 18.213726156221288
6435.6 18.29965405120598
6439.8 18.377876866841547
6444.0 18.448467976779458
6448.2 18.51150075467118
6452.4 18.567048574168155
6456.6 18.615184808921857
6460.8 18.655982832583717
6465.0 18.689516018805204
6469.2 18.715857741237766
6473.4 18.735081373532868
6477.6 18.747260289341963
6481.8 18.752467862316497
6486.0 18.750777466107934
6490.2 18.74226247436773
6494.4 18.726996260747338
6498.6 18.7050521988982
6502.8 18.6765036624718
6507.0 18.641424025119573
6511.2 18.59988666049298
6515.4 18.551964942243472
6519.6 18.497732244022494
6523.8 18.43726193948153
6528.0 18.370627402272017
6532.2 18.29790200604542
6536.4 18.219159124453185
6540.6 18.13447213114674
6544.8 18.0439143997776
6549.0 17.94755930399719
6553.2 17.845480217456963
6557.4 17.737750513808376
6561.6 17.624443566702855
6565.8 17.505632749791918
6271.8 16.846275853947567
6276.0 17.019349368697405
6280.2 17.18386457090321
6284.4 17.33986600555039
6288.6 17.48739821762425
6292.8 17.626505752110116
6297.0 17.75723315399342
6301.2 17.87962496825944
6305.4 17.993725739893577
6309.6 18.09958001388122
6313.8 18.197232335207687
6318.0 18.28672724885832
6322.2 18.3681092998185
6326.4 18.4414230330736
6330.6 18.50671299360896
6334.8 18.564023726409925
6339.0 18.613399776461875
6343.2 18.654885688750152
6347.4 18.688526008260123
6351.6 18.714365279977144
6355.8 18.732448048886575
6360.0 18.742818859973763
6364.2 18.745522258224074
6368.4 18.740602788622866
6372.6 18.72810499615549
6376.8 18.708073425807314
6381.0 18.680552622563685
6385.2 18.64558713140997
6389.4 18.60322149733153
6393.6 18.553500265313687
6397.8 18.49646798034185
6402.0 18.43216918740136
6406.2 18.360648431477546
6410.4 18.281950257555813
6414.6 18.196119210621465
6418.8 18.103199835659915
6423.0 18.003236677656467
6427.2 17.896274281596533
6431.4 17.782357192465412
6435.6 17.66152995524849
6439.8 17.53383711493116
6444.0 17.39932321649875
6158.4 16.76786257191471
6162.6 16.94928840076546
6166.8 17.121501031255224
6171.0 17.2845478400164
6175.2 17.438476203681333
6179.4 17.583333498882222
6183.6 17.719167102251443
6187.8 17.84602439042122
6192.0 17.963952740023917
6196.2 18.07299952769176
6200.4 18.17321213005711
6204.6 18.26463792375222
6208.8 18.347324285409375
6213.0 18.42131859166089
6217.2 18.486668219139077
6221.4 18.54342054447619
6225.6 18.591622944304564
6229.8 18.631322795256477
6234.0 18.662567473964202
6238.2 18.68540435706006
6242.4 18.69988082117635
6246.6 18.706044242945346
6250.8 18.703941998999355
6255.0 18.693621465970672
6259.2 18.675130020491583
6263.4 18.648515039194393
6267.6 18.613823898711388
6271.8 18.571103975674863
6276.0 18.520402646717127
6280.2 18.461767288470472
6284.4 18.39524527756716
6288.6 18.320883990639516
6292.8 18.238730804319847
6297.0 18.148833095240402
6301.2 18.051238240033534
6305.4 17.94599361533151
6309.6 17.83314659776659
6313.8 17.7127445639711
6318.0 17.58483489057737
6322.2 17.449464954217657
6326.4 17.306682131524227
6045.0 16.513225611597672
6049.2 16.70786056824624
6053.4 16.89328097030589
6057.6 17.069494116207117
6061.8 17.236507304380254
6066.0 17.394327833255794
6070.2 17.542963001264187
6074.4 17.682420106835867
6078.6 17.812706448401276
6082.8 17.933829324390853
6087.0 18.045796033235042
6091.2 18.14861387336428
6095.4 18.24229014320901
6099.6 18.3268321411997
6103.8 18.402247165766735
6108.0 18.468542515340584
6112.2 18.52572548835169
6116.4 18.57380338323049
6120.6 18.61278349840744
6124.8 18.642673132312954
6129.0 18.66347958337748
6133.2 18.67521015003147
6137.4 18.677872130705367
6141.6 18.671472823829596
6145.8 18.65601952783461
6150.0 18.631519541150844
6154.2 18.597980162208742
6158.4 18.55540868943875
6162.6 18.50381242127128
6166.8 18.44319865613681
6171.0 18.373574692465773
6175.2 18.2949478286886
6179.4 18.207325363235732
6183.6 18.110714594537615
6187.8 18.00512282102469
6192.0 17.890557341127394
6196.2 17.76702545327617
6200.4 17.63453445590146
6204.6 17.493091647433655
6208.8 17.342704326303288
6213.0 17.183379790940755
6217.2 17.0151253397765
5940.0 16.48247077369595
5944.2 16.684766005406942
5948.4 16.877109923542115
5952.6 17.059512971579295
5956.8 17.231985592996136
5961.0 17.394538231270474
5965.2 17.54718132988007
5969.4 17.689925332302693
5973.6 17.82278068201615
5977.8 17.945757822498134
5982.0 18.058867197226455
5986.2 18.162119249678877
5990.4 18.255524423333174
5994.6 18.339093161667133
5998.8 18.412835908158478
6003.0 18.476763106285002
6007.2 18.530885199524477
6011.4 18.57521263135467
6015.6 18.609755845253357
6019.8 18.634525284698288
6024.0 18.64953139316724
6028.2 18.65478461413799
6032.4 18.6502953910883
6036.6 18.636074167495934
6040.8 18.612131386838673
6045.0 18.578477492594278
6049.2 18.535122928240526
6053.4 18.482078137255172
6057.6 18.419353563115983
6061.8 18.34695964930075
6066.0 18.26490683928723
6070.2 18.173205576553197
6074.4 18.07186630457641
6078.6 17.96089946683461
6082.8 17.84031550680563
6087.0 17.710124867967213
6091.2 17.570337993797118
6095.4 17.420965327773118
6099.6 17.262017313372937
6103.8 17.093504394074436
6108.0 16.915437013355337
5839.2 16.444011882426484
5843.4 16.651932786939188
5847.6 16.84937437338592
5851.8 17.03633961600586
5856.0 17.212831489038177
5860.2 17.37885296672205
5864.4 17.534407023296612
5868.6 17.679496633001158
5872.8 17.814124770074745
5877.0 17.938294408756548
5881.2 18.052008523285814
5885.4 18.15527008790168
5889.6 18.248082076843325
5893.8 18.330447464349923
5898.0 18.402369224660642
5902.2 18.463850332014662
5906.4 18.514893760651145
5910.6 18.555502484809303
5914.8 18.58567947872827
5919.0 18.60542771664723
5923.2 18.614750172805376
5927.4 18.61364982144186
5931.6 18.602129636795876
5935.8 18.58019259310658
5940.0 18.547841664613163
5944.2 18.505079825554798
5948.4 18.451910050170643
5952.6 18.38833531269987
5956.8 18.314358587381694
5961.0 18.22998284845525
5965.2 18.135211070159723
5969.4 18.03004622673429
5973.6 17.914491292418123
5977.8 17.788549241450397
5982.0 17.65222304807029
5986.2 17.50551568651701
5990.4 17.348430131029666
5994.6 17.18096935584741
5998.8 17.00313633520956
5738.4 16.233311444652934
5742.6 16.453173694085145
5746.8 16.662202954905165
5751.0 16.860383490036927
5755.2 17.047699562404347
5759.4 17.224135434931316
5763.6 17.389675370541905
5767.8 17.544303632159856
5772.0 17.68800448270924
5776.2 17.820762185113924
5780.4 17.942561002297854
5784.6 18.05338519718495
5788.8 18.153219032699152
5793.0 18.242046771764375
5797.2 18.31985267730454
5801.4 18.38662101224361
5805.6 18.442336039505506
5809.8 18.48698202201412
5814.0 18.520543222693426
5818.2 18.54300390446733
5822.4 18.554348330259767
5826.6 18.55456076299466
5830.8 18.54362546559595
5835.0 18.521526700987557
5839.2 18.48824873209342
5843.4 18.443775821837455
5847.6 18.388092233143595
5851.8 18.321182228935776
5856.0 18.243030072137916
5860.2 18.153620025673952
5864.4 18.05293635246784
5868.6 17.94096331544342
5872.8 17.817685177524712
5877.0 17.68308620163565
5881.2 17.537150650700095
5885.4 17.379862787642008
5889.6 17.21120687538532
5893.8 17.03116717685396
5898.0 16.839727954971853
5641.8 16.08509380863043
5646.0 16.317223758270007
5650.2 16.53790325034231
5654.4 16.74710467157192
5658.6 16.94480040868363
5662.8 17.130962848401907
5667.0 17.3055643774514
5671.2 17.468577382556834
5675.4 17.619974250442795
5679.6 17.759727367833914
5683.8 17.887809121454822
5688.0 18.004191898030154
5692.2 18.108848084284542
5696.4 18.2017500669426
5700.6 18.28287023272903
5704.8 18.352180968368394
5709.0 18.409654660585332
5713.2 18.45526369610451
5717.4 18.48898046165055
5721.6 18.510777343948078
5725.8 18.520626729721723
5730.0 18.518501005696127
5734.2 18.50437255859592
5738.4 18.478213775145736
5742.6 18.439997042070214
5746.8 18.389694746093973
5751.0 18.327279273941656
5755.2 18.252723012337917
5759.4 18.16599834800735
5763.6 18.06707766767457
5767.8 17.955933358064307
5772.0 17.8325378059011
5776.2 17.696863397909617
5780.4 17.548882520814487
5784.6 17.388567561340345
5788.8 17.215890906211822
5793.0 17.030824942153554
5797.2 16.833342055890228
5801.4 16.62341463414637
5549.4 15.898231954181878
5553.6 16.143991390422745
5557.8 16.377659294527085
5562.0 16.599194651351254
5566.2 16.808556445751545
5570.4 17.00570366258424
5574.6 17.19059528670568
5578.8 17.3631903029721
5583.0 17.523447696239746
5587.2 17.67132645136496
5591.4 17.806785553204026
5595.6 17.929783986613263
5599.8 18.040280736448896
5604.0 18.138234787567256
5608.2 18.22360512482464
5612.4 18.2963507330773
5616.6 18.356430597181568
5620.8 18.40380370199369
5625.0 18.438429032369978
5629.2 18.460265573166726
5633.4 18.469272309240214
5637.6 18.465408225446737
5641.8 18.44863230664257
5646.0 18.41890353768402
5650.2 18.37618090342737
5654.4 18.320423388728912
5658.6 18.251589978444912
5662.8 18.1696396574317
5667.0 18.07453141054554
5671.2 17.966224222642694
5675.4 17.84467707857952
5679.6 17.709848963212224
5683.8 17.56169886139718
5688.0 17.400185757990638
5692.2 17.225268637848885
5696.4 17.036906485828215
5700.6 16.83505828678486
5704.8 16.619683025575156
5461.2 15.706338220811906
5465.4 15.957484407484415
5469.6 16.196446000656536
5473.8 16.423140880818913
5478.0 16.63748692846218
5482.2 16.839402024076918
5486.4 17.02880404815387
5490.6 17.205610881183663
5494.8 17.36974040365684
5499.0 17.521110496064047
5503.2 17.659639038896003
5507.4 17.785243912643296
5511.6 17.89784299779656
5515.8 17.997354174846443
5520.0 18.083695324283568
5524.2 18.156784326598558
5528.4 18.216539062282095
5532.6 18.26287741182479
5536.8 18.295717255717257
5541.0 18.314976474450162
5545.2 18.32057294851413
5549.4 18.312424558399794
5553.6 18.290449184597797
5557.8 18.254564707598767
5562.0 18.20468900789334
5566.2 18.14073996597218
5570.4 18.06263546232588
5574.6 17.970293377445067
5578.8 17.86363159182046
5583.0 17.742567985942607
5587.2 17.60702044030218
5591.4 17.45690683538981
5595.6 17.292145051696128
5599.8 17.112652969711778
5604.0 16.9183484699274
5608.2 16.70914943283367
5612.4 16.484973738921127
5373.0 15.533305066199809
5377.2 15.788187256082002
5381.4 16.030513289460668
5385.6 16.260196369608146
5389.8 16.477149699796772
5394.0 16.68128648329888
5398.2 16.87251992338681
5402.4 17.050763223332854
5406.6 17.215929586409477
5410.8 17.36793221588889
5415.0 17.50668431504343
5419.2 17.63209908714551
5423.4 17.74408973546743
5427.6 17.842569463281524
5431.8 17.92745147386013
5436.0 17.998648970475585
5440.2 18.056075156400222
5444.4 18.099643234906374
5448.6 18.1292664092664
5452.8 18.144857882752607
5457.0 18.146330858637352
5461.2 18.13359854019296
5465.4 18.10657413069177
5469.6 18.06517083340612
5473.8 18.009301851608345
5478.0 17.938880388570784
5482.2 17.853819647565793
5486.4 17.75403283186566
5490.6 17.639433144742725
5494.8 17.509933789469372
5499.0 17.365447969317948
5503.2 17.205888887560725
5507.4 17.031169747470063
5511.6 16.841203752318304
5515.8 16.635904105377787
5520.0 16.415184009920843
5524.2 16.178956669219872
5289.0 15.491873290294338
5293.2 15.763124807861612
5297.4 16.020002770776756
5301.6 16.26245287610615
5305.8 16.490420820916167
5310.0 16.703852302273372
5314.2 16.902693017244093
5318.4 17.086888662894825
5322.6 17.25638493629209
5326.8 17.41112753450216
5331.0 17.55106215459156
5335.2 17.676134493626762
5339.4 17.786290248674145
5343.6 17.881475116800203
5347.8 17.961634795071344
5352.0 18.026714980553994
5356.2 18.07666137031462
5360.4 18.111419661419664
5364.6 18.130935550935558
5368.8 18.135154735928733
5373.0 18.124022913465645
5377.2 18.09748578061272
5381.4 18.055489034436413
5385.6 17.997978372003143
5389.8 17.92489949037936
5394.0 17.83619808663153
5398.2 17.731819857826068
5402.4 17.611710501029393
5406.6 17.475815713307963
5410.8 17.324081191728258
5415.0 17.15645263335664
5419.2 16.972875735259638
5423.4 16.773296194503654
5427.6 16.557659708155068
5431.8 16.325911973280366
5436.0 16.07799868694606
5209.2 15.39430901578272
5213.4 15.6815304078957
5217.6 15.953531606150847
5221.8 16.210213271834014
5226.0 16.451476066231493
5230.2 16.67722065062934
5234.4 16.88734768631361
5238.6 17.081757834570563
5242.8 17.260351756686124
5247.0 17.42303011394653
5251.2 17.569693567637824
5255.4 17.700242779046174
5259.6 17.814578409457663
5263.8 17.9126011201584
5268.0 17.994211572434487
5272.2 18.05931042757203
5276.4 18.107798346857166
5280.6 18.13957599157599
5284.8 18.154544023014612
5289.0 18.15260310245914
5293.2 18.133653891195685
5297.4 18.09759705051036
5301.6 18.044333241689277
5305.8 17.973763126018532
5310.0 17.885787364784274
5314.2 17.780306619272565
5318.4 17.657221550769563
5322.6 17.516432820561292
5326.8 17.357841089933984
5331.0 17.181347020173654
5335.2 16.98685127256644
5339.4 16.77425450839851
5343.6 16.543457388955815
5347.8 16.29436057552468
5352.0 16.02686472939105
5129.4 15.09469769017135
5133.6 15.3884116252476
5137.8 15.667674263705235
5142.0 15.932294611003613
5146.2 16.18208167260177
5150.4 16.416844453958998
5154.6 16.636391960534382
5158.8 16.840533197787085
5163.0 17.02907717117627
5167.2 17.201832886161053
5171.4 17.35860934820068
5175.6 17.499215562754273
5179.8 17.623460535280984
5184.0 17.731153271239958
5188.2 17.822102776090397
5192.4 17.89611805529144
5196.6 17.953008114302243
5200.8 17.992581958581972
5205.0 18.01464859358978
5209.2 18.019017024784837
5213.4 18.0054962576263
5217.6 17.97389529757332
5221.8 17.92402315008508
5226.0 17.85568882062072
5230.2 17.768701314639397
5234.4 17.66286963760031
5238.6 17.53800279496253
5242.8 17.393909792185344
5247.0 17.230399634727807
5251.2 17.04728132804916
5255.4 16.84436387760848
5259.6 16.621456288864962
5263.8 16.378367567277778
5268.0 16.114906718306074
5272.2 15.830882747409088
5053.8 14.730252100840364
5058.0 15.061726508785299
5062.2 15.374830977845662
5066.4 15.669510953941685
5070.6 15.945711882993669
5074.8 16.203379210921916
5079.0 16.442458383646734
5083.2 16.662894847088374
5087.4 16.864634047167243
5091.6 17.047621429803627
5095.8 17.21180244091772
5100.0 17.357122526429933
5104.2 17.48352713226054
5108.4 17.59096170432984
5112.6 17.679371688558135
5116.8 17.74870253086573
5121.0 17.798899677172937
5125.2 17.829908573400044
5129.4 17.84167466546737
5133.6 17.834143399295208
5137.8 17.807260220803872
5142.0 17.760970575913657
5146.2 17.695219910544868
5150.4 17.60995367061781
5154.6 17.505117302052785
5158.8 17.380656250770095
5163.0 17.23651596269005
5167.2 17.072641883732985
5171.4 16.888979459819137
5175.6 16.685474136868788
5179.8 16.462071360802398
5184.0 16.218716577540114
5188.2 15.955355233002294
5192.4 15.671932773109239
4978.2 13.913736089030218
4982.4 14.272010819069584
4986.6 14.612851722998816
4990.8 14.93603400490739
4995.0 15.241332868885033
4999.2 15.528523519021615
5003.4 15.79738115940678
5007.6 16.047680994130246
5011.8 16.27919822728174
5016.0 16.49170806295097
5020.2 16.68498570522763
5024.4 16.858806358201512
5028.6 17.012945225962337
5032.8 17.14717751259972
5037.0 17.26127842220348
5041.2 17.355023158863304
5045.4 17.428186926668896
5049.6 17.480544929710025
5053.8 17.51187237207637
5058.0 17.521944457857654
5062.2 17.51053639114361
5066.4 17.47742337602395
5070.6 17.422380616588402
5074.8 17.34518331692668
5079.0 17.2456066811285
5083.2 17.123425913283622
5087.4 16.9784162174817
5091.6 16.81035279781245
5095.8 16.61901085836571
5100.0 16.404165603231075
5104.2 16.16559223649831
5108.4 15.903065962257195
5112.6 15.616361984597262
5116.8 15.305255507608422
4906.8 13.320327988711767
4911.0 13.661387917650623
4915.2 13.987363375644446
4919.4 14.297891271174851
4923.6 14.5926085127236
4927.8 14.871152008772242
4932.0 15.133158667802483
4936.2 15.378265398296138
4940.4 15.606109108734833
4944.6 15.816326707600307
4948.8 16.008555103374153
4953.0 16.182431204538116
4957.2 16.33759191957385
4961.4 16.473674156963124
4965.6 16.590314825187612
4969.8 16.687150832728953
4974.0 16.763819088068868
4978.2 16.819956499689038
4982.4 16.85519997607118
4986.6 16.86918642569697
4990.8 16.8615527570481
4995.0 16.831935878606256
4999.2 16.779972698853154
5003.4 16.70530012627045
5007.6 16.60755506933984
5011.8 16.486374436543038
5016.0 16.341395136361733
5020.2 16.172254077277607
5024.4 15.978588167772397
5028.6 15.760034316327665
5032.8 15.516229431425234
5037.0 15.246810421546751
5041.2 14.951414195173907
4835.4 12.370381874136415
4839.6 12.76321900367125
4843.8 13.135148732699637
4848.0 13.486095384609488
4852.2 13.815983282788627
4856.4 14.124736750624885
4860.6 14.412280111506146
4864.8 14.678537688820107
4869.0 14.923433805954666
4873.2 15.146892786297645
4877.4 15.348838953236871
4881.6 15.529196630160204
4885.8 15.68789014045542
4890.0 15.824843807510327
4894.2 15.939981954712785
4898.4 16.033228905450617
4902.6 16.104508983111657
4906.8 16.15374651108371
4911.0 16.180865812754618
4915.2 16.185791211512203
4919.4 16.16844703074429
4923.6 16.128757593838696
4927.8 16.066647224183264
4932.0 15.982040245165816
4936.2 15.874860980174171
4940.4 15.745033752596163
4944.6 15.592482885819578
4948.8 15.41713270323227
4953.0 15.218907528222102
4957.2 14.997731684176875
4961.4 14.753529494484411
4965.6 14.486225282532475
