# lambda zeropoint
4969.8 17.371871794871804
4974.0 17.669804601195906
4978.2 17.926600486470054
4982.4 18.140372960372932
4986.6 18.311267409173595
4990.8 18.44105858443617
4995.0 18.532748091725207
4999.2 18.59016187931062
5003.4 18.61754772687267
5007.6 18.61917273420706
5011.8 18.598920809929957
5016.0 18.559890160183063
5020.2 18.503990777338597
5024.4 18.431541928704394
5028.6 18.340869645228892
5032.8 18.227904210206265
5037.0 18.085777647981306
5041.2 17.90442121265465
5045.4 17.67016287678762
5049.6 17.365324820107396
5053.8 16.96782091821223
5058.0 16.45075423127594
5062.2 15.782014492753646
4898.4 17.37691871734642
4902.6 17.745245278297755
4906.8 18.0619661999326
4911.0 18.327496280751603
4915.2 18.54392858034484
4919.4 18.714662917492344
4923.6 18.844034368265188
4927.8 18.936941764125944
4932.0 18.998476190029756
4936.2 19.03354948252489
4940.4 19.046522727853613
4944.6 19.0408347600529
4948.8 19.01863065905525
4953.0 18.980390248789416
4957.2 18.924556595281217
4961.4 18.84716450475425
4965.6 18.74146902173069
4969.8 18.597573927132135
4974.0 18.402060236380176
4978.2 18.13761469749742
4982.4 17.78265828920797
4986.6 17.310974719038384
4990.8 16.691338921418712
4831.2 17.477973173993316
4835.4 17.86482124524638
4839.6 18.19966818545234
4843.8 18.482067653605846
4848.0 18.71356893274649
4852.2 18.897298416914637
4856.4 19.03754109810731
4860.6 19.13932205323441
4864.8 19.207987931074516
4869.0 19.24878843923109
4873.2 19.26645783108842
4877.4 19.2647963927676
4881.6 19.246251930082575
4885.8 19.211501255496188
4890.0 19.159031675076136
4894.2 19.08472247545101
4898.4 18.981426410766336
4902.6 18.838551189640494
4906.8 18.64164096212091
4911.0 18.371957806639937
4915.2 18.006063216970787
4919.4 17.515399589183858
4923.6 16.86587170860216
4764.0 17.341624860646615
4768.2 17.77048616600787
4772.4 18.13463925205228
4776.6 18.43896118374383
4780.8 18.688914523691416
4785.0 18.89030236354036
4789.2 19.049023355363182
4793.4 19.17082674305099
4797.6 19.261067393704703
4801.8 19.32446082902605
4806.0 19.364838256708964
4810.2 19.384901601830663
4814.4 19.385978538242842
4818.6 19.36777751996288
4822.8 19.32814281256501
4827.0 19.262809524571555
4831.2 19.165158638844012
4835.4 19.025972043974352
4839.6 18.833187565676106
4843.8 18.571653998175744
4848.0 18.22288613560351
4852.2 17.76481980338505
4856.4 17.171566889632103
4701.0 17.42212354287081
4705.2 17.84310422996948
4709.4 18.204222680662237
4713.6 18.508458815343666
4717.8 18.759899217766918
4722.0 18.963409437916088
4726.2 19.12430629487795
4730.4 19.248030179713723
4734.6 19.339817358331086
4738.8 19.404372274356014
4743.0 19.445539852004707
4747.2 19.465977798955418
4751.4 19.46682890922041
4755.6 19.44739336601777
4759.8 19.40480104464337
4764.0 19.33368381534268
4768.2 19.225847846182745
4772.4 19.069945905923944
4776.6 18.85114966689198
4780.8 18.55082200784988
4785.0 18.146189316869503
4789.2 17.610013794203823
4793.4 16.910265755158754
4638.0 17.213364349372906
4642.2 17.683935906333378
4646.4 18.08704553368072
4650.6 18.426174382726938
4654.8 18.70609911941375
4659.0 18.932515233277375
4663.2 19.11166034641249
4667.4 19.249937522437005
4671.6 19.35353857545629
4675.8 19.42806737902767
4680.0 19.47816317512496
4684.2 19.507123883102746
4688.4 19.516529408660933
4692.6 19.50586495280911
4696.8 19.472144320831024
4701.0 19.409533231249018
4705.2 19.308972624788403
4709.4 19.15780197334202
4713.6 18.939382588934457
4717.8 18.632720932686787
4722.0 18.212091923780818
4726.2 17.646662248423347
4730.4 16.900113668811002
4579.2 17.352856389986822
4583.4 17.80245059288534
4587.6 18.187478260869614
4591.8 18.51115900422996
4596.0 18.778021219055542
4600.2 18.993498623331153
4604.4 19.163526793034666
4608.6 19.2941396982342
4612.8 19.391066239185516
4617.0 19.45932678242922
4621.2 19.502829696888117
4625.4 19.52396788996439
4629.6 19.523215343636934
4633.8 19.498723650558624
4638.0 19.445918550153586
4642.2 19.357096464714456
4646.4 19.22102103549972
4650.6 19.02251965883085
4654.8 18.742080022189853
4659.0 18.355446640316217
4663.2 17.83321739130439
4667.4 17.1404400527009
4520.4 17.279089692915747
4524.6 17.737367588932813
4528.8 18.131322590453063
4533.0 18.463783904882312
4537.2 18.738988494343175
4541.4 18.962154576611947
4545.6 19.139055126055815
4549.8 19.275591374569707
4554.0 19.37736631251371
4558.2 19.4492581896499
4562.4 19.4949940160795
4566.6 19.516723063179935
4570.8 19.51459036454192
4575.0 19.486310216906542
4579.2 19.426739681102323
4583.4 19.32745208298231
4587.6 19.17631051436112
4591.8 18.957041333952056
4596.0 18.648807668304215
4600.2 18.22578291273945
4604.4 17.656724232289534
4608.6 16.904546062632964
4461.6 17.008742880308066
4465.8 17.52010094253575
4470.0 17.958569169960473
4474.2 18.327743717762004
4478.4 18.632721767934548
4482.6 18.87964464341691
4486.8 19.075240922222214
4491.0 19.226369551568375
4495.2 19.339562962007705
4499.4 19.420570181557117
4503.6 19.473899949828073
4507.8 19.502363832156533
4512.0 19.506619333733074
4516.2 19.4847130137328
4520.4 19.431623599445384
4524.6 19.33880510040503
4528.8 19.193729922520596
4533.0 18.979431982205437
4537.2 18.674049820507513
4541.4 18.250369717239284
4545.6 17.67536880510789
4549.8 16.90975818384515
4407.0 17.09232401603004
4411.2 17.6065231770612
4415.4 18.0440921228101
4419.6 18.409372663749277
4423.8 18.708253844560584
4428.0 18.947651739513223
4432.2 19.13498924784117
4436.4 19.27767588912075
4440.6 19.38258759864844
4444.8 19.455546522818313
4449.0 19.500800814499804
4453.2 19.520504428415233
4457.4 19.514196916517466
4461.6 19.478283223367544
4465.8 19.405513481512298
4470.0 19.284462806861974
4474.2 19.099011094067823
4478.4 18.82782281189983
4482.6 18.44382679862413
4486.8 17.913696057380953
4491.0 17.197327551561912
4352.4 16.998225947965143
4356.6 17.528046258089777
4360.8 17.983420231941952
4365.0 18.365870744815776
4369.2 18.679446558556513
4373.4 18.930048853757604
4377.6 19.124757761958055
4381.8 19.271158897839264
4386.0 19.37666989142234
4390.2 19.44786692026508
4394.4 19.489811241659122
4398.6 19.50537572482705
4402.8 19.494571383119492
4407.0 19.453873906212237
4411.2 19.375550192303315
4415.4 19.246984880310173
4419.6 19.050006882066654
4423.8 18.760215914520288
4428.0 18.346309031929213
4432.2 17.769407158059288
4436.4 16.982381618381538
4297.8 16.609155850608882
4302.0 17.202683950730247
4306.2 17.722754272633967
4310.4 18.16626540274993
4314.6 18.534117090826523
4318.8 18.830349209935758
4323.0 19.061280716479285
4327.2 19.234648610193826
4331.4 19.35874689415677
4335.6 19.441565534791955
4339.8 19.489929421875143
4344.0 19.50863732853976
4348.2 19.49960087128246
4352.4 19.460983469968774
4356.6 19.386339307838718
4360.8 19.263752291512468
4365.0 19.074975010995935
4369.2 18.79456769968637
4373.4 18.38903719437817
4377.6 17.815975895268153
4381.8 17.023200725961694
4247.4 16.767444268774685
4251.6 17.337231662159372
4255.8 17.832562221759947
4260.0 18.251702715402747
4264.2 18.596586542909225
4268.4 18.87195079357307
4272.6 19.08447330363809
4276.8 19.24190971377527
4281.0 19.352230526560536
4285.2 19.42275816395208
4289.4 19.459304024767796
4293.6 19.465305542162763
4297.8 19.4409632411067
4302.0 19.382377795861416
4306.2 19.280687087458247
4310.4 19.121203261175506
4314.6 18.882549784015936
4318.8 18.53579850218432
4323.0 18.043606698564567
4327.2 17.35935415019763
4197.0 16.659904347826114
4201.2 17.274163969211532
4205.4 17.794770307190884
4209.6 18.226413629633303
4213.8 18.576060841419984
4218.0 18.85221183119389
4222.2 19.064155818108375
4226.4 19.221227698576804
4230.6 19.332064393021618
4234.8 19.403861192623513
4239.0 19.441628106070812
4243.2 19.44744620630862
4247.4 19.419723977288037
4251.6 19.352453660715376
4255.8 19.234467602801452
4260.0 19.048694601010773
4264.2 18.771416250810688
4268.4 18.371523292420818
4272.6 17.809771957561875
4276.8 17.038040316205535
4146.6 16.347743873517786
4150.8 17.015060079051413
4155.0 17.5863402260592
4159.2 18.0632095914047
4163.4 18.450838502673772
4167.6 18.757000367519616
4171.8 18.991129703006678
4176.0 19.163380164955523
4180.2 19.283682577287212
4184.4 19.360802961367607
4188.6 19.401400565352002
4192.8 19.40908589352945
4197.0 19.383478735667346
4201.2 19.31926619635582
4205.4 19.205260724352172
4209.6 19.023458141925374
4213.8 18.748095674200638
4218.0 18.34470997850358
4222.2 17.76919517370498
4226.4 16.966860869565227
4100.4 16.295445184106477
4104.6 17.10847860758626
4108.8 17.740727798920684
4113.0 18.224001578580204
4117.2 18.58682021112999
4121.4 18.854180851454352
4125.6 19.047322990981314
4129.8 19.183493903906506
4134.0 19.2757140934177
4138.2 19.332542737918967
4142.4 19.357843137254893
4146.6 19.35054815893487
4150.8 19.30442568435735
4155.0 19.207844055034105
4159.2 19.04353751881449
4163.4 18.788371676109627
4167.6 18.413108926116713
4171.8 17.882173913043488
4176.0 17.15341897233204
4054.2 16.579972633108557
4058.4 17.223044258296465
4062.6 17.76401790437085
4066.8 18.20812993029111
4071.0 18.56324006165442
4075.2 18.83887399801076
4079.4 19.045266020176776
4083.6 19.192401597549917
4087.8 19.289059995423095
4092.0 19.341856882298636
4096.2 19.354286937202666
4100.4 19.325766456999375
4104.6 19.250675963705213
4108.8 19.1174028118033
4113.0 18.907383795557518
4117.2 18.594147756326834
4121.4 18.142358189879705
4125.6 17.50685585370792
4129.8 16.631701374341585
4008.0 16.422037306705285
4012.2 17.110587664231435
4016.4 17.68111911958465
4020.6 18.14243329784592
4024.8 18.505466945671603
4029.0 18.78234988505013
4033.2 18.985462967059412
4037.4 19.126496025623773
4041.6 19.215505831271088
4045.8 19.259974044889933
4050.0 19.263865171486668
4054.2 19.226684513942562
4058.4 19.142536126770857
4062.6 18.99918076987395
4066.8 18.7770938623004
4071.0 18.448523436002183
4075.2 17.976548089591578
4079.4 17.314134942098512
3961.8 16.05947868864837
3966.0 16.788756399959507
3970.2 17.418312908834913
3974.4 17.94132021070849
3978.6 18.358600626415644
3982.8 18.676815038231226
3987.0 18.906651125906706
3991.2 19.061011602707897
3995.4 19.15320245145253
3999.6 19.195121160547647
4003.8 19.195444960027285
4008.0 19.157819057589922
4012.2 19.079044874636057
4016.4 18.947268282305767
4020.6 18.740167837516232
4024.8 18.423143018999227
4029.0 17.94750246333882
4033.2 17.24865220100862
3915.6 15.193445965394694
3919.8 16.182501348032176
3924.0 16.984305424189852
3928.2 17.619991428415126
3932.4 18.111646005383708
3936.6 18.48137627439079
3940.8 18.75037689384173
3945.0 18.937997125742243
3949.2 19.060807900189523
3953.4 19.131668879862524
3957.6 19.158795524512687
3961.8 19.144826155454563
3966.0 19.085889020056428
3970.2 18.970669356230882
3974.4 18.77947645692542
3978.6 18.483310734613255
3982.8 18.042930785783597
3987.0 17.40792045543258
3991.2 16.515755901553852
3873.6 15.24683101033212
3877.8 16.1858026489148
3882.0 16.9005653927891
3886.2 17.453937741936773
3890.4 17.891468161219144
3894.6 18.243805468771807
3898.8 18.5290692243997
3903.0 18.755220117971522
3907.2 18.92243035781467
3911.4 19.025454059110007
3915.6 19.0559976322865
3919.8 19.005090171416047
3924.0 18.865453842608233
3928.2 18.63387427240505
3932.4 18.3135709361756
3936.6 17.916567546511
3940.8 17.466062441619012
3945.0 16.998798973718888
3831.6 14.906189234399632
3835.8 15.95744359768551
3840.0 16.791035122991158
3844.2 17.437141205776452
3848.4 17.92511537885785
3852.6 18.282637133572077
3856.8 18.53486174094029
3861.0 18.70357007283146
3865.2 18.80631842312643
3869.4 18.8555883288815
3873.6 18.85793639149227
3877.8 18.81314409785742
3882.0 18.713367641542472
3886.2 18.542287743943525
3890.4 18.27425947545104
3894.6 17.873462076613702
3898.8 17.29304877930196
3903.0 16.474296627872064
3789.6 14.671815806149354
3793.8 15.668537865368231
3798.0 16.530222758803134
3802.2 17.24251978011955
3806.4 17.80394324967904
3810.6 18.22299254008629
3814.8 18.515272101736635
3819.0 18.7006114883627
3823.2 18.80018538258174
3827.4 18.83363362144261
3831.6 18.816181221972776
3835.8 18.7557584067255
3840.0 18.650120629326853
3844.2 18.48396860002275
3848.4 18.226068311226033
3852.6 17.826371063063657
3856.8 17.213133488923486
3861.0 16.290037581001776
3751.8 15.035392968886088
3756.0 16.12843055723399
3760.2 16.929396618732397
3764.4 17.513780301667797
3768.6 17.94039123312706
3772.8 18.252998673770694
3777.0 18.481970672605897
3781.2 18.64591322176005
3785.4 18.75330941125368
3789.6 18.804158583773713
3793.8 18.7916154894468
3798.0 18.703629440612424
3802.2 18.524583466596102
3806.4 18.236933468482636
3810.6 17.82284737388944
3814.8 17.265844291739338
3819.0 16.5524336670344
3709.8 14.119317661743299
3714.0 15.342012547061625
3718.2 16.281747920720203
3722.4 16.99734914768908
3726.6 17.537159820033697
3730.8 17.939740266912178
3735.0 18.234566064572114
3739.2 18.44272654634816
3743.4 18.577623312658982
3747.6 18.64566874100458
3751.8 18.646984495963494
3756.0 18.576100039189967
3760.2 18.42265113941117
3764.4 18.172078382424328
3768.6 17.806325681094183
3772.8 17.304538785349784
3777.0 16.64376379218215
3781.2 15.799645655641083
3672.0 14.439151706681532
3676.2 15.421295499708197
3680.4 16.26102015547446
3684.6 16.95009785852519
3688.8 17.491705807187934
3693.0 17.897435643420472
3697.2 18.184302882658987
3701.4 18.371756343666256
3705.6 18.478687578379454
3709.8 18.52044030175852
3714.0 18.505819821634063
3718.2 18.43410246855549
3722.4 18.29204502563908
3726.6 18.050894158416035
3730.8 17.663395844680583
3735.0 17.06080480433803
3739.2 16.149893929252844
3634.2 14.431127151150541
3638.4 15.37808989103765
3642.6 16.186100677673732
3646.8 16.851420770331252
3651.0 17.378595143818806
3655.2 17.778150283488795
3659.4 18.064291980245358
3663.6 18.252603125551726
3667.8 18.357741506438323
3672.0 18.391137600510323
3676.2 18.358692370955417
3680.4 18.258475061551504
3684.6 18.078420991674545
3688.8 17.794029351306076
3693.0 17.366060996041288
3697.2 16.738236242096303
3701.4 15.834932661316182
3596.4 13.583663570691469
3600.6 14.842127192982437
3604.8 15.832747678018638
3609.0 16.598218524251777
3613.2 17.177141779788816
3617.4 17.6034630269112
3621.6 17.905906366595218
3625.8 18.10740940303249
3630.0 18.22455822814956
3634.2 18.267022406128447
3638.4 18.23698995792649
3642.6 18.12860234579663
3646.8 17.927389457807408
3651.0 17.609704592363254
3655.2 17.142159442724505
3659.4 16.481059081527313
3663.6 15.571836945304472
3558.6 13.115479876160974
3562.8 14.5554140866874
3567.0 15.615982972136264
3571.2 16.3970162538699
3575.4 16.97522386282448
3579.6 17.406765003572232
3583.8 17.72981721838533
3588.0 17.967145451297917
3592.2 18.128671112169567
3596.4 18.21404114074781
3600.6 18.215197070731143
3604.8 18.11894409383186
3609.0 17.90952012383901
3613.2 17.571164860681108
3617.4 17.090688854489148
3621.6 16.460042569659425
3625.8 15.678885448916411
3525.0 14.109726181821202
3529.2 15.018127833552466
3533.4 15.841339739767193
3537.6 16.551688123381577
3541.8 17.134558668008044
3546.0 17.58569494181617
3550.2 17.908496821394223
3554.4 18.111318915610646
3558.6 18.20476898947545
3562.8 18.199006388001674
3567.0 18.10104046006683
3571.2 17.91202898227435
3575.4 17.62457658281501
3579.6 17.220033165328385
3583.8 16.66579233276421
3588.0 15.912589811244205
3592.2 14.891801873922757
3491.4 13.862853457172367
3495.6 15.096145510835898
3499.8 16.03475232198146
3504.0 16.738189251409057
3508.2 17.255583472255307
3512.4 17.62603119790428
3516.6 17.878954909899175
3520.8 18.034460585853772
3525.0 18.10369492736365
3529.2 18.08920258791776
3533.4 17.985283400809724
3537.6 17.77834960704933
3541.8 17.44728308327377
3546.0 16.963792569659436
3550.2 16.292770897832852
3554.4 15.392652218782242
3453.6 11.549019607843091
3457.8 13.838731940144616
3462.0 15.290781733746066
3466.2 16.197769607843085
3470.4 16.77386679368106
3474.6 17.16540158371039
3478.8 17.461445780741467
3483.0 17.704401147098512
3487.2 17.9005858537747
3491.4 18.0308209295864
3495.6 18.061016710327838
3499.8 17.95275928792568
3504.0 17.67389695959354
3508.2 17.20912667698658
3512.4 16.570580495356044
3516.6 15.80841202270383
3520.8 15.02138286893705
3420.0 12.512414860681147
3424.2 13.882155572755416
3428.4 14.974605263157883
3432.6 15.837503869969026
3436.8 16.511271731364666
3441.0 17.028954215289346
3445.2 17.416166349130734
3449.4 17.691037449392727
3453.6 17.86415575136936
3457.8 17.93851303881876
3462.0 17.909449273636575
3466.2 17.7645972255299
3470.4 17.48382710169087
3474.6 17.03919117647064
3478.8 16.394868421052617
3483.0 15.507109133126892
3487.2 14.324179566563513
3390.6 13.372436980358554
3394.8 14.645727902111831
3399.0 15.580390395275643
3403.2 16.276797550900284
3407.4 16.804974551796146
3411.6 17.209056612082136
3415.8 17.511746916734584
3420.0 17.718774561135223
3424.2 17.82335249062016
3428.4 17.810635440028058
3432.6 17.66217787324874
3436.8 17.36039192277161
3441.0 16.893005329234295
3445.2 16.25751938097088
3449.4 15.465666853560686
3453.6 14.547869949376688
3357.0 13.82361619288865
3361.2 14.375123966942127
3365.4 15.01591190543204
3369.6 15.672302351930812
3373.8 16.287167832167842
3378.0 16.81789204041102
3382.2 17.234330825849263
3386.4 17.51677317897414
3390.6 17.653902217962155
3394.8 17.640756175056744
3399.0 17.47668938295027
3403.2 17.16333326116608
3407.4 16.70255730244049
3411.6 16.094430059105026
3415.8 15.335180129467997
3420.0 14.415157144197407
3331.8 14.449980097302097
3336.0 15.11053022828567
3340.2 15.695257544313268
3344.4 16.20884313828587
3348.6 16.645927942026994
3352.8 16.993245376914114
3357.0 17.231754004509426
3361.2 17.338770177191247
3365.4 17.290100688784914
3369.6 17.062175425194013
3373.8 16.634180015031376
3378.0 15.990188480250382
3382.2 15.121295886775812
3386.4 14.027750995134895
