# Wavelength_[A] Transmission
3216.000 0.00
3218.000 0.00
3220.000 0.00
3222.000 0.00
3223.000 0.00
3225.000 0.00
3227.000 0.00
3228.000 0.00
3230.000 0.00
3232.000 0.00
3233.000 0.00
3235.000 0.00
3237.000 0.00
3238.000 0.00
3240.000 0.00
3242.000 0.00
3244.000 0.00
3245.000 0.00
3247.000 0.00
3249.000 0.00
3250.000 0.00
3252.000 0.00
3254.000 0.00
3255.000 0.00
3257.000 0.00
3259.000 0.00
3260.000 0.00
3262.000 0.01
3264.000 0.01
3265.000 0.01
3267.000 0.01
3269.000 0.01
3271.000 0.01
3272.000 0.01
3274.000 0.01
3276.000 0.01
3277.000 0.01
3279.000 0.01
3281.000 0.01
3282.000 0.01
3284.000 0.01
3286.000 0.01
3287.000 0.01
3289.000 0.01
3291.000 0.01
3292.000 0.01
3294.000 0.01
3296.000 0.01
3298.000 0.01
3299.000 0.01
3301.000 0.01
3303.000 0.01
3304.000 0.01
3306.000 0.01
3308.000 0.01
3309.000 0.01
3311.000 0.02
3313.000 0.01
3314.000 0.02
3316.000 0.01
3318.000 0.01
3319.000 0.02
3321.000 0.02
3323.000 0.02
3324.000 0.02
3326.000 0.02
3328.000 0.02
3329.000 0.02
3331.000 0.02
3333.000 0.02
3334.000 0.02
3336.000 0.02
3338.000 0.02
3340.000 0.02
3341.000 0.02
3343.000 0.02
3345.000 0.02
3346.000 0.02
3348.000 0.02
3350.000 0.02
3351.000 0.02
3353.000 0.03
3355.000 0.03
3356.000 0.03
3358.000 0.03
3360.000 0.03
3361.000 0.03
3363.000 0.03
3365.000 0.03
3366.000 0.03
3368.000 0.03
3370.000 0.03
3371.000 0.03
3373.000 0.03
3375.000 0.03
3376.000 0.03
3378.000 0.03
3380.000 0.03
3381.000 0.03
3383.000 0.03
3385.000 0.04
3386.000 0.03
3388.000 0.03
3390.000 0.04
3391.000 0.03
3393.000 0.04
3395.000 0.04
3396.000 0.04
3398.000 0.05
3400.000 0.05
3401.000 0.05
3403.000 0.06
3405.000 0.06
3406.000 0.07
3408.000 0.08
3410.000 0.09
3411.000 0.09
3413.000 0.10
3415.000 0.10
3417.000 0.10
3418.000 0.11
3420.000 0.11
3422.000 0.12
3423.000 0.12
3425.000 0.12
3427.000 0.12
3428.000 0.12
3430.000 0.12
3432.000 0.13
3433.000 0.14
3435.000 0.14
3437.000 0.15
3438.000 0.16
3440.000 0.16
3442.000 0.17
3443.000 0.17
3445.000 0.18
3446.000 0.19
3448.000 0.19
3450.000 0.20
3451.000 0.20
3453.000 0.19
3455.000 0.20
3456.000 0.20
3458.000 0.20
3460.000 0.20
3461.000 0.21
3463.000 0.21
3465.000 0.22
3466.000 0.22
3468.000 0.23
3470.000 0.23
3471.000 0.24
3473.000 0.24
3475.000 0.24
3476.000 0.25
3478.000 0.25
3480.000 0.26
3481.000 0.26
3483.000 0.26
3485.000 0.27
3486.000 0.27
3488.000 0.28
3490.000 0.28
3491.000 0.29
3493.000 0.29
3495.000 0.30
3496.000 0.30
3498.000 0.31
3500.000 0.31
3501.000 0.32
3503.000 0.32
3505.000 0.33
3506.000 0.33
3508.000 0.34
3510.000 0.34
3511.000 0.35
3513.000 0.35
3515.000 0.35
3516.000 0.36
3518.000 0.36
3520.000 0.37
3521.000 0.37
3523.000 0.37
3524.000 0.38
3526.000 0.38
3528.000 0.39
3529.000 0.39
3531.000 0.40
3533.000 0.40
3534.000 0.40
3536.000 0.41
3538.000 0.41
3539.000 0.41
3541.000 0.42
3543.000 0.42
3544.000 0.42
3546.000 0.43
3548.000 0.43
3549.000 0.43
3551.000 0.44
3553.000 0.44
3554.000 0.45
3556.000 0.45
3558.000 0.45
3559.000 0.45
3561.000 0.46
3562.000 0.46
3564.000 0.46
3566.000 0.47
3567.000 0.47
3569.000 0.47
3571.000 0.47
3572.000 0.48
3574.000 0.48
3576.000 0.48
3577.000 0.49
3579.000 0.49
3581.000 0.49
3582.000 0.49
3584.000 0.50
3586.000 0.50
3587.000 0.50
3589.000 0.50
3590.000 0.50
3592.000 0.51
3594.000 0.51
3595.000 0.51
3597.000 0.51
3599.000 0.51
3600.000 0.51
3602.000 0.51
3604.000 0.51
3605.000 0.52
3607.000 0.52
3609.000 0.52
3610.000 0.52
3612.000 0.52
3613.000 0.52
3615.000 0.52
3617.000 0.52
3618.000 0.52
3620.000 0.53
3622.000 0.53
3623.000 0.53
3625.000 0.53
3627.000 0.53
3628.000 0.53
3630.000 0.53
3632.000 0.53
3633.000 0.53
3635.000 0.53
3636.000 0.52
3638.000 0.52
3640.000 0.52
3641.000 0.52
3643.000 0.52
3645.000 0.52
3646.000 0.52
3648.000 0.52
3650.000 0.52
3651.000 0.52
3653.000 0.52
3654.000 0.52
3656.000 0.52
3658.000 0.52
3659.000 0.52
3661.000 0.52
3663.000 0.52
3664.000 0.52
3666.000 0.52
3668.000 0.52
3669.000 0.52
3671.000 0.51
3672.000 0.51
3674.000 0.51
3676.000 0.51
3677.000 0.51
3679.000 0.51
3681.000 0.50
3682.000 0.50
3684.000 0.50
3686.000 0.50
3687.000 0.49
3689.000 0.49
3690.000 0.49
3692.000 0.49
3694.000 0.48
3695.000 0.48
3697.000 0.48
3699.000 0.47
3700.000 0.47
3702.000 0.47
3703.000 0.46
3705.000 0.46
3707.000 0.46
3708.000 0.45
3710.000 0.45
3712.000 0.44
3713.000 0.44
3715.000 0.44
3717.000 0.43
3718.000 0.43
3720.000 0.42
3721.000 0.42
3723.000 0.41
3725.000 0.41
3726.000 0.40
3728.000 0.40
3730.000 0.39
3731.000 0.39
3733.000 0.38
3734.000 0.38
3736.000 0.38
3738.000 0.37
3739.000 0.37
3741.000 0.36
3743.000 0.36
3744.000 0.35
3746.000 0.35
3747.000 0.35
3749.000 0.34
3751.000 0.34
3752.000 0.33
3754.000 0.33
3756.000 0.33
3757.000 0.32
3759.000 0.32
3760.000 0.32
3762.000 0.31
3764.000 0.31
3765.000 0.30
3767.000 0.30
3769.000 0.30
3770.000 0.29
3772.000 0.29
3773.000 0.29
3775.000 0.28
3777.000 0.28
3778.000 0.28
3780.000 0.27
3781.000 0.27
3783.000 0.27
3785.000 0.26
3786.000 0.26
3788.000 0.25
3790.000 0.25
3791.000 0.24
3793.000 0.24
3794.000 0.24
3796.000 0.23
3798.000 0.23
3799.000 0.22
3801.000 0.22
3803.000 0.21
3804.000 0.21
3806.000 0.21
3807.000 0.20
3809.000 0.20
3811.000 0.19
3812.000 0.19
3814.000 0.18
3815.000 0.18
3817.000 0.18
3819.000 0.17
3820.000 0.17
3822.000 0.16
3824.000 0.16
3825.000 0.15
3827.000 0.15
3828.000 0.14
3830.000 0.14
3832.000 0.14
3833.000 0.13
3835.000 0.13
3836.000 0.12
3838.000 0.12
3840.000 0.12
3841.000 0.11
3843.000 0.11
3845.000 0.11
3846.000 0.10
3848.000 0.10
3849.000 0.09
3851.000 0.09
3853.000 0.09
3854.000 0.09
3856.000 0.08
3857.000 0.08
3859.000 0.08
3861.000 0.07
3862.000 0.07
3864.000 0.07
3865.000 0.06
3867.000 0.06
3869.000 0.06
3870.000 0.06
3872.000 0.05
3873.000 0.05
3875.000 0.05
3877.000 0.05
3878.000 0.05
3880.000 0.04
3882.000 0.04
3883.000 0.04
3885.000 0.04
3886.000 0.04
3888.000 0.03
3890.000 0.03
3891.000 0.03
3893.000 0.03
3894.000 0.03
3896.000 0.03
3898.000 0.02
3899.000 0.02
3901.000 0.02
3902.000 0.02
3904.000 0.02
3906.000 0.02
3907.000 0.02
3909.000 0.02
3910.000 0.01
3912.000 0.01
3914.000 0.01
3915.000 0.01
3917.000 0.01
3918.000 0.01
3920.000 0.01
3922.000 0.01
3923.000 0.01
3925.000 0.01
3926.000 0.01
3928.000 0.01
3930.000 0.01
3931.000 0.01
3933.000 0.00
3934.000 0.00
3936.000 0.00
3938.000 0.00
3939.000 0.00
3941.000 0.00
3942.000 0.00
3944.000 0.00
3946.000 0.00
3947.000 0.00
3949.000 0.00
3950.000 0.00
3952.000 0.00
3954.000 0.00
3955.000 0.00
3957.000 0.00
3958.000 0.00
3960.000 0.00
3962.000 0.00
3963.000 0.00
3965.000 0.00
3966.000 0.00
3968.000 0.00
