# lambda zeropoint
7128.6 17.155723866179134
7132.8 17.18501126058701
7137.0 17.21423746814383
7141.2 17.24338628694198
7145.4 17.27244210287436
7149.6 17.301389878076655
7153.8 17.33021513949183
7158.0 17.358903967556337
7162.2 17.387442985007485
7166.4 17.415819345811506
7170.6 17.44402072421175
7174.8 17.47203530389657
7179.0 17.499851767286266
7183.2 17.527459284938704
7187.4 17.554847505073056
7191.6 17.58200654321105
7195.8 17.608926971935333
7200.0 17.63559981076446
7204.2 17.66201651614386
7208.4 17.68816897155233
7212.6 17.71404947772362
7216.8 17.73965074298244
7221.0 17.764965873694585
7225.2 17.789988364830382
7229.4 17.81471209064126
7233.6 17.83913129544868
7237.8 17.86324058454503
7242.0 17.887034915205966
7246.2 17.910509587813657
7250.4 17.933660237090425
7254.6 17.9564828234423
7258.8 17.978973624411893
7263.0 18.001129226240195
7267.2 18.022946515536695
7271.4 18.044422671057337
7275.6 18.065555155589774
7279.8 18.08634170794547
7284.0 18.106780335058072
7288.2 18.126869304187586
7292.4 18.146607135229775
7296.6 18.16599259313035
7300.8 18.185024680403394
7305.0 18.203702629753508
7309.2 18.22202589680117
7313.4 18.239994152910803
7317.6 18.257607278121007
7321.8 18.274865354176494
7326.0 18.291768657661166
7330.2 18.30831765323184
7334.4 18.324512986952115
7338.6 18.34035547972584
7342.8 18.3558461208297
7347.0 18.370986061544407
7351.2 18.38577660888395
7355.4 18.400219219422418
7359.6 18.414315493217867
7363.8 18.428067167832737
7368.0 18.44147611245031
7372.2 18.454544322086633
7376.4 18.467273911897486
7380.6 18.47966711157981
7384.8 18.4917262598671
7389.0 18.503453799118304
7393.2 18.51485226999958
7397.4 18.52592430625858
7401.6 18.5366726295906
7405.8 18.5471000445961
7410.0 18.55720943382922
7414.2 18.567003752936557
7418.4 18.576486025885885
7422.6 18.58565934028419
7426.8 18.594526842784553
7431.0 18.603091734581344
7435.2 18.611357266993263
7439.4 18.619326737133616
7443.6 18.62700348366744
7447.8 18.63439088265484
7452.0 18.641492343480135
7456.2 18.648311304866187
7460.4 18.654851230973534
7464.6 18.66111560758367
7468.8 18.667107938366055
7473.0 18.672831741228336
7477.2 18.678290544749203
7481.4 18.68348788469342
7485.6 18.688427300608552
7489.8 18.693112332502725
7494.0 18.69754651760311
7498.2 18.701733387194476
7502.4 18.70567646353732
7506.6 18.709379256865088
7510.8 18.71284526245999
7515.0 18.716077957806842
7519.2 18.719080799824457
7523.4 18.72185722217406
7527.6 18.724410632644222
7531.8 18.726744410611797
7536.0 18.72886190457834
7540.2 18.730766429781504
7544.4 18.732461265880893
7548.6 18.733949654717858
7552.8 18.735234798148742
7557.0 18.736319855951038
7561.2 18.73720794380193
7565.4 18.73790213132877
7569.6 18.738405440230895
7573.8 18.738720842472354
7578.0 18.73885125854493
7582.2 18.738799555801048
7586.4 18.738568546856
7590.6 18.73816098805896
7594.8 18.73757957803233
7599.0 18.73682695627884
7603.2 18.735905701855945
7607.4 18.734818332116976
7611.6 18.733567301518523
7615.8 18.732155000493545
7620.0 18.730583754389748
7624.2 18.72885582247259
7628.4 18.726973396992552
7632.6 18.724938602316023
7636.8 18.722753494119402
7641.0 18.720420058645825
7645.2 18.71794021202402
7649.4 18.715315799648817
7653.6 18.71254859562274
7657.8 18.709640302258205
7662.0 18.70659254963981
7666.2 18.703406895246196
7670.4 18.700084823630934
7674.6 18.696627746162008
7678.8 18.693037000819274
7683.0 18.689313852049487
7687.2 18.68545949067827
7691.4 18.68147503387865
7695.6 18.677361525195483
7699.8 18.673119934625422
7704.0 18.66875115875179
7708.2 18.664256020933866
7712.4 18.65963527155018
7716.6 18.65488958829511
7720.8 18.650019576528457
7725.0 18.64502576967736
7729.2 18.639908629690083
7733.4 18.634668547541185
7737.6 18.62930584378749
7741.8 18.62382076917442
7746.0 18.618213505292108
7750.2 18.612484165280875
7754.4 18.606632794585405
7758.6 18.60065937175727
7762.8 18.594563809305185
7767.0 18.58834595459251
7771.2 18.582005590781478
7775.4 18.5755424378237
7779.6 18.568956153496256
7783.8 18.56224633448314
7788.0 18.555412517501242
7792.2 18.548454180470575
7796.4 18.54137074372814
7800.6 18.53416157128493
7804.8 18.52682597212555
7809.0 18.519363201549947
7813.2 18.511772462556785
7817.4 18.50405290726783
7821.6 18.496203638392974
7825.8 18.488223710735294
7830.0 18.48011213273564
7834.2 18.47186786805628
7838.4 18.46348983720306
7842.6 18.454976919185548
7846.8 18.446327953214713
7851.0 18.437541740437524
7855.2 18.428617045708073
7859.4 18.41955259939459
7863.6 18.41034709922196
7867.8 18.40099921214913
7872.0 18.391507576280908
7876.2 18.381870802813694
7880.4 18.372087478014585
7884.6 18.362156165233348
7888.8 18.35207540694676
7893.0 18.341843726834753
7897.2 18.331459631887956
7901.4 18.320921614546002
7905.6 18.31022815486615
7909.8 18.299377722721704
7914.0 18.28836878002971
7918.2 18.277199783007422
7922.4 18.26586918445699
7926.6 18.254375436077893
7930.8 18.242716990806652
7935.0 18.230892305183154
7939.2 18.21889984174326
7943.4 18.206738071437012
7947.6 18.19440547607212
7951.8 18.181900550781993
7956.0 18.16922180651796
7960.2 18.15636777256515
7964.4 18.14333699908143
7968.6 18.13012805965898
7972.8 18.116739553907948
7977.0 18.103170110061672
7981.2 18.089418387602993
7985.4 18.075483079911066
7989.6 18.061362916928246
7993.8 18.047056667846494
7998.0 18.032563143812766
8002.2 18.01788120065291
8006.4 18.003009741613543
8010.6 17.9879477201214
8014.8 17.972694142559646
8019.0 17.957248071060597
8023.2 17.941608626314373
8027.4 17.925774990393016
8031.6 17.909746409589435
8035.8 17.893522197270812
8040.0 17.877101736745775
8044.2 17.86048448414508
8048.4 17.843669971314988
8052.6 17.826657808723084
8056.8 17.809447688375858
8061.0 17.792039386747618
8065.2 17.77443276772017
8069.4 17.75662778553282
8073.6 17.73862448774207
8077.8 17.720423018190672
8082.0 17.70202361998532
8086.2 17.683426638482594
8090.4 17.664632524282673
8094.6 17.64564183623016
8098.8 17.62645524442167
8103.0 17.607073533219516
8107.2 17.587497604271125
8111.4 17.567728479533535
8115.6 17.547767304302575
8119.8 17.527615350246116
8124.0 17.507274018440974
8128.2 17.486744842412868
8132.4 17.466029491178965
8136.6 17.445129772292468
8140.8 17.42404763488885
8145.0 17.402785172732955
8149.2 17.381344627266795
8153.4 17.35972839065723
8157.6 17.33793900884323
8161.8 17.315979184582076
8166.0 17.293851780494045
8170.2 17.271559822105015
8174.4 17.249106500886583
8178.6 17.22649517729306
8182.8 17.2037293837949
8187.0 17.180812827908017
8191.2 17.1577493952185
8195.4 17.134543152402212
8199.6 17.111198350238755
8203.8 17.087719426619252
8208.0 17.064111009547474
8212.2 17.04037792013384
8216.4 17.01652517558166
8220.6 16.992557992165164
8224.8 16.96848178819893
8229.0 16.944302186997888
8233.2 16.920025019827793
8237.4 16.895656328845256
8241.6 16.871202370027085
8245.8 16.846669616088384
8250.0 16.822064759388745
8254.2 16.79739471482621
8258.4 16.772666622718404
8262.6 16.747887851670242
8266.8 16.723066001427913
8271.0 16.698208905718367
8275.2 16.673324635074064
8279.4 16.648421499642186
8283.6 16.62350805197801
8287.8 16.598593089821904
8292.0 16.573685658859283
8296.2 16.548795055463238
6326.4 16.564609252812005
6330.6 16.633377709508757
6334.8 16.700036473019825
6339.0 16.764674561581714
6343.2 16.82737736811588
6347.4 16.888226767096075
6351.6 16.947301219453262
6355.8 17.004675875535057
6360.0 17.060422676136753
6364.2 17.114610451620262
6368.4 17.1673050191381
6372.6 17.21856927797928
6376.8 17.268463303053593
6381.0 17.317044436531447
6385.2 17.364367377655878
6389.4 17.410484270743485
6393.6 17.455444791391347
6397.8 17.49929623090642
6402.0 17.542083578974477
6406.2 17.583849604585282
6410.4 17.624634935230794
6414.6 17.664478134393224
6418.8 17.70341577733985
6423.0 17.74148252524123
6427.2 17.77871119762976
6431.4 17.815132843215313
6435.6 17.850776809074784
6439.8 17.88567080823236
6444.0 17.91984098564736
6448.2 17.953311982626317
6452.4 17.986106999676295
6456.6 18.018247857816135
6460.8 18.049755058362383
6465.0 18.080647841206957
6469.2 18.11094424160302
6473.4 18.140661145476134
6477.6 18.169814343277416
6481.8 18.19841858239543
6486.0 18.226487618143757
6490.2 18.254034263340984
6494.4 18.28107043649986
6498.6 18.30760720864259
6502.8 18.333654848758872
6507.0 18.359222867923652
6511.2 18.384320062091373
6515.4 18.4089545535834
6519.6 18.433133831285605
6523.8 18.456864789572823
6528.0 18.480153765977004
6532.2 18.503006577615864
6536.4 18.52542855639887
6540.6 18.547424583027325
6544.8 18.56899911980541
6549.0 18.59015624227896
6553.2 18.610899669718783
6557.4 18.63123279446533
6561.6 18.651158710151588
6565.8 18.670680238820836
6570.0 18.68979995695633
6574.2 18.708520220439453
6578.4 18.726843188453334
6582.6 18.744770846348686
6586.8 18.762305027488594
6591.0 18.779447434089203
6595.2 18.796199657073036
6599.4 18.812563194951665
6603.6 18.828539471754787
6607.8 18.84412985402222
6612.0 18.859335666875836
6616.2 18.87415820918819
6620.4 18.888598767864597
6624.6 18.90265863125548
6628.8 18.916339101715923
6633.0 18.929641507329034
6637.2 18.94256721281006
6641.4 18.955117629608086
6645.6 18.967294225221963
6649.8 18.979098531747496
6654.0 18.99053215367252
6658.2 19.001596774936754
6662.4 19.012294165273243
6666.6 19.022626185848154
6670.8 19.032594794215782
6675.0 19.042202048605564
6679.2 19.05145011155787
6683.4 19.06034125292541
6687.6 19.06887785225713
6691.8 19.077062400581223
6696.0 19.0848975016043
6700.2 19.092385872343343
6704.4 19.099530343207306
6708.6 19.10633385754526
6712.8 19.1127994706777
6717.0 19.11893034842806
6721.2 19.124729765170994
6725.4 19.13020110141449
6729.6 19.13534784093235
6733.8 19.140173567464124
6738.0 19.14468196099909
6742.2 19.14887679366116
6746.4 19.152761925211607
6750.6 19.156341298186266
6754.8 19.15961893268412
6759.0 19.162598920824077
6763.2 19.165285420886708
6767.4 19.167682651157754
6771.6 19.169794883490272
6775.8 19.171626436602136
6780.0 19.17318166912577
6784.2 19.17446497242694
6788.4 19.175480763209286
6792.6 19.176233475921595
6796.8 19.17672755498444
6801.0 19.17696744685311
6805.2 19.176957591933604
6809.4 19.17670241636849
6813.6 19.17620632370944
6817.8 19.17547368649326
6822.0 19.174508837738216
6826.2 19.173316062377488
6830.4 19.171899588646486
6834.6 19.17026357944093
6838.8 19.168412123662478
6843.0 19.16634922756864
6847.2 19.16407880614388
6851.4 19.161604674508673
6855.6 19.158930539383316
6859.8 19.156059990623316
6864.0 19.152996492843172
6868.2 19.149743377145334
6872.4 19.14630383297117
6876.6 19.14268090009075
6880.8 19.138877460748223
6885.0 19.13489623197965
6889.2 19.130739758120054
6893.4 19.12641040351651
6897.6 19.121910345464087
6901.8 19.117241567381487
6906.0 19.112405852243093
6910.2 19.107404776284312
6914.4 19.10223970299706
6918.6 19.09691177743206
6922.8 19.09142192082488
6927.0 19.085770825562516
6931.2 19.079958950507212
6935.4 19.073986516694497
6939.6 19.0678535034221
6943.8 19.06155964474664
6948.0 19.055104426404856
6952.2 19.04848708317621
6956.4 19.041706596703644
6960.6 19.03476169378934
6964.8 19.02765084518227
6969.0 19.020372264874293
6973.2 19.01292390992174
6977.4 19.00530348080914
6981.6 18.997508422371997
6985.8 18.98953592529543
6990.0 18.981382928205377
6994.2 18.973046120369325
6998.4 18.964521945023247
7002.6 18.95580660334163
7006.8 18.946896059067377
7011.0 18.937786043818367
7015.2 18.928472063087508
7019.4 18.91894940295316
7023.6 18.90921313751655
7027.8 18.899258137083194
7032.0 18.889079077105027
7036.2 18.87867044790002
7040.4 18.868026565166197
7044.6 18.85714158130678
7048.8 18.846009497583296
7053.0 18.834624177113426
7057.2 18.822979358730496
7061.4 18.811068671721277
7065.6 18.798885651459024
7069.8 18.786423755948526
7074.0 18.773676383299915
7078.2 18.760636890148167
7082.4 18.747298611034953
7086.6 18.733654878769787
7090.8 18.719699045787216
7095.0 18.7054245065168
7099.2 18.69082472078283
7103.4 18.675893238250495
7107.6 18.660623723935288
7111.8 18.645009984792576
7116.0 18.629045997403985
7120.2 18.61272593677752
7124.4 18.596044206278272
7128.6 18.578995468706296
7132.8 18.561574678538776
7137.0 18.543777115353016
7141.2 18.525598418447228
7145.4 18.507034622675885
7149.6 18.488082195516416
7153.8 18.46873807538409
7158.0 18.448999711211847
7162.2 18.42886510331198
7166.4 18.408332845536364
7170.6 18.38740216875212
7174.8 18.36607298564949
7179.0 18.344345936898716
7183.2 18.322222438672796
7187.4 18.299704731552843
7191.6 18.276795930832886
7195.8 18.25350007824102
7200.0 18.22982219509348
7204.2 18.205768336898686
7208.4 18.181345649428
7212.6 18.15656242626986
7216.8 18.13142816788436
7221.0 18.105953642174793
7225.2 18.080150946593225
7229.4 18.054033571796772
7233.6 18.027616466871354
7237.8 18.000916106139883
7242.0 17.97395055757153
7246.2 17.946739552809
7250.4 17.919304558830532
7254.6 17.891668851263557
7258.8 17.86385758936665
7263.0 17.835897892696728
7267.2 17.80781891947826
7271.4 17.779651946691253
7275.6 17.751430451894908
7279.8 17.723190196803664
7284.0 17.69496931263249
7288.2 17.66680838722826
7292.4 17.638750554003913
7296.6 17.610841582692334
7300.8 17.58312997193674
7305.0 17.555667043734225
7309.2 17.52850703974951
7313.4 17.50170721951557
7317.6 17.47532796053789
7321.8 17.449432860319387
7326.0 17.424088840322476
7330.2 17.399366251885407
7334.4 17.37533898410949
7338.6 17.352084573734075
7342.8 17.32968431701608
7347.0 17.308223383630928
7351.2 17.287790932611575
7355.4 17.26848023034262
7359.6 17.25038877062616
7363.8 17.23361839683623
5696.4 15.773836437317968
5700.6 15.874677074486023
5704.8 15.97247167394209
5709.0 16.067332122561442
5713.2 16.15936625949837
5717.4 16.248677988132915
5721.6 16.335367386006823
5725.8 16.41953081276647
5730.0 16.50126101612974
5734.2 16.58064723589415
5738.4 16.65777530600343
5742.6 16.732727754689762
5746.8 16.80558390270906
5751.0 16.876419959686324
5755.2 16.945309118588476
5759.4 17.012321648341654
5763.6 17.077524984610626
5767.8 17.14098381875694
5772.0 17.20276018499381
5776.2 17.262913545754174
5780.4 17.32150087528977
5784.6 17.378576741518156
5788.8 17.43419338613485
5793.0 17.488400803008236
5797.2 17.541246814873833
5801.4 17.59277714834579
5805.6 17.64303550726232
5809.8 17.69206364438269
5814.0 17.739901431452765
5818.2 17.78658692765645
5822.4 17.83215644647017
5826.6 17.87664462093772
5830.8 17.920084467382665
5835.0 17.96250744757546
5839.2 18.00394352937273
5843.4 18.044421245845584
5847.6 18.08396775291464
5851.8 18.122608885508516
5856.0 18.16036921226352
5860.2 18.19727208878127
5864.4 18.233339709461863
5868.6 18.268593157929647
5872.8 18.30305245606878
5877.0 18.336736611686028
5881.2 18.369663664817732
5885.4 18.401850732698456
5889.6 18.433314053408328
5893.8 18.464069028216464
5898.0 18.4941302626376
5902.2 18.523511606219266
5906.4 18.552226191076546
5910.6 18.58028646919194
5914.8 18.607704248497253
5919.0 18.634490727754997
5923.2 18.660656530256382
5927.4 18.68621173635314
5931.6 18.71116591484053
5935.8 18.73552815320857
5940.0 18.75930708677892
5944.2 18.782510926744507
5948.4 18.80514748712916
5952.6 18.827224210684548
5956.8 18.84874819374153
5961.0 18.869726210033292
5965.2 18.890164733507365
5969.4 18.910069960143893
5973.6 18.92944782879721
5977.8 18.94830404107814
5982.0 18.966644080294127
5986.2 18.984473229464488
5990.4 19.001796588427947
5994.6 19.018619090059815
5998.8 19.034945515615853
6003.0 19.05078050922027
6007.2 19.066128591514914
6011.4 19.08099417248694
6015.6 19.09538156349224
6019.8 19.109294988491776
6024.0 19.122738594518147
6028.2 19.13571646138948
6032.4 19.14823261068807
6036.6 19.160291014020785
6040.8 19.171895600578665
6045.0 19.18305026401279
6049.2 19.193758868643748
6053.4 19.204025255021893
6057.6 19.21385324485562
6061.8 19.223246645324902
6066.0 19.232209252797315
6070.2 19.240744855963815
6074.4 19.248857238411393
6078.6 19.256550180649988
6082.8 19.263827461610774
6087.0 19.270692859633098
6091.2 19.27715015295729
6095.4 19.283203119740595
6099.6 19.288855537613408
6103.8 19.294111182793124
6108.0 19.298973828772745
6112.2 19.30344724460155
6116.4 19.30753519277498
6120.6 19.3112414267511
6124.8 19.314569688110662
6129.0 19.317523703378246
6133.2 19.3201071805215
6137.4 19.322323805145846
6141.6 19.32417723640178
6145.8 19.325671102622128
6150.0 19.326808996706337
6154.2 19.32759447126914
6158.4 19.328031033570788
6162.6 19.3281221402461
6166.8 19.327871191849507
6171.0 19.327281527233403
6175.2 19.326356417776953
6179.4 19.32509906148266
6183.6 19.323512576957878
6187.8 19.321599997298495
6192.0 19.319364263892062
6196.2 19.316808220157558
6200.4 19.313934605239034
6204.6 19.310746047670385
6208.8 19.30724505902845
6213.0 19.303434027591674
6217.2 19.299315212021625
6221.4 19.294890735084486
6225.6 19.290162577429847
6229.8 19.285132571444006
6234.0 19.27980239519496
6238.2 19.274173566486407
6242.4 19.26824743703789
6246.6 19.26202518680839
6250.8 19.25550781848058
6255.0 19.248696152122935
6259.2 19.24159082004699
6263.4 19.234192261876906
6267.6 19.22650071984865
6271.8 19.218516234355974
6276.0 19.21023863976041
6280.2 19.20166756048256
6284.4 19.19280240739189
6288.6 19.183642374512225
6292.8 19.17418643606025
6297.0 19.164433343834176
6301.2 19.154381624969826
6305.4 19.144029580081423
6309.6 19.13337528180418
6313.8 19.122416573756137
6318.0 19.111151069936188
6322.2 19.099576154575836
6326.4 19.087688982461657
6330.6 19.075486479745866
6334.8 19.062965345262132
6339.0 19.05012205236388
6343.2 19.036952851302377
6347.4 19.023453772161737
6351.6 19.009620628368154
6355.8 18.995449020790534
6360.0 18.980934342449828
6364.2 18.96607178385421
6368.4 18.95085633897742
6372.6 18.9352828118974
6376.8 18.919345824112604
6381.0 18.903039822553016
6385.2 18.88635908830329
6389.4 18.869297746055167
6393.6 18.851849774306316
6397.8 18.83400901632304
6402.0 18.815769191883824
6406.2 18.797123909821188
6410.4 18.778066681378892
6414.6 18.758590934401873
6418.8 18.73869002837601
6423.0 18.718357270335073
6427.2 18.697585931651954
6431.4 18.676369265731584
6435.6 18.65470052662257
6439.8 18.632572988564945
6444.0 18.60997996649117
6448.2 18.58691483749765
6452.4 18.56337106330398
6456.6 18.539342213717205
6460.8 18.514821991118243
6465.0 18.48980425598774
6469.2 18.46428305348863
6473.4 18.43825264112254
6477.6 18.411707517477357
6481.8 18.384642452083188
6486.0 18.35705251639379
6490.2 18.32893311591096
6494.4 18.300280023468883
6498.6 18.2710894136958
6502.8 18.2413578986702
6507.0 18.211082564788722
6511.2 18.180261010863028
6515.4 18.148891387462967
6519.6 18.116972437523053
6523.8 18.084503538229704
6528.0 18.05148474420635
6532.2 18.017916832013643
6536.4 17.98380134598211
6540.6 17.94914064539426
6544.8 17.913937953033713
6549.0 17.878197405118158
6553.2 17.841924102633786
6557.4 17.80512416408813
6561.6 17.767804779698665
6565.8 17.729974267034475
6570.0 17.69164212812798
6574.2 17.65281910807425
6578.4 17.61351725513486
6582.6 17.57374998236378
6586.8 17.533532130772286
6591.0 17.49288003405032
6595.2 17.451811584861332
6599.4 17.410346302728126
6603.6 17.368505403526555
6607.8 17.326311870604727
6612.0 17.283790527544497
6616.2 17.240968112582884
6620.4 17.197873354710453
6624.6 17.154537051463745
5179.8 14.569349600030163
5184.0 14.74331549703911
5188.2 14.9102215635654
5192.4 15.070381026037765
5196.6 15.224094613588369
5200.8 15.371650934918975
5205.0 15.51332684774518
5209.2 15.649387820888823
5213.4 15.780088289089385
5217.6 15.905672000604902
5221.8 16.026372357672706
5226.0 16.14241274990095
5230.2 16.25400688066093
5234.4 16.36135908655121
5238.6 16.464664650003687
5242.8 16.564110105102422
5247.0 16.65987353668576
5251.2 16.752124872801993
5255.4 16.841026170589434
5259.6 16.926731895651237
5263.8 17.00938919499553
5268.0 17.08913816361154
5272.2 17.166112104751974
5276.4 17.240437783992434
5280.6 17.312235677138368
5284.8 17.381620212049754
5289.0 17.448700004454807
5293.2 17.5135780878223
5297.4 17.576352137363788
5301.6 17.637114688235883
5305.8 17.695953348013198
5310.0 17.752951003502634
5314.2 17.80818602196925
5318.4 17.861732446844588
5322.6 17.913660187987706
5326.8 17.96403520656963
5331.0 18.012919694651725
5335.2 18.060372249528427
5339.4 18.106448042905043
5343.6 18.151198984980915
5347.8 18.194673883508756
5352.0 18.236918597900484
5356.2 18.277976188450197
5360.4 18.31788706074475
5364.6 18.356689105332556
5368.8 18.394417832721047
5373.0 18.431106503773442
5377.2 18.466786255575247
5381.4 18.501486222841084
5385.6 18.535233654932412
5389.8 18.568054028556514
5394.0 18.5999711562176
5398.2 18.631007290490174
5402.4 18.66118322418551
5406.6 18.6905183864816
5410.8 18.719030935087186
5415.0 18.74673784451039
5419.2 18.77365499050244
5423.4 18.799797230747135
5427.6 18.825178481866406
5431.8 18.849811792812705
5436.0 18.87370941471862
5440.2 18.896882867274293
5444.4 18.919343001703215
5448.6 18.94110006040684
5452.8 18.96216373334864
5457.0 18.982543211248117
5461.2 19.00224723565528
5465.4 19.021284145976125
5469.6 19.039661923519677
5473.8 19.057388232637116
5478.0 19.07447045902354
5482.2 19.09091574525283
5486.4 19.10673102361626
5490.6 19.12192304633531
5494.8 19.136498413219222
5499.0 19.150463596837874
5503.2 19.16382496528047
5507.4 19.176588802570592
5511.6 19.18876132680817
5515.8 19.20034870610884
5520.0 19.211357072411335
5524.2 19.221792533223322
5528.4 19.231661181376307
5532.6 19.240969102860102
5536.8 19.24972238280741
5541.0 19.25792710969903
5545.2 19.26558937786028
5549.4 19.272715288319095
5553.6 19.27931094809638
5557.8 19.285382467999167
5562.0 19.290935958987056
5566.2 19.295977527182536
5570.4 19.3005132675957
5574.6 19.304549256633823
5578.8 19.308091543466478
5583.0 19.311146140316588
5587.2 19.313719011748024
5591.4 19.31581606302026
5595.6 19.31744312758064
5599.8 19.318605953764745
5604.0 19.319310190775457
5608.2 19.319561374011204
5612.4 19.319364909813967
5616.6 19.31872605970751
5620.8 19.317649924196484
5625.0 19.3161414261968
5629.2 19.314205294167937
5633.4 19.31184604501762
5637.6 19.309067966849472
5641.8 19.305875101624125
5646.0 19.302271227804365
5650.2 19.298259843054804
5654.4 19.293844147066668
5658.6 19.289027024578175
5662.8 19.28381102866109
5667.0 19.278198364343968
5671.2 19.272190872642586
5675.4 19.265790015068205
5679.6 19.258996858684053
5683.8 19.251812061780694
5688.0 19.244235860240718
5692.2 19.23626805466337
5696.4 19.22790799831958
5700.6 19.219154586007974
5704.8 19.210006243882418
5709.0 19.200460920321532
5713.2 19.19051607791086
5717.4 19.180168686608084
5721.6 19.169415218161912
5725.8 19.158251641855156
5730.0 19.146673421642483
5734.2 19.134675514753457
5738.4 19.122252371831333
5742.6 19.109397938678192
5746.8 19.096105659676923
5751.0 19.082368482960575
5755.2 19.068178867399656
5759.4 19.053528791477884
5763.6 19.038409764126918
5767.8 19.02281283759064
5772.0 19.00672862238947
5776.2 18.990147304455313
5780.4 18.9730586645076
5784.6 18.955452099741027
5788.8 18.937316647895486
5793.0 18.91864101377874
5797.2 18.899413598312343
5801.4 18.8796225301714
5805.6 18.85925570008866
5809.8 18.838300797893474
5814.0 18.81674535235618
5818.2 18.7945767739084
5822.4 18.77178240030989
5826.6 18.74834954533232
5830.8 18.72426555053069
5835.0 18.699517840172746
5839.2 18.67409397939708
5843.4 18.647981735670385
5847.6 18.621169143614335
5851.8 18.5936445732728
5856.0 18.565396801889708
5860.2 18.53641508926828
5864.4 18.50668925678207
5868.6 18.476209770108348
5872.8 18.444967825754464
5877.0 18.41295544144751
5881.2 18.380165550458106
5885.4 18.34659209992856
5889.6 18.312230153276158
5893.8 18.277075996742003
5898.0 18.241127250155913
5902.2 18.204382981988065
5906.4 18.16684382875771
5910.6 18.12851211886968
5914.8 18.089392000949136
5919.0 18.049489576745042
5923.2 18.008813038673015
5927.4 17.967372812068025
5931.6 17.925181702217458
5935.8 17.882255046245138
5940.0 17.838610869916764
5944.2 17.794270049437365
5948.4 17.749256478311292
5952.6 17.703597239335267
5956.8 17.65732278179503
5961.0 17.610467103936095
5965.2 17.563067940779234
5969.4 17.515166957351067
5973.6 17.466809947400517
5977.8 17.418047037671442
5982.0 17.3689328978021
5986.2 17.319526955921955
5990.4 17.26989362001639
5994.6 17.220102505129773
5998.8 17.17022866647757
6003.0 17.1203528385378
6007.2 17.07056168019264
6011.4 17.0209480259905
6015.6 16.97161114359922
6019.8 16.922656997520903
6024.0 16.87419851913885
4751.4 12.903695258847955
4755.6 13.20433239835657
4759.8 13.489787167950427
4764.0 13.76082666344179
4768.2 14.01818514723659
4772.4 14.262565090712588
4776.6 14.494638195097664
4780.8 14.71504639106247
4785.0 14.924402817242436
4789.2 15.123292777902801
4793.4 15.31227467996144
4797.6 15.491880949584193
4801.8 15.662618928566289
4806.0 15.824971750715196
4810.2 15.979399198448565
4814.4 16.126338539822058
4818.6 16.266205346201403
4822.8 16.39939429079281
4827.0 16.526279928246815
4831.2 16.647217455549082
4835.4 16.76254345441321
4839.6 16.872576615389704
4843.8 16.977618443905502
4848.0 17.077953948448545
4852.2 17.173852311111805
4856.4 17.26556754071096
4860.6 17.353339108690427
4864.8 17.43739256803186
4869.0 17.517940155379854
4873.2 17.59518137659885
4877.4 17.669303575976002
4881.6 17.740482489284165
4885.8 17.808882780919568
4890.0 17.874658565328495
4894.2 17.937953912937356
4898.4 17.9989033408006
4902.6 18.057632288180876
4906.8 18.114257577275737
4911.0 18.168887859305528
4915.2 18.221624046176576
4919.4 18.272559727934233
4923.6 18.321781576220218
4927.8 18.36936973394851
4932.0 18.41539819141437
4936.2 18.459935149050743
4940.4 18.50304336704653
4944.6 18.54478050204111
4948.8 18.585199431109462
4953.0 18.624348563252422
4957.2 18.66227213860633
4961.4 18.699010515586547
4965.6 18.734600446179247
4969.8 18.769075339595794
4974.0 18.80246551450432
4978.2 18.834798440052626
4982.4 18.86609896589702
4986.6 18.89638954145142
4990.8 18.92569042457106
4995.0 18.954019879885383
4999.2 18.981394366994316
5003.4 19.007828718742438
5007.6 19.033336309785444
5011.8 19.05792921566326
5016.0 19.08161836259428
5020.2 19.104413668205048
5024.4 19.126324173409838
5028.6 19.147358165654538
5032.8 19.16752329373918
5037.0 19.18682667443361
5041.2 19.20527499110063
5045.4 19.22287458454101
5049.6 19.239631536274864
5053.8 19.255551744473628
5058.0 19.270640992757254
5062.2 19.28490501207081
5066.4 19.29834953585502
5070.6 19.310980348725156
5074.8 19.32280332887254
5079.0 19.333824484403255
5083.2 19.34404998382832
5087.4 19.35348618091981
5091.6 19.362139634147223
5095.8 19.37001712090867
5100.0 19.377125646771105
5104.2 19.38347244993413
5108.4 19.389065001131673
5112.6 19.39391099918606
5116.8 19.398018362428747
5121.0 19.401395216202257
5125.2 19.404049876657567
5129.4 19.405990831061512
5133.6 19.407226714828475
5137.8 19.407766285490833
5142.0 19.407618393822545
5146.2 19.4067919523303
5150.4 19.405295901326554
5154.6 19.403139172799005
5158.8 19.400330652290723
5163.0 19.396879139005527
5167.2 19.392793304352818
5171.4 19.388081649146446
5175.6 19.382752459671902
5179.8 19.37681376283627
5184.0 19.37027328061535
5188.2 19.36313838401234
5192.4 19.35541604674248
5196.6 19.34711279885808
5200.8 19.338234680528313
5205.0 19.328787196188145
5209.2 19.318775269270912
5213.4 19.3082031977388
5217.6 19.29707461062575
5221.8 19.28539242580714
5226.0 19.273158809210603
5230.2 19.260375135682505
5234.4 19.247041951724345
5238.6 19.23315894031358
5242.8 19.218724888023218
5247.0 19.20373765465464
5251.2 19.188194145597954
5255.4 19.172090287134427
5259.6 19.15542100489523
5263.8 19.138180205691068
5268.0 19.120360762926936
5272.2 19.101954505816533
5276.4 19.082952212610675
5280.6 19.063343608054073
5284.8 19.043117365285013
5289.0 19.022261112392144
5293.2 19.000761443842933
5297.4 18.978603936998162
5301.6 18.955773173926794
5305.8 18.932252768735715
5310.0 18.908025400628606
5314.2 18.883072852908562
5318.4 18.857376058138634
5322.6 18.830915149674883
5326.8 18.803669519786197
5331.0 18.77561788457538
5335.2 18.746738355915866
5339.4 18.71700852061848
5343.6 18.68640552704261
5347.8 18.654906179366275
5352.0 18.622487039729357
5356.2 18.589124538464574
5360.4 18.5547950926304
5364.6 18.51947523306052
5368.8 18.48314174014412
5373.0 18.445771788551347
5377.2 18.40734310111855
5381.4 18.3678341121075
5385.6 18.327224140053058
5389.8 18.28549357041383
5394.0 18.24262404823988
5398.2 18.198598681072284
5402.4 18.153402252288675
5406.6 18.10702144510926
5410.8 18.05944507747778
5415.0 18.01066434803159
5419.2 17.96067309337557
5423.4 17.909468056874072
5427.6 17.857049169175276
5431.8 17.803419840682526
5436.0 17.748587266186888
5440.2 17.692562741875392
5444.4 17.63536199492943
5448.6 17.577005525927547
5452.8 17.51751896426725
5457.0 17.456933436819938
5461.2 17.395285950033692
5465.4 17.332619785698082
5469.6 17.26898491058547
5473.8 17.20443840018328
5478.0 17.139044876731525
5482.2 17.072876961779972
5486.4 17.00601574347957
5490.6 16.938551258822258
5494.8 16.870582991043786
5499.0 16.802220382403743
5503.2 16.733583362557372
5507.4 16.664802892733512
5511.6 16.596021525933025
5515.8 16.527393983362177
5520.0 16.459087747315273
5524.2 16.39128367072114
4386.0 12.365781469519058
4390.2 12.62028850883971
4394.4 12.868116026564744
4398.6 13.10933325342616
4402.8 13.34401405602931
4407.0 13.57223662736029
4411.2 13.794083185867155
4415.4 14.00963968301479
4419.6 14.218995519210804
4423.8 14.42224326800099
4428.0 14.619478408433416
4432.2 14.810799065488265
4436.4 14.996305758472772
4440.6 15.176101157279078
4444.8 15.350289846403658
4449.0 15.51897809662639
4453.2 15.682273644247902
4457.4 15.840285477783194
4461.6 15.993123632010239
4465.8 16.14089898927151
4470.0 16.28372308792742
4474.2 16.421707937859225
4478.4 16.554965842920225
4482.6 16.683609230233692
4486.8 16.807750486235328
4491.0 16.927501799359415
4495.2 17.042975009266133
4499.4 17.154281462509033
4503.6 17.261531874540744
4507.8 17.364836197955142
4512.0 17.464303496864833
4516.2 17.56004182731154
4520.4 17.652158123608448
4524.6 17.740758090512415
4528.8 17.825946101124458
4533.0 17.9078251004172
4537.2 17.986496514287047
4541.4 18.06206016402997
4545.6 18.134614186138858
4549.8 18.2042549573211
4554.0 18.27107702463447
4558.2 18.335173040639877
4562.4 18.39663370346913
4566.6 18.455547701706273
4570.8 18.512001663980566
4575.0 18.566080113169846
4579.2 18.617865425112214
4583.4 18.66743779172457
4587.6 18.714875188426475
4591.8 18.760253345767357
4596.0 18.8036457251558
4600.2 18.845123498588897
4604.4 18.884755532280273
4608.6 18.922608374085
4612.8 18.95874624461974
4617.0 18.993231031976595
4621.2 19.026122289928814
4625.4 19.057477239526865
4629.6 19.08735077398316
4633.8 19.115795466743677
4638.0 19.142861582645118
4642.2 19.168597092055546
4646.4 19.193047687897185
4650.6 19.21625680544956
4654.8 19.238265644831376
4659.0 19.259113196059424
4663.2 19.27883626658298
4667.4 19.2974695111919
4671.6 19.315045464196867
4675.8 19.331594573780038
4680.0 19.347145238414583
4684.2 19.3617238452513
4688.4 19.375354810370705
4692.6 19.38806062079905
4696.8 19.399861878186428
4701.0 19.41077734404549
4705.2 19.42082398644899
4709.4 19.43001702808455
4713.6 19.43836999556501
4717.8 19.44589476989272
4722.0 19.45260163797603
4726.2 19.458499345096424
4730.4 19.463595148224623
4734.6 19.467894870083942
4738.8 19.471402953859318
4743.0 19.47412251845033
4747.2 19.476055414166545
4751.4 19.477202278763546
4755.6 19.47756259371799
4759.8 19.477134740640057
4764.0 19.475916057721573
4768.2 19.473902896118258
4772.4 19.47109067616433
4776.6 19.46747394331791
4780.8 19.463046423735502
4785.0 19.457801079373926
4789.2 19.451730162518082
4793.4 19.444825269632783
4797.6 19.437077394437146
4801.8 19.42847698009979
4806.0 19.41901397045319
4810.2 19.40867786012558
4814.4 19.397457743488747
4818.6 19.385342362319985
4822.8 19.37232015207667
4827.0 19.358379286681696
4831.2 19.34350772171821
4835.4 19.3276932359319
4839.6 19.310923470939265
4843.8 19.293185969040188
4848.0 19.274468209033078
4852.2 19.254757639931086
4856.4 19.23404171247757
4860.6 19.21230790835932
4864.8 19.189543767015728
4869.0 19.16573690994236
4873.2 19.140875062387238
4877.4 19.11494607233819
4881.6 19.087937926699574
4885.8 19.05983876455685
4890.0 19.030636887427068
4894.2 19.000320766393987
4898.4 18.96887904602588
4902.6 18.93630054497449
4906.8 18.902574253153507
4911.0 18.8676893253948
4915.2 18.83163507148088
4919.4 18.79440094245187
4923.6 18.755976513085333
4927.8 18.716351460447317
4932.0 18.675515538412924
4936.2 18.633458548054854
4940.4 18.59017030379811
4944.6 18.545640595239355
4948.8 18.499859144529243
4953.0 18.452815559215892
4957.2 18.40449928044816
4961.4 18.354899526436817
4965.6 18.304005231072008
4969.8 18.251804977595476
4974.0 18.198286927225737
4978.2 18.143438742634597
4982.4 18.087247506173455
4986.6 18.029699632747587
4990.8 17.97078077723692
4995.0 17.910475736361395
4999.2 17.848768344889574
5003.4 17.78564136608864
5007.6 17.721076376314116
5011.8 17.65505364363785
5016.0 17.587552000412288
5020.2 17.51854870966974
5024.4 17.448019325254705
5028.6 17.375937545587803
5032.8 17.302275060959474
5037.0 17.227001394251864
5041.2 17.15008373498745
5045.4 17.0714867666023
5049.6 16.991172486842743
5053.8 16.909100021183672
5058.0 16.82522542916656
5062.2 16.73950150355597
5066.4 16.651877562212647
5070.6 16.562299232581456
5074.8 16.470708228692825
5079.0 16.377042120575737
5083.2 16.2812340959807
5087.4 16.1832127143112
5091.6 16.08290165266171
5095.8 15.980219443860978
5100.0 15.875079206418313
4071.0 14.08312124791049
4075.2 13.944019570597131
4079.4 13.843569937760996
4083.6 13.778217846449694
4087.8 13.74462139050625
4092.0 13.739642664976847
4096.2 13.760339386385002
4100.4 13.803956726296393
4104.6 13.867919355598685
4108.8 13.949823696920417
4113.0 14.047430382613546
4117.2 14.15865691572357
4121.4 14.281570531371763
4125.6 14.414381255973538
4129.8 14.555435161717408
4134.0 14.703207813728794
4138.2 14.856297907342748
4142.4 15.01342109291015
4146.6 15.173403985561306
4150.8 15.335178357351452
4155.0 15.497775509212499
4159.2 15.66032082013503
4163.4 15.822028471004828
4167.6 15.982196340518524
4171.8 16.140201070602206
4176.0 16.29549329875763
4180.2 16.44759305476005
4184.4 16.59608531913186
4188.6 16.740615740816793
4192.8 16.880886511478064
4197.0 17.01665239384599
4201.2 17.147716901537926
4205.4 17.273928627775838
4209.6 17.395177720425462
4213.8 17.511392500780904
4218.0 17.622536223519788
4222.2 17.72860397525233
4226.4 17.82961970908929
4230.6 17.925633412652545
4234.8 18.01671840695294
4239.0 18.10296877355951
4243.2 18.184496907484295
4247.4 18.261431193207112
4251.6 18.333913801264483
4255.8 18.402098602826957
4260.0 18.466149199689276
4264.2 18.52623706709739
4268.4 18.582539806836724
4272.6 18.635239508005963
4276.8 18.684521212900574
4281.0 18.730571485430428
4285.2 18.773577079495603
4289.4 18.81372370474478
4293.6 18.85119488714054
4297.8 18.88617092175555
4302.0 18.918827915224323
4306.2 18.949336915274422
4310.4 18.97786312476158
4314.6 19.004565197632996
4318.8 19.02959461424297
4323.0 19.05309513344527
4327.2 19.075202318886344
4331.4 19.096043136923818
4335.6 19.115735623594368
4339.8 19.13438861805536
4344.0 19.152101559924464
4348.2 19.168964347941515
4352.4 19.18505725737686
4356.6 19.200450913610553
4360.8 19.215206319306482
4365.0 19.22937493260591
4369.2 19.242998793764503
4373.4 19.256110697657245
4377.6 19.26873440957539
4381.8 19.280884921739844
4386.0 19.292568747955112
4390.2 19.30378425382815
4394.4 19.314522019976398
4398.6 19.324765235649178
4402.8 19.3344901201868
4407.0 19.343666369741626
4411.2 19.352257626685315
4415.4 19.36022196912653
4419.6 19.367512417963425
4423.8 19.374077458895073
4428.0 19.379861576816218
4432.2 19.384805800019507
4436.4 19.388848251629533
4440.6 19.39192470569293
4444.8 19.39396914534878
4449.0 19.394914320503617
4453.2 19.394692302435274
4457.4 19.393235032749818
4461.6 19.390474864115895
4465.8 19.386345090200695
4470.0 19.380780462231808
4474.2 19.37371768960928
4478.4 19.365095921992054
4482.6 19.354857210283154
4486.8 19.342946943937793
4491.0 19.329314262018706
4495.2 19.313912435422992
4499.4 19.29669921770468
4503.6 19.27763716191733
4507.8 19.2566939009009
4512.0 19.233842388437132
4516.2 19.20906109869783
4520.4 19.182334181410067
4524.6 19.153651570162864
4528.8 19.12300904127941
4533.0 19.0904082206791
4537.2 19.055856536153776
4541.4 19.019367112482307
4545.6 18.980958606807842
4549.8 18.94065498170199
4554.0 18.898485213340155
4558.2 18.85448293221231
4562.4 18.808685993793542
4566.6 18.761135976598496
4570.8 18.711877605044116
4575.0 18.660958094544835
4579.2 18.608426416264553
4583.4 18.554332478949668
4587.6 18.49872622526734
4591.8 18.441656640073443
4596.0 18.383170668034115
4600.2 18.323312038025602
4604.4 18.262119991736377
4608.6 18.199627913895803
4612.8 18.135861861553835
4617.0 18.070838989835664
4621.2 18.00456587159594
4625.4 17.93703670839652
4629.6 17.868231430232278
4633.8 17.798113681429047
4638.0 17.726628690137986
4642.2 17.653701018850743
4646.4 17.579232193359537
4650.6 17.503098207586568
4654.8 17.42514690170693
4659.0 17.34519521098921
4663.2 17.263026282778206
4667.4 17.178386459044013
4671.6 17.09098212192154
4675.8 17.00047639966504
4680.0 16.906485730441474
4684.2 16.808576281387563
4688.4 16.706260220354235
4692.6 16.598991837762966
4696.8 16.486163515998598
4701.0 16.367101543761972
4705.2 16.241061772807868
4709.4 16.107225114491538
4713.6 15.964692873548447
4717.8 15.812481916531777
4722.0 15.649519672331278
4726.2 15.474638962198433
4730.4 15.286572656701654
4734.6 15.083948157036255
3793.8 15.270666606706982
3798.0 14.851331881884114
3802.2 14.501444367109766
3806.4 14.215047783660475
3810.6 13.986537931263834
3814.8 13.810648263905168
3819.0 13.68243583860917
3823.2 13.597267632560042
3827.4 13.550807223925695
3831.6 13.539001831750355
3835.8 13.558069710280549
3840.0 13.604487893089132
3844.2 13.674980282362243
3848.4 13.7665060787139
3852.6 13.876248546892988
3856.8 14.001604112747502
3861.0 14.140171786810678
3865.2 14.289742909874025
3869.4 14.448291215911778
3873.6 14.613963207721596
3877.8 14.785068840646652
3882.0 14.960072509743082
3886.2 15.137584335758584
3890.4 15.316351745286116
3894.6 15.495251340457795
3898.8 15.673281053543976
3903.0 15.84955258182184
3907.2 16.023284098078594
3911.4 16.193793232114018
3915.6 16.360490318606903
3919.8 16.522871906710613
3924.0 16.680514526742012
3928.2 16.83306870932893
3932.4 16.98025325238078
3936.6 17.12184973124704
3940.8 17.257697247428645
3945.0 17.387687411206713
3949.2 17.51175955355362
3953.4 17.629896162691153
3957.6 17.742118540660403
3961.8 17.848482675268443
3966.0 17.94907532277615
3970.2 18.04401029669246
3974.4 18.133424958039324
3978.6 18.217476902452486
3982.8 18.296340839482795
3987.0 18.37020565946267
3991.2 18.439271683302707
3995.4 18.503748090583095
3999.6 18.563850521304495
4003.8 18.61979884666353
4008.0 18.671815104217174
4012.2 18.72012159280126
4016.4 18.764939122567583
4020.6 18.806485415504483
4024.8 18.84497365180575
4029.0 18.880611157452467
4033.2 18.913598228372752
4037.4 18.944127086543993
4041.6 18.97238096340251
4045.8 18.998533305925314
4050.0 19.022747100748784
4054.2 19.04517431168905
4058.4 19.065955426028815
4062.6 19.08521910493541
4066.8 19.103081933374924
4071.0 19.119648264887033
4075.2 19.13501015658547
4079.4 19.14924738974883
4083.6 19.16242757136645
4087.8 19.174606312004247
4092.0 19.1858274753552
4096.2 19.196123494839252
4100.4 19.205515752617508
4104.6 19.214015016385375
4108.8 19.221621929309492
4113.0 19.228327548473263
4117.2 19.234113927195626
4121.4 19.238954736588045
4125.6 19.24281592171428
4129.8 19.245656387717872
4134.0 19.247428711282076
4138.2 19.248079872786974
4142.4 19.24755200452857
4146.6 19.24578315036469
4150.8 19.24270803215239
4155.0 19.2382588183417
4159.2 19.232365890090435
4163.4 19.224958600264916
4167.6 19.215966020691308
4171.8 19.20531767302238
4176.0 19.192944238584477
4180.2 19.178778242569464
4184.4 19.16275470793642
4188.6 19.14481177438783
4192.8 19.12489127778517
4197.0 19.102939285368453
4201.2 19.078906582144704
4205.4 19.05274910381007
4209.6 19.024428311570276
4213.8 18.993911504224396
4218.0 18.96117206287641
4222.2 18.926189623639633
4226.4 18.8889501736986
4230.6 18.849446066093275
4234.8 18.807675948590287
4239.0 18.76364460200603
4243.2 18.71736268334638
4247.4 18.66884636912781
4251.6 18.61811689424466
4255.8 18.565199981747412
4260.0 18.510125158896578
4264.2 18.452924954857192
4268.4 18.393633975398537
4272.6 18.332287849963926
4276.8 18.268922046475332
4281.0 18.20357054923757
4285.2 18.136264395306917
4289.4 18.067030064688865
4293.6 17.995887719729815
4297.8 17.922849289067493
4302.0 17.84791639150479
4306.2 17.771078095171966
4310.4 17.692308507341803
4314.6 17.6115641902626
4318.8 17.528781398373876
4323.0 17.443873132269143
4327.2 17.356726004771176
4331.4 17.26719691448397
4335.6 17.17510952218646
4339.8 17.080250525432813
4344.0 16.982365726723728
4348.2 16.881155890613975
4352.4 16.776272385120706
4356.6 16.66731260279724
4360.8 16.55381515683737
4365.0 16.43525484757457
4369.2 16.311037394741323
4373.4 16.180493930852986
4377.6 16.042875251081217
4381.8 15.897345814981687
4386.0 15.742977495440506
4390.2 15.578743070204784
4394.4 15.403509451361607
4398.6 15.216030648130229
4402.8 15.014940458332825
4407.0 14.79874488390746
4411.2 14.565814265829305
4415.4 14.314375133804047
3550.2 15.615134184403368
3554.4 15.232387064869402
3558.6 14.90294300970662
3562.8 14.622961177481528
3567.0 14.388788077230101
3571.2 14.196951361550473
3575.4 14.044153745754766
3579.6 13.927267051883156
3583.8 13.843326376384464
3588.0 13.789524380267286
3592.2 13.763205700525209
3596.4 13.761861481640356
3600.6 13.78312402596903
3604.8 13.824761561813403
3609.0 13.884673127983067
3613.2 13.96088357365061
3617.4 14.051538672304824
3621.6 14.154900348605647
3625.8 14.269342016944725
3630.0 14.393344030515463
3634.2 14.525489239696569
3638.4 14.66445865855287
3642.6 14.809027238257293
3646.8 14.958059746238348
3651.0 15.110506749856265
3655.2 15.265400703412496
3659.4 15.421852137295847
3663.6 15.579045948069611
3667.8 15.73623778830343
3672.0 15.892750554953633
3676.2 16.04797097509642
3680.4 16.201346287817238
3684.6 16.352381021060715
3688.8 16.500633862244953
3693.0 16.64571462144381
3697.2 16.78728128594151
3701.4 16.925037164963317
3705.6 17.058728123385926
3709.8 17.188139903232088
3714.0 17.313095531752595
3718.2 17.433452814900413
3722.4 17.549101915000094
3726.6 17.659963011416803
3730.8 17.765984043028876
3735.0 17.867138531307603
3739.2 17.9634234828084
3743.4 18.05485736987707
3747.6 18.141478188375114
3751.8 18.223341591228255
3756.0 18.300519096601626
3760.2 18.373096369505994
3764.4 18.441171575638606
3768.6 18.504853806262737
3772.8 18.56426157292986
3777.0 18.619521370848187
3781.2 18.670766309701765
3785.4 18.718134810723733
3789.6 18.761769368827913
3793.8 18.801815378602512
3798.0 18.83842002296986
3802.2 18.871731223316125
3806.4 18.901896649894947
3810.6 18.92906279130881
3814.8 18.953374081872152
3819.0 18.97497208566011
3823.2 18.993994736046776
3827.4 19.010575629536923
3831.6 19.02484337269506
3835.8 19.036920980975815
3840.0 19.046925328259473
3844.2 19.054966645896602
3848.4 19.06114807006576
3852.6 19.06556523624805
3856.8 19.06830591962259
3861.0 19.069449720186682
3865.2 19.06906779140471
3869.4 19.067222611189568
3873.6 19.063967794020627
3877.8 19.059347943002074
3882.0 19.053398540665615
3886.2 19.04614587732141
3890.4 19.03760701576111
3894.6 19.027789791117037
3898.8 19.01669284468128
3903.0 19.004305690488714
3907.2 18.990608813467823
3911.4 18.97557379796321
3915.6 18.95916348543382
3919.8 18.941332160130575
3924.0 18.92202576155763
3928.2 18.90118212252087
3932.4 18.87873123156775
3936.6 18.854595518622332
3940.8 18.82869016261946
3945.0 18.800923419941885
3949.2 18.77119697246441
3953.4 18.739406294008848
3957.6 18.70544103401378
3961.8 18.669185417222923
3966.0 18.630518658196205
3970.2 18.589315389447215
3974.4 18.545446102011194
3978.6 18.49877759724731
3982.8 18.449173448679126
3987.0 18.39649447267736
3991.2 18.340599206788575
3995.4 18.28134439451399
3999.6 18.218585475342085
4003.8 18.15217707883908
4008.0 18.08197352160115
4012.2 18.007829305872242
4016.4 17.929599618631453
4020.6 17.847140829953965
4024.8 17.760310989449174
4029.0 17.66897031958039
4033.2 17.57298170466943
4037.4 17.472211174390583
4041.6 17.366528380557543
4045.8 17.255807066007215
4050.0 17.139925524384484
4054.2 17.01876704963169
4058.4 16.892220373986813
4062.6 16.7601800932944
4066.8 16.62254707843269
4071.0 16.479228871661512
4075.2 16.33014006669429
4079.4 16.175202671298486
4083.6 16.014346451228068
4087.8 15.847509254292081
4092.0 15.674637313363384
4096.2 15.495685527131002
4100.4 15.310617717400667
4104.6 15.119406861746683
4108.8 14.922035300319944
4113.0 14.718494915614928
4117.2 14.508787284000753
4121.4 14.29292379781916
4125.6 14.070925756854056
4129.8 13.842824427976378
4134.0 13.608661071767708
4138.2 13.368486934927223
3331.8 15.799964679063436
3336.0 15.393933135280585
3340.2 15.032385178698304
3344.4 14.71310382938705
3348.6 14.433914639294887
3352.8 14.192687350793245
3357.0 13.987337428286445
3361.2 13.815827465434287
3365.4 13.676168470539626
3369.6 13.566421032650275
3373.8 13.484696370926228
3378.0 13.429157269822737
3382.2 13.398018902639299
3386.4 13.389549545985552
3390.6 13.402071187714148
3394.8 13.433960030871283
3399.0 13.48364689621529
3403.2 13.549617525853797
3411.6 13.724628803247963
3415.8 13.830916941369026
3420.0 13.947983780427185
3424.2 14.074590941516584
3428.4 14.209554855219793
3432.6 14.351746444488224
3436.8 14.500090729044821
3441.0 14.653566353859544
3445.2 14.811205044248307
3449.4 14.972090990145482
3453.6 15.135360162100811
3457.8 15.300199561551114
3462.0 15.465846407916878
3466.2 15.631587265075016
3470.4 15.796757109757397
3474.6 15.96073834442604
3478.8 16.122959757175735
3483.0 16.282895431213845
3487.2 16.44006360646838
3491.4 16.594025495874707
3495.6 16.74438405889088
3499.8 16.89078273479298
3504.0 17.032904138299962
3508.2 17.170468720079164
3512.4 17.30323339468275
3516.6 17.43099013846536
3520.8 17.553564560033816
3525.0 17.670814445779016
3529.2 17.78262828304078
3533.4 17.888923763455807
3537.6 17.98964626903955
3541.8 18.084767343552308
3546.0 18.174283151699843
3550.2 18.258212928719523
3554.4 18.33659742290179
3558.6 18.40949733359796
3562.8 18.476991747264627
3567.0 18.53917657409503
3571.2 18.59616298778815
3575.4 18.648075871005748
3579.6 18.695052269067855
3583.8 18.73723985443746
3588.0 18.774795404544417
3592.2 18.807883295499483
3596.4 18.836674014248644
3600.6 18.861342691718406
3604.8 18.88206765950242
3609.0 18.89902903263996
3613.2 18.912407321036685
3617.4 18.92238207207825
3621.6 18.929130546987132
3625.8 18.932826433473203
3630.0 18.933638597228562
3634.2 18.931729874817
3638.4 18.927255910508674
3642.6 18.9203640396104
3646.8 18.911192220842082
3651.0 18.899868020309718
3655.2 18.886507649625482
3659.4 18.871215060725334
3663.6 18.85408109993469
3667.8 18.835182723832524
3672.0 18.81458227946449
3676.2 18.792326851455456
3680.4 18.76844767857199
3684.6 18.742959642285204
3688.8 18.71586082988448
3693.0 18.68713217469255
3697.2 18.656737175932417
3701.4 18.62462170079648
3705.6 18.590713871268573
3709.8 18.55492403824911
3714.0 18.517144845534038
3718.2 18.47725138619795
3722.4 18.4351014539319
3726.6 18.39053589188632
3730.8 18.343379041569584
3735.0 18.293439294352694
3739.2 18.240509748130464
3743.4 18.184368971689846
3747.6 18.12478187933572
3751.8 18.06150071832465
3756.0 17.994266171657248
3760.2 17.9228085787793
3764.4 17.846849276742436
3768.6 17.766102064374756
3772.8 17.680274792011602
3777.0 17.58907107933745
3781.2 17.49219216388894
3785.4 17.38933888276977
3789.6 17.280213790127878
3793.8 17.164523412945353
3798.0 17.04198064769157
3802.2 16.91230730039005
3806.4 16.775236772649418
3810.6 16.63051689620915
3814.8 16.477912918550338
3819.0 16.31721064212207
3823.2 16.148219719733873
3827.4 15.970777108664835
3831.6 15.78475068603959
3835.8 15.590043028021796
3840.0 15.386595355375908
3844.2 15.174391647946832
3848.4 14.953462930609112
3852.6 14.723891733235142
3856.8 14.485816727233246
3861.0 14.239437541206527
3865.2 13.9850197582819
3869.4 13.722900097660895
3873.6 13.453491782942361
3877.8 13.177290099766715
3882.0 12.89487814533379
3886.2 12.606932772343313
3890.4 12.314230729909156
3894.6 12.01765500399801
3180.6 10.462283270606378
3184.8 10.58695289352066
3193.2 10.877620272640044
3197.4 11.040949117116563
3201.6 11.21457942316291
3226.8 12.408592123049258
3231.0 12.623346188311523
3235.2 12.840153266049722
3239.4 13.05820657789468
3243.6 13.276747579975105
3247.8 13.495065256193937
3252.0 13.712495337462801
3256.2 13.928419450169358
3260.4 14.142264197150563
3264.6 14.353500174446134
3268.8 14.561640927106607
3273.0 14.766241847328896
3277.2 14.966899018194159
3281.4 15.163248006281504
3285.6 15.354962606431366
3289.8 15.541753541932724
3294.0 15.723367123407884
3298.2 15.899583869668904
3302.4 16.070217093819284
3306.6 16.235111457875202
3310.8 16.394141499180048
3315.0 16.547210131885915
3319.2 16.6942471267766
3323.4 16.835207572705315
3327.6 16.970070322921394
3331.8 17.098836429560077
3336.0 17.221527569568803
3340.2 17.338184465344323
3344.4 17.44886530335448
3348.6 17.553644154018333
3352.8 17.652609396118887
3357.0 17.745862149022088
3361.2 17.83351471597611
3365.4 17.915689041764807
3369.6 17.99251518798927
3373.8 18.06412982925141
3378.0 18.130674773513398
3382.2 18.192295509907083
3386.4 18.249139787267
3390.6 18.30135622666115
3394.8 18.349092971193354
3399.0 18.392496376351076
3403.2 18.431709744172675
3407.4 18.466872104507996
3411.6 18.498117046646176
3415.8 18.52557160458466
3420.0 18.5493551992132
3424.2 18.569578640686963
3428.4 18.58634319426244
3432.6 18.599739712870203
3436.8 18.609847839698418
3441.0 18.616735284060987
3445.2 18.620457173824246
3449.4 18.621055487666144
3453.6 18.618558570441827
3457.8 18.612980734929497
3462.0 18.604321953230535
3466.2 18.59256764109772
3470.4 18.577688538465512
3474.6 18.559640689456337
3478.8 18.538365525136662
3483.0 18.513790052296983
3487.2 18.48582715152942
3491.4 18.454375987876986
3495.6 18.41932253732841
3499.8 18.38054023243236
3504.0 18.337890730305094
3508.2 18.291224806305365
3512.4 18.2403833766505
3516.6 18.18519865324766
3520.8 18.125495434014073
3525.0 18.061092531960217
3529.2 17.99180434630987
3533.4 17.91744257893095
3537.6 17.837818099351022
3541.8 17.75274296163137
3546.0 17.662032576373722
3550.2 17.56550804113319
3554.4 17.46299863251174
3558.6 17.354344463205926
3562.8 17.239399307282582
3567.0 17.118033596956906
3571.2 16.99013759414634
3575.4 16.855624740074393
3579.6 16.71443518619845
3583.8 16.566539509735087
3588.0 16.411942617057345
3592.2 16.250687838237265
3596.4 16.082861216008133
3600.6 15.90859599242021
3604.8 15.728077296463407
3609.0 15.541547035931666
3613.2 15.349308996802188
3617.4 15.151734153403764
3621.6 14.949266192648269
3625.8 14.742427255598843
3630.0 14.531823899649009
3634.2 14.318153284586415
3638.4 14.102209585815391
3642.6 13.88489063801191
3646.8 13.667204812484975
3651.0 13.450278131518727
3655.2 13.235361622968341
3659.4 13.023838918384532
3663.6 12.817234097940224
3667.8 12.617219785432798
3672.0 12.425625496636904
3676.2 12.244446244280738
3680.4 12.075851402920193
3684.6 11.922193836984874
3126.0 15.24366035540136
3130.2 15.27170317445529
3134.4 15.322243145380599
3138.6 15.391890788343662
3142.8 15.477531006150604
3147.0 15.576310120365626
3151.2 15.685623113368711
3155.4 15.803101082213853
3159.6 15.926598910149877
3163.8 16.054183161665556
3168.0 16.18412020692043
3172.2 16.31486458142329
3176.4 16.445047586819925
3180.6 16.573466138651714
3184.8 16.699071866947094
3189.0 16.82096047550711
3193.2 16.938361365747195
3197.4 17.050627530956564
3201.6 17.15722572683703
3205.8 17.25772692418305
3210.0 17.351797049564453
3214.2 17.439188019873683
3218.4 17.519729076599315
3222.6 17.59331842568732
3226.8 17.659915188852068
3231.0 17.71953167219849
3235.2 17.77222595801721
3239.4 17.818094825614406
3243.6 17.85726700703792
3247.8 17.889896783561493
3252.0 17.91615792878872
3256.2 17.936238004238394
3260.4 17.95033301327299
3264.6 17.958642419231985
3268.8 17.961364533631684
3273.0 17.958692280293192
3277.2 17.950809341260356
3281.4 17.937886690369243
3285.6 17.920079520330905
3289.8 17.897524569189127
3294.0 17.870337852014835
3298.2 17.838612803698858
3302.4 17.802418838704757
3306.6 17.76180033364337
3310.8 17.716776038530817
3315.0 17.66733892259162
3319.2 17.613456460468665
3323.4 17.555071364701654
3327.6 17.4921027703358
3331.8 17.424447877522386
3336.0 17.351984057972928
3340.2 17.274571431128653
3344.4 17.19205591590692
3348.6 17.104272763886375
3352.8 17.011050579792368
3357.0 16.91221583514452
3361.2 16.807597880928025
3365.4 16.69703446515036
3369.6 16.580377761145215
3373.8 16.457500912485116
3378.0 16.32830510036471
3382.2 16.1927271393162
3386.4 16.050747607118687
3390.6 15.902399514763214
3394.8 15.747777522334818
3399.0 15.587047706674056
3403.2 15.420457886678697
3407.4 15.248348512108118
3411.6 15.071164121751764
3415.8 14.889465376823008
3420.0 14.703941675441094
3424.2 14.515424354061587
3428.4 14.324900481718034
3432.6 14.133527252936206
3436.8 13.942646985182089
3441.0 13.75380272670655
3445.2 13.568754480646874
3449.4 13.389496051248074
3453.6 13.218272518065026
3457.8 13.057598344007298
3462.0 12.910276123088476
3466.2 12.779415973741335
3470.4 12.668455583561013
3474.6 12.581180911337547
3478.8 12.521747552239546
3483.0 12.494702772010774
3487.2 12.505008216041192
3491.4 12.558063299174318
3495.6 12.659729282112458
