# lambda zeropoint
3600.6 11.538886886992525
3604.8 11.655405864621564
3609.0 11.7698458971377
3613.2 11.882240817875747
3617.4 11.992624003236305
3621.6 12.101028377671849
3625.8 12.207486418629863
3630.0 12.312030161452437
3634.2 12.41469120423351
3638.4 12.515500712633475
3642.6 12.614489424651541
3646.8 12.711687655356464
3651.0 12.807125301575336
3655.2 12.900831846541376
3659.4 12.992836364500533
3663.6 13.083167525277343
3667.8 13.171853598800421
3672.0 13.258922459587584
3676.2 13.34440159119134
3680.4 13.428318090604463
3684.6 13.510698672626372
3688.8 13.591569674190474
3693.0 13.670957058652503
3697.2 13.748886420040545
3701.4 13.825382987266641
3705.6 13.900471628300425
3709.8 13.974176854305075
3714.0 14.04652282373573
3718.2 14.11753334640079
3722.4 14.18723188748616
3726.6 14.255641571542878
3730.8 14.322785186438342
3735.0 14.38868518727131
3739.2 14.45336370025104
3743.4 14.516842526540792
3747.6 14.579143146065846
3751.8 14.640286721286499
3756.0 14.70029410093603
3760.2 14.75918582372419
3764.4 14.81698212200611
3768.6 14.873702925417206
3772.8 14.929367864474132
3777.0 14.983996274142045
3781.2 15.03760719736852
3785.4 15.09021938858422
3789.6 15.141851317170733
3793.8 15.192521170895596
3798.0 15.242246859314964
3802.2 15.29104601714404
3806.4 15.338936007595493
3810.6 15.385933925686128
3814.8 15.432056601512107
3819.0 15.477320603492803
3823.2 15.521742241583674
3827.4 15.565337570458267
3831.6 15.608122392659624
3835.8 15.650112261721382
3840.0 15.691322485258642
3844.2 15.731768128028955
3848.4 15.771464014963696
3852.6 15.810424734169768
3856.8 15.848664639902294
3861.0 15.88619785550803
3865.2 15.923038276340176
3869.4 15.959199572644417
3873.6 15.994695192416703
3877.8 16.029538364232774
3882.0 16.06374210004977
3886.2 16.097319197980077
3890.4 16.130282245037648
3894.6 16.162643619856986
3898.8 16.194415495385023
3903.0 16.225609841546053
3907.2 16.256238427880042
3911.4 16.28631282615433
3915.6 16.31584441294909
3919.8 16.344844372216727
3924.0 16.37332369781531
3928.2 16.401293196016354
3932.4 16.42876348798712
3936.6 16.45574501224757
3940.8 16.48224802710227
3945.0 16.50828261304736
3949.2 16.5338586751528
3953.4 16.55898594542019
3957.6 16.583673985116086
3961.8 16.6079321870814
3966.0 16.63176977801666
3970.2 16.65519582074367
3974.4 16.678219216443487
3978.6 16.70084870687106
3982.8 16.723092876546716
3987.0 16.74496015492455
3991.2 16.76645881853806
3995.4 16.787596993123096
3999.6 16.80838265571834
4003.8 16.82882363674355
4008.0 16.848927622055626
4012.2 16.868702154982806
4016.4 16.8881546383371
4020.6 16.907292336405092
4024.8 16.926122376917455
4029.0 16.944651752997117
4033.2 16.962887325086452
4037.4 16.980835822853575
4041.6 16.99850384707787
4045.8 17.015897871515083
4050.0 17.033024244741924
4054.2 17.049889191980533
4058.4 17.066498816902904
4062.6 17.082859103415394
4066.8 17.09897591742358
4071.0 17.114855008577507
4075.2 17.13050201199759
4079.4 17.145922449981306
4083.6 17.161121733690774
4087.8 17.17610516482148
4092.0 17.19087793725224
4096.2 17.20544513867657
4100.4 17.219811752215655
4104.6 17.233982658012977
4108.8 17.24796263481092
4113.0 17.26175636150933
4117.2 17.275368418706293
4121.4 17.28880329022125
4125.6 17.302065364600608
4129.8 17.31515893660597
4134.0 17.32808820868518
4138.2 17.34085729242628
4142.4 17.353470209994562
4146.6 17.365930895552864
4150.8 17.37824319666521
4155.0 17.390410875683983
4159.2 17.402437611120778
4163.4 17.414326999001034
4167.6 17.426082554202644
4171.8 17.4377077117786
4176.0 17.449205828263917
4180.2 17.460580182966908
4184.4 17.471833979244956
4188.6 17.48297034576493
4192.8 17.493992337748367
4197.0 17.5049029382016
4201.2 17.5157050591309
4205.4 17.526401542742835
4209.6 17.53699516262986
4213.8 17.547488624941487
4218.0 17.557884569540896
4222.2 17.56818557114736
4226.4 17.578394140464418
4230.6 17.588512725294105
4234.8 17.598543711637156
4239.0 17.60848942477956
4243.2 17.61835213036536
4247.4 17.628134035455965
4251.6 17.637837289576066
4255.8 17.64746398574622
4260.0 17.657016161502344
4264.2 17.666495799902123
4268.4 17.675904830518487
4272.6 17.685245130420377
4276.8 17.694518525140708
4281.0 17.703726789631897
4285.2 17.71287164920885
4289.4 17.721954780479713
4293.6 17.73097781226432
4297.8 17.739942326500646
4302.0 17.748849859139217
4306.2 17.757701901025676
4310.4 17.76649989877161
4314.6 17.77524525561372
4318.8 17.783939332261447
4323.0 17.792583447733268
4327.2 17.80117888018157
4331.4 17.809726867706416
4335.6 17.81822860915816
4339.8 17.82668526492914
4344.0 17.83509795773446
4348.2 17.843467773382
4352.4 17.8517957615318
4356.6 17.86008293644485
4360.8 17.868330277721448
4365.0 17.8765387310292
4369.2 17.884709208820794
4373.4 17.89284259104158
4377.6 17.900939725827165
4381.8 17.90900143019102
4386.0 17.917028490702272
4390.2 17.925021664153743
4394.4 17.932981678220322
4398.6 17.940909232107824
4402.8 17.94880499719236
4407.0 17.956669617650398
4411.2 17.964503711079505
4415.4 17.972307869109976
4419.6 17.980082658007372
4423.8 17.987828619266065
4428.0 17.995546270193923
4432.2 18.003236104488177
4436.4 18.010898592802636
4440.6 18.01853418330622
4444.8 18.026143302233017
4449.0 18.03372635442391
4453.2 18.04128372385987
4457.4 18.048815774186934
4461.6 18.0563228492331
4465.8 18.063805273517083
4470.0 18.0712633527491
4474.2 18.078697374323752
4478.4 18.086107607805072
4482.6 18.09349430540383
4486.8 18.1008577024472
4491.0 18.108198017840834
4495.2 18.115515454523468
4499.4 18.12281019991411
4503.6 18.130082426351887
4507.8 18.13733229152867
4512.0 18.144559938914522
4516.2 18.151765498176054
4520.4 18.158949085587775
4524.6 18.166110804436528
4528.8 18.17325074541903
4533.0 18.180368987032697
4537.2 18.187465595959715
4541.4 18.194540627444532
4545.6 18.201594125664748
4549.8 18.20862612409558
4554.0 18.21563664586792
4558.2 18.22262570412002
4562.4 18.229593302342987
4566.6 18.236539434720058
4570.8 18.243464086459763
4575.0 18.250367234123075
4579.2 18.25724884594456
4583.4 18.264108882147646
4587.6 18.270947295254082
4591.8 18.27776403038758
4596.0 18.284559025571824
4600.2 18.291332212022823
4604.4 18.29808351443571
4608.6 18.30481285126607
4612.8 18.311520135005814
4617.0 18.318205272453717
4621.2 18.32486816498064
4625.4 18.331508708789556
4629.6 18.338126795170393
4633.8 18.344722310749752
4638.0 18.351295137735622
4642.2 18.357845154157122
4646.4 18.364372234099278
4650.6 18.370876247933
4654.8 18.377357062540263
4659.0 18.383814541534505
4663.2 18.39024854547642
4667.4 18.396658932085092
4671.6 18.4030455564446
4675.8 18.409408271206097
4680.0 18.41574692678552
4684.2 18.422061371556822
4688.4 18.428351452040964
4692.6 18.43461701309059
4696.8 18.44085789807053
4701.0 18.447073949034113
4705.2 18.45326500689539
4709.4 18.45943091159733
4713.6 18.46557150227601
4717.8 18.471686617420836
4722.0 18.477776095030954
4726.2 18.48383977276774
4730.4 18.489877488103595
4734.6 18.49588907846693
4738.8 18.501874381383537
4743.0 18.507833234614292
4747.2 18.513765476289322
4751.4 18.519670945038598
4755.6 18.525549480119086
4759.8 18.53140092153845
4764.0 18.53722511017539
4768.2 18.543021887896668
4772.4 18.548791097670758
4776.6 18.5545325836784
4780.8 18.560246191419843
4785.0 18.56593176781901
4789.2 18.57158916132454
4793.4 18.5772182220078
4797.6 18.582818801657872
4801.8 18.58839075387355
4806.0 18.593933934152513
4810.2 18.599448199977505
4814.4 18.60493341089977
4818.6 18.610389428619673
4822.8 18.61581611706457
4827.0 18.621213342463964
4831.2 18.62658097342206
4835.4 18.63191888098761
4839.6 18.637226938721255
4843.8 18.642505022760297
4848.0 18.647753011880976
4852.2 18.652970787558292
4856.4 18.65815823402342
4860.6 18.66331523831872
4864.8 18.668441690350427
4869.0 18.673537482939054
4873.2 18.678602511867485
4877.4 18.683636675926877
4881.6 18.688639876960384
4885.8 18.693612019904688
4890.0 18.698553012829443
4894.2 18.70346276697463
4898.4 18.70834119678589
4902.6 18.713188219947803
4906.8 18.718003757415236
4911.0 18.722787733442733
4915.2 18.72754007561201
4919.4 18.73226071485756
4923.6 18.73694958549046
4927.8 18.741606625220324
4932.0 18.746231775175524
4936.2 18.75082497992166
4940.4 18.755386187478322
4944.6 18.759915349334193
4948.8 18.764412420460477
4953.0 18.768877359322747
4957.2 18.773310127891214
4961.4 18.777710691649414
4965.6 18.782079019601415
4969.8 18.786415084277504
4974.0 18.790718861738444
4978.2 18.794990331578255
4982.4 18.799229476925646
4986.6 18.803436284444054
4990.8 18.807610744330308
4995.0 18.811752850312036
4999.2 18.815862599643722
5003.4 18.81993999310155
5007.6 18.82398503497698
5011.8 18.827997733069147
5016.0 18.831978098676043
5020.2 18.835926146584583
5024.4 18.839841895059504
5028.6 18.843725365831197
5032.8 18.847576584082436
5037.0 18.851395578434055
5041.2 18.855182380929616
5045.4 18.858937027019056
5049.6 18.862659555541356
5053.8 18.86635000870626
5058.0 18.870008432075057
5062.2 18.873634874540457
5066.4 18.877229388305583
5070.6 18.880792028862096
5074.8 18.884322854967472
5079.0 18.887821928621477
5083.2 18.891289315041856
5087.4 18.894725082639184
5091.6 18.898129302991048
5095.8 18.90150205081544
5100.0 18.90484340394346
5104.2 18.90815344329132
5108.4 18.911432252831684
5112.6 18.91467991956436
5116.8 18.91789653348634
5121.0 18.921082187561275
5125.2 18.924236977688295
5129.4 18.927361002670317
5133.6 18.93045436418176
5137.8 18.933517166735736
5142.0 18.93654951765074
5146.2 18.939551527016814
5150.4 18.94252330766126
5154.6 18.945464975113847
5158.8 18.94837664757163
5163.0 18.9512584458633
5167.2 18.95411049341311
5171.4 18.956932916204476
5175.6 18.959725842743104
5179.8 18.962489404019834
5184.0 18.9652237334731
5188.2 18.96792896695106
5192.4 18.970605242673425
5196.6 18.973252701192987
5200.8 18.97587148535685
5205.0 18.9784617402674
5209.2 18.981023613243025
5213.4 18.98355725377859
5217.6 18.986062813505676
5221.8 18.98854044615264
5226.0 18.99099030750443
5230.2 18.993412555362255
5234.4 18.995807349503067
5238.6 18.998174851638886
5242.8 19.000515225375995
5247.0 19.00282863617397
5251.2 19.005115251304627
5255.4 19.007375239810845
5259.6 19.009608772465306
5263.8 19.01181602172912
5268.0 19.013997161710442
5272.2 19.016152368122945
5276.4 19.018281818244347
5280.6 19.0203856908748
5284.8 19.022464166295325
5289.0 19.024517426226225
5293.2 19.02654565378545
5297.4 19.028549033447018
5301.6 19.030527750999433
5305.8 19.032481993504142
5310.0 19.03441194925401
5314.2 19.036317807731862
5318.4 19.03819975956907
5322.6 19.040057996504228
5326.8 19.041892711341866
5331.0 19.04370409791129
5335.2 19.045492351025505
5339.4 19.047257666440203
5343.6 19.049000240812934
5347.8 19.05072027166234
5352.0 19.052417957327535
5356.2 19.05409349692764
5360.4 19.05574709032143
5364.6 19.057378938067167
5368.8 19.058989241382562
5373.0 19.060578202104963
5377.2 19.062146022651607
5381.4 19.063692905980208
5385.6 19.06521905554959
5389.8 19.066724675280625
5394.0 19.068209969517294
5398.2 19.069675142988025
5402.4 19.071120400767207
5406.6 19.072545948236936
5410.8 19.073951991049007
5415.0 19.07533873508711
5419.2 19.076706386429308
5423.4 19.07805515131073
5427.6 19.07938523608652
5431.8 19.080696847195078
5436.0 19.081990191121523
5440.2 19.083265474361454
5444.4 19.084522903384958
5448.6 19.085762684600944
5452.8 19.086985024321706
5457.0 19.08819012872782
5461.2 19.089378203833313
5465.4 19.090549455451125
5469.6 19.091704089158902
5473.8 19.09284231026507
5478.0 19.093964323775225
5482.2 19.09507033435884
5486.4 19.096160546316312
5490.6 19.097235163546294
5494.8 19.098294389513377
5499.0 19.09933842721611
5503.2 19.100367479155334
5507.4 19.10138174730286
5511.6 19.102381433070484
5515.8 19.103366737279377
5520.0 19.104337860129768
5524.2 19.105295001171008
5528.4 19.106238359271984
5532.6 19.1071681325919
5536.8 19.108084518551383
5541.0 19.108987713803963
5545.2 19.109877914207935
5549.4 19.110755314798567
5553.6 19.111620109760672
5557.8 19.112472492401547
5562.0 19.113312655124304
5566.2 19.114140789401553
5570.4 19.114957085749474
5574.6 19.11576173370224
5578.8 19.116554921786854
5583.0 19.117336837498325
5587.2 19.11810766727528
5591.4 19.11886759647588
5595.6 19.11961680935421
5599.8 19.120355489036953
5604.0 19.121083817500566
5608.2 19.121801975548724
5612.4 19.122510142790233
5616.6 19.123208497617313
5620.8 19.123897217184243
5625.0 19.124576477386427
5629.2 19.125246452839825
5633.4 19.12590731686081
5637.6 19.126559241446373
5641.8 19.12720239725474
5646.0 19.12783695358641
5650.2 19.128463078365503
5654.4 19.129080938121607
5658.6 19.129690697971927
5662.8 19.130292521603874
5667.0 19.130886571258028
5671.2 19.131473007711516
5675.4 19.13205199026173
5679.6 19.132623676710494
5683.8 19.133188223348604
5688.0 19.13374578494072
5692.2 19.134296514710712
5696.4 19.13484056432734
5700.6 19.13537808389037
5704.8 19.135909221917014
5709.0 19.13643412532883
5713.2 19.136952939438974
5717.4 19.13746580793981
5721.6 19.13797287289097
5725.8 19.13847427470771
5730.0 19.13897015214976
5734.2 19.139460642310443
5738.4 19.139945880606245
5742.6 19.14042600076674
5746.8 19.140901134824915
5751.0 19.14137141310781
5755.2 19.141836964227622
5759.4 19.142297915073097
5763.6 19.142754390801368
5767.8 19.143206514830094
5772.0 19.143654408830038
5776.2 19.14409819271794
5780.4 19.144537984649823
5784.6 19.144973901014612
5788.8 19.145406056428147
5793.0 19.14583456372753
5797.2 19.146259533965864
5801.4 19.146681076407322
5805.6 19.14709929852257
5809.8 19.147514305984547
5814.0 19.147926202664625
5818.2 19.148335090629065
5822.4 19.148741070135852
5826.6 19.149144239631887
5830.8 19.14954469575047
5835.0 19.149942533309183
5839.2 19.150337845308066
5843.4 19.15073072292816
5847.6 19.15112125553034
5851.8 19.151509530654554
5856.0 19.1518956340193
5860.2 19.15227964952148
5864.4 19.152661659236585
5868.6 19.153041743419188
5872.8 19.153419980503717
5877.0 19.153796447105627
5881.2 19.154171218022796
5885.4 19.154544366237303
5889.6 19.154915962917475
5893.8 19.155286077420236
5898.0 19.155654777293794
5902.2 19.156022128280586
5906.4 19.156388194320552
5910.6 19.156753037554683
5914.8 19.157116718328886
5919.0 19.157479295198087
5923.2 19.157840824930695
5927.4 19.15820136251327
5931.6 19.15856096115555
5935.8 19.15891967229567
5940.0 19.159277545605736
5944.2 19.15963462899762
5948.4 19.15999096862904
5952.6 19.160346608909908
5956.8 19.160701592508946
5961.0 19.16105596036052
5965.2 19.161409751671812
5969.4 19.161763003930155
5973.6 19.16211575291068
5977.8 19.162468032684203
5982.0 19.162819875625328
5986.2 19.163171312420804
5990.4 19.163522372078145
5994.6 19.163873081934458
5998.8 19.1642234676655
6003.0 19.164573553294986
6007.2 19.164923361204103
6011.4 19.165272912141273
6015.6 19.16562222523208
6019.8 19.1659713179895
6024.0 19.16632020632425
6028.2 19.166668904555415
6032.4 19.16701742542126
6036.6 19.16736578009023
6040.8 19.167713978172173
6045.0 19.16806202772976
6049.2 19.16840993529006
6053.4 19.16875770585638
6057.6 19.1691053429202
6061.8 19.169452848473384
6066.0 19.1698002230205
6070.2 19.17014746559135
6074.4 19.17049457375368
6078.6 19.170841543626047
6082.8 19.17118836989085
6087.0 19.17153504580756
6091.2 19.17188156322604
6095.4 19.17222791260012
6099.6 19.172574083001233
6103.8 19.172920062132278
6108.0 19.17326583634157
6112.2 19.173611390636992
6116.4 19.17395670870024
6120.6 19.174301772901224
6124.8 19.17464656431263
6129.0 19.174991062724583
6133.2 19.17533524665943
6137.4 19.175679093386687
6141.6 19.17602257893809
6145.8 19.176365678122743
6150.0 19.17670836454242
6154.2 19.177050610606962
6158.4 19.17739238754977
6162.6 19.17773366544343
6166.8 19.178074413215427
6171.0 19.17841459866396
6175.2 19.178754188473857
6179.4 19.17909314823258
6183.6 19.179431442446326
6187.8 19.179769034556198
6192.0 19.18010588695451
6196.2 19.180441961001087
6200.4 19.18077721703973
6204.6 19.18111161441471
6208.8 19.18144511148734
6213.0 19.181777665652607
6217.2 19.18210923335591
6221.4 19.182439770109802
6225.6 19.182769230510832
6229.8 19.183097568256443
6234.0 19.183424736161893
6238.2 19.18375068617725
6242.4 19.18407536940445
6246.6 19.184398736114343
6250.8 19.18472073576385
6255.0 19.185041317013106
6259.2 19.185360427742662
6263.4 19.185678015070717
6267.6 19.185994025370366
6271.8 19.186308404286905
6276.0 19.186621096755115
6280.2 19.186932047016608
6284.4 19.18724119863718
6288.6 19.18754849452415
6292.8 19.187853876943755
6297.0 19.188157287538527
6301.2 19.188458667344683
6305.4 19.188757956809518
6309.6 19.1890550958088
6313.8 19.189350023664165
6318.0 19.189642679160514
6322.2 19.189933000563368
6326.4 19.190220925636265
6330.6 19.190506391658115
6334.8 19.190789335440527
6339.0 19.19106969334515
6343.2 19.19134740130097
6347.4 19.1916223948216
6351.6 19.191894609022526
6355.8 19.19216397863833
6360.0 19.192430438039903
6364.2 19.19269392125158
6368.4 19.1929543619683
6372.6 19.193211693572678
6376.8 19.19346584915203
6381.0 19.19371676151542
6385.2 19.193964363210583
6389.4 19.194208586540846
6393.6 19.194449363581985
6397.8 19.19468662619903
6402.0 19.19492030606302
6406.2 19.195150334667684
6410.4 19.195376643346076
6414.6 19.195599163287163
6418.8 19.195817825552297
6423.0 19.196032561091677
6427.2 19.196243300760713
6431.4 19.19644997533631
6435.6 19.19665251553312
6439.8 19.196850852019654
6444.0 19.197044915434393
6448.2 19.197234636401735
6452.4 19.197419945547946
6456.6 19.19760077351695
6460.8 19.197777050986097
6465.0 19.197948708681782
6469.2 19.198115677395027
6473.4 19.198277887996962
6477.6 19.19843527145416
6481.8 19.198587758843942
6486.0 19.198735281369558
6490.2 19.19887777037526
6494.4 19.199015157361295
6498.6 19.199147373998752
6502.8 19.19927435214436
6507.0 19.199396023855147
6511.2 19.19951232140298
6515.4 19.199623177289034
6519.6 19.199728524258106
6523.8 19.199828295312834
6528.0 19.19992242372782
6532.2 19.200010843063584
6536.4 19.200093487180467
6540.6 19.20017029025235
6544.8 19.200241186780293
6549.0 19.200306111606032
6553.2 19.200364999925373
6557.4 19.200417787301408
6561.6 19.200464409677675
6565.8 19.200504803391123
6570.0 19.200538905184995
6574.2 19.200566652221557
6578.4 19.200587982094675
6582.6 19.2006028328423
6586.8 19.200611142958802
6591.0 19.200612851407122
6595.2 19.20060789763087
6599.4 19.200596221566194
6603.6 19.200577763653584
6607.8 19.200552464849483
6612.0 19.20052026663777
6616.2 19.20048111104111
6620.4 19.200434940632142
6624.6 19.200381698544533
6628.8 19.20032132848387
6633.0 19.20025377473842
6637.2 19.200178982189733
6641.4 19.200096896323085
6645.6 19.20000746323778
6649.8 19.199910629657314
6654.0 19.199806342939336
6658.2 19.19969455108552
6662.4 19.199575202751237
6666.6 19.19944824725507
6670.8 19.19931363458821
6675.0 19.199171315423666
6679.2 19.19902124112529
6683.4 19.19886336375672
6687.6 19.198697636090074
6691.8 19.19852401161457
6696.0 19.198342444544902
6700.2 19.198152889829515
6704.4 19.197955303158697
6708.6 19.197749640972503
6712.8 19.19753586046852
6717.0 19.197313919609467
6721.2 19.197083777130644
6725.4 19.196845392547186
6729.6 19.196598726161188
6733.8 19.19634373906864
6738.0 19.196080393166195
6742.2 19.195808651157794
6746.4 19.195528476561094
6750.6 19.19523983371374
6754.8 19.194942687779495
6759.0 19.194637004754156
6763.2 19.194322751471343
6767.4 19.19399989560808
6771.6 19.193668405690257
6775.8 19.193328251097892
6780.0 19.1929794020702
6784.2 19.192621829710568
6788.4 19.192255505991273
6792.6 19.191880403758102
6796.8 19.191496496734757
6801.0 19.19110375952712
6805.2 19.190702167627332
6809.4 19.190291697417695
6813.6 19.189872326174445
6817.8 19.189444032071307
6822.0 19.189006794182905
6826.2 19.18856059248801
6830.4 19.188105407872595
6834.6 19.18764122213276
6838.8 19.18716801797744
6843.0 19.186685779030988
6847.2 19.186194489835554
6851.4 19.185694135853332
6855.6 19.185184703468614
6859.8 19.184666179989684
6864.0 19.184138553650545
6868.2 19.183601813612484
6872.4 19.18305594996546
6876.6 19.18250095372934
6880.8 19.181936816854954
6885.0 19.181363532225006
6889.2 19.180781093654797
6893.4 19.1801894958928
6897.6 19.179588734621067
6901.8 19.178978806455454
6906.0 19.17835970894574
6910.2 19.177731440575506
6914.4 19.17709400076191
6918.6 19.17644738985529
6922.8 19.175791609138575
6927.0 19.175126660826585
6931.2 19.17445254806513
6935.4 19.173769274929988
6939.6 19.17307684642568
6943.8 19.17237526848413
6948.0 19.17166454796316
6952.2 19.170944692644795
6956.4 19.170215711233457
6960.6 19.169477613353994
6964.8 19.16873040954953
6969.0 19.167974111279197
6973.2 19.167208730915693
6977.4 19.166434281742696
6981.6 19.16565077795214
6985.8 19.16485823464132
6990.0 19.164056667809845
6994.2 19.163246094356495
6998.4 19.16242653207586
7002.6 19.16159799965489
7006.8 19.160760516669274
7011.0 19.15991410357967
7015.2 19.159058781727826
7019.4 19.158194573332512
7023.6 19.15732150148536
7027.8 19.156439590146523
7032.0 19.15554886414023
7036.2 19.154649349150187
7040.4 19.153741071714826
7044.6 19.152824059222464
7048.8 19.151898339906282
7053.0 19.150963942839194
7057.2 19.150020897928595
7061.4 19.149069235910947
7065.6 19.148108988346273
7069.8 19.147140187612475
7074.0 19.146162866899598
7078.2 19.14517706020389
7082.4 19.14418280232178
7086.6 19.143180128843753
7090.8 19.14216907614804
7095.0 19.141149681394257
7099.2 19.14012198251686
7103.4 19.139086018218563
7107.6 19.138041827963537
7111.8 19.1369894519706
7116.0 19.135928931206205
7120.2 19.13486030737738
7124.4 19.13378362292451
7128.6 19.132698921014057
7132.8 19.131606245531113
7137.0 19.1305056410719
7141.2 19.129397152936143
7145.4 19.128280827119337
7149.6 19.12715671030492
7153.8 19.126024849856314
7158.0 19.124885293808934
7162.2 19.12373809086203
7166.4 19.12258329037046
7170.6 19.12142094233639
7174.8 19.120251097400843
7179.0 19.119073806835242
7183.2 19.117889122532763
7187.4 19.116697096999676
7191.6 19.115497783346573
7195.8 19.11429123527949
7200.0 19.113077507090996
7204.2 19.111856653651124
7208.4 19.110628730398314
7212.6 19.10939379333018
7216.8 19.108151898994283
7221.0 19.106903104478764
7225.2 19.10564746740295
7229.4 19.104385045907854
7233.6 19.103115898646625
7237.8 19.10184008477491
7242.0 19.100557663941157
7246.2 19.099268696276862
7250.4 19.09797324238674
7254.6 19.096671363338814
7258.8 19.095363120654493
7263.0 19.09404857629854
7267.2 19.092727792669
7271.4 19.091400832587084
7275.6 19.09006775928697
7279.8 19.088728636405598
7284.0 19.08738352797235
7288.2 19.08603249839873
7292.4 19.08467561246798
7296.6 19.083312935324653
7300.8 19.081944532464114
7305.0 19.08057046972206
7309.2 19.07919081326392
7313.4 19.077805629574293
7317.6 19.076414985446284
7321.8 19.075018947970836
7326.0 19.07361758452603
7330.2 19.072210962766345
7334.4 19.070799150611872
7338.6 19.06938221623754
7342.8 19.067960228062258
7347.0 19.066533254738076
7351.2 19.06510136513931
7355.4 19.063664628351642
7359.6 19.06222311366118
7363.8 19.06077689054355
7368.0 19.059326028652908
7372.2 19.057870597810986
7376.4 19.0564106679961
7380.6 19.054946309332152
7384.8 19.053477592077616
7389.0 19.052004586614533
7393.2 19.050527363437475
7397.4 19.04904599314252
7401.6 19.04756054641622
7405.8 19.046071094024573
7410.0 19.044577706801967
7414.2 19.043080455640165
7418.4 19.04157941147728
7422.6 19.04007464528673
7426.8 19.03856622806624
7431.0 19.037054230826826
7435.2 19.03553872458179
7439.4 19.034019780335736
7443.6 19.032497469073604
7447.8 19.030971861749702
7452.0 19.029443029276766
7456.2 19.027911042515047
7460.4 19.02637597226139
7464.6 19.02483788923837
7468.8 19.023296864083424
7473.0 19.021752967338028
7477.2 19.020206269436873
7481.4 19.018656840697115
7485.6 19.01710475130761
7489.8 19.015550071318195
7494.0 19.013992870629036
7498.2 19.01243321897993
7502.4 19.010871185939745
7506.6 19.00930684089582
7510.8 19.007740253043444
7515.0 19.00617149137535
7519.2 19.004600624671294
7523.4 19.003027721487616
7527.6 19.00145285014691
7531.8 18.999876078727706
7536.0 18.998297475054198
7540.2 18.996717106686052
7544.4 18.995135040908238
7548.6 18.993551344720913
7552.8 18.991966084829404
7557.0 18.990379327634173
7561.2 18.988791139220922
7565.4 18.987201585350697
7569.6 18.985610731450063
7573.8 18.984018642601384
7578.0 18.982425383533112
7582.2 18.980831018610164
7586.4 18.979235611824386
7590.6 18.97763922678504
7594.8 18.976041926709414
7599.0 18.974443774413444
7603.2 18.97284483230248
7607.4 18.97124516236204
7611.6 18.96964482614873
7615.8 18.968043884781153
7620.0 18.966442398930973
7624.2 18.964840428814
7628.4 18.96323803418139
7632.6 18.961635274310915
7636.8 18.960032207998307
7641.0 18.958428893548703
7645.2 18.956825388768173
7649.4 18.955221750955317
7653.6 18.953618036892962
7657.8 18.952014302839963
7662.0 18.950410604523075
7666.2 18.948806997128898
7670.4 18.947203535295976
7674.6 18.945600273106933
7678.8 18.943997264080704
7683.0 18.942394561164914
7687.2 18.940792216728298
7691.4 18.939190282553252
7695.6 18.93758880982847
7699.8 18.935987849141682
7704.0 18.934387450472492
7708.2 18.93278766318534
7712.4 18.931188536022532
7716.6 18.92959011709739
7720.8 18.927992453887533
7725.0 18.9263955932282
7729.2 18.924799581305763
7733.4 18.923204463651278
7737.6 18.92161028513419
7741.8 18.92001708995611
7746.0 18.918424921644753
7750.2 18.916833823047927
7754.4 18.91524383632768
7758.6 18.91365500295455
7762.8 18.912067363701926
7767.0 18.910480958640505
7771.2 18.90889582713291
7775.4 18.907312007828374
7779.6 18.905729538657564
7783.8 18.904148456827542
7788.0 18.90256879881681
7792.2 18.90099060037049
7796.4 18.899413896495634
7800.6 18.89783872145662
7804.8 18.89626510877072
7809.0 18.89469309120374
7813.2 18.893122700765826
7817.4 18.891553968707342
7821.6 18.889986925514922
7825.8 18.888421600907613
7830.0 18.88685802383317
7834.2 18.88529622246443
7838.4 18.883736224195864
7842.6 18.88217805564021
7846.8 18.880621742625273
7851.0 18.87906731019081
7855.2 18.877514782585585
7859.4 18.875964183264493
7863.6 18.874415534885888
7867.8 18.87286885930896
7872.0 18.8713241775913
7876.2 18.86978150998656
7880.4 18.86824087594224
7884.6 18.866702294097653
7888.8 18.865165782281927
7893.0 18.863631357512237
7897.2 18.86209903599208
7901.4 18.860568833109745
7905.6 18.859040763436866
7909.8 18.85751484072714
7914.0 18.85599107791514
7918.2 18.854469487115285
7922.4 18.85295007962092
7926.6 18.851432865903554
7930.8 18.849917855612187
7935.0 18.848405057572784
7939.2 18.846894479787906
7943.4 18.845386129436424
7947.6 18.84388001287339
7951.8 18.842376135630033
7956.0 18.84087450241388
7960.2 18.839375117108982
7964.4 18.83787798277634
7968.6 18.83638310165438
7972.8 18.834890475159586
7977.0 18.833400103887257
7981.2 18.831911987612425
7985.4 18.830426125290842
7989.6 18.828942515060128
7993.8 18.827461154241046
7998.0 18.825982039338882
8002.2 18.824505166044975
8006.4 18.823030529238356
8010.6 18.82155812298751
8014.8 18.820087940552277
8019.0 18.81861997438585
8023.2 18.817154216136927
8027.4 18.81569065665196
8031.6 18.81422928597754
8035.8 18.812770093362893
8040.0 18.811313067262507
8044.2 18.80985819533885
8048.4 18.808405464465267
8052.6 18.80695486072892
8056.8 18.805506369433907
8061.0 18.804059975104458
8065.2 18.802615661488257
8069.4 18.801173411559912
8073.6 18.799733207524465
8077.8 18.7982950308211
8082.0 18.79685886212691
8086.2 18.795424681360767
8090.4 18.793992467687357
8094.6 18.792562199521274
8098.8 18.791133854531246
8103.0 18.78970740964445
8107.2 18.78828284105096
8111.4 18.78686012420828
8115.6 18.785439233846
8119.8 18.784020143970494
8124.0 18.782602827869837
8128.2 18.78118725811871
8132.4 18.77977340658346
8136.6 18.778361244427234
8140.8 18.776950742115254
8145.0 18.77554186942012
8149.2 18.774134595427277
8153.4 18.772728888540517
8157.6 18.77132471648762
8161.8 18.769922046326048
8166.0 18.768520844448762
8170.2 18.767121076590087
8174.4 18.765722707831713
8178.6 18.76432570260873
8182.8 18.762930024715786
8187.0 18.761535637313322
8191.2 18.760142502933842
8195.4 18.758750583488332
8199.6 18.757359840272716
8203.8 18.75597023397437
8208.0 18.754581724678776
8212.2 18.75319427187616
8216.4 18.75180783446829
8220.6 18.75042237077528
8224.8 18.74903783854248
8229.0 18.747654194947444
8233.2 18.746271396606957
8237.4 18.744889399584107
8241.6 18.74350815939544
8245.8 18.74212763101817
8250.0 18.740747768897428
8254.2 18.739368526953598
8258.4 18.737989858589657
8262.6 18.73661171669864
8266.8 18.735234053671075
8271.0 18.73385682140251
8275.2 18.732479971301103
8279.4 18.73110345429519
8283.6 18.729727220840967
8287.8 18.728351220930172
8292.0 18.726975404097793
8296.2 18.72559971942987
8300.4 18.72422411557125
8304.6 18.722848540733445
8308.8 18.72147294270247
8313.0 18.72009726884674
8317.2 18.71872146612497
8321.4 18.717345481094114
8325.6 18.71596925991731
8329.8 18.714592748371857
8334.0 18.713215891857207
8338.2 18.711838635402945
8342.4 18.710460923676827
8346.6 18.709082700992788
8350.8 18.707703911318976
8355.0 18.70632449828578
8359.2 18.704944405193874
8363.4 18.703563575022244
8367.6 18.702181950436234
8371.8 18.70079947379556
8376.0 18.699416087162348
8380.2 18.698031732309136
8384.4 18.696646350726883
8388.6 18.695259883632946
8392.8 18.693872271979043
8397.0 18.69248345645923
8401.2 18.6910933775178
8405.4 18.68970197535721
8409.6 18.68830918994593
8413.8 18.68691496102632
8418.0 18.685519228122423
8422.2 18.684121930547768
8426.4 18.682723007413074
8430.6 18.681322397634002
8434.8 18.679920039938782
8439.0 18.678515872875842
8443.2 18.67710983482138
8447.4 18.675701863986855
8451.6 18.674291898426507
8455.8 18.672879876044703
8460.0 18.671465734603327
8464.2 18.670049411729075
8468.4 18.668630844920646
8472.6 18.66720997155593
8476.8 18.665786728899104
8481.0 18.66436105410762
8485.2 18.662932884239176
8489.4 18.661502156258575
8493.6 18.660068807044514
8497.8 18.658632773396263
8502.0 18.65719399204033
8506.2 18.655752399636942
8510.4 18.654307932786516
8514.6 18.65286052803599
8518.8 18.651410121885064
8523.0 18.649956650792355
8527.2 18.648500051181436
8531.4 18.647040259446786
8535.6 18.645577211959598
8539.8 18.64411084507353
8544.0 18.642641095130276
8548.2 18.641167898465078
8552.4 18.63969119141209
8556.6 18.638210910309617
8560.8 18.636726991505245
8565.0 18.635239371360825
8569.2 18.63374798625735
8573.4 18.632252772599653
8577.6 18.63075366682103
8581.8 18.62925060538767
8586.0 18.62774352480298
8590.2 18.626232361611734
8594.4 18.62471705240408
8598.6 18.623197533819425
8602.8 18.62167374255014
8607.0 18.6201456153451
8611.2 18.61861308901307
8615.4 18.617076100425965
8619.6 18.615534586521896
8623.8 18.613988484308052
8628.0 18.612437730863444
8632.2 18.61088226334146
8636.4 18.609322018972208
8640.6 18.60775693506475
8644.8 18.606186949009082
8649.0 18.604611998277964
8653.2 18.60303202042857
8657.4 18.601446953103935
8661.6 18.59985673403418
8665.8 18.598261301037603
8670.0 18.596660592021504
8674.2 18.595054544982865
8678.4 18.59344309800878
8682.6 18.591826189276702
8686.8 18.59020375705447
8691.0 18.58857573970014
8695.2 18.586942075661558
8699.4 18.585302703475772
8703.6 18.58365756176817
8707.8 18.58200658925144
8712.0 18.580349724724236
8716.2 18.578686907069716
8720.4 18.577018075253743
8724.6 18.575343168322927
8728.8 18.573662125402382
8733.0 18.57197488569327
8737.2 18.57028138847009
8741.4 18.56858157307774
8745.6 18.566875378928298
8749.8 18.56516274549758
8754.0 18.563443612321443
8758.2 18.561717918991818
8762.4 18.559985605152498
8766.6 18.55824661049467
8770.8 18.556500874752164
8775.0 18.554748337696456
8779.2 18.5529889391314
8783.4 18.551222618887685
8787.6 18.549449316817025
8791.8 18.547668972786074
8796.0 18.545881526670055
8800.2 18.544086918346128
8804.4 18.542285087686462
8808.6 18.540475974551033
8812.8 18.53865951878013
8817.0 18.536835660186576
8821.2 18.535004338547665
8825.4 18.533165493596794
8829.6 18.53131906501482
8833.8 18.52946499242109
8838.0 18.52760321536422
8842.2 18.525733673312537
8846.4 18.52385630564422
8850.6 18.521971051637166
8854.8 18.52007785045852
8859.0 18.51817664115392
8863.2 18.516267362636412
8867.4 18.514349953675083
8871.6 18.512424352883354
8875.8 18.510490498706965
8880.0 18.508548329411664
8884.2 18.506597783070553
8888.4 18.50463879755114
8892.6 18.502671310502045
8896.8 18.500695259339395
8901.0 18.498710581232913
8905.2 18.49671721309166
8909.4 18.494715091549455
8913.6 18.492704152949987
8917.8 18.490684333331565
8922.0 18.488655568411573
8926.2 18.486617793570574
8930.4 18.484570943836093
8934.6 18.482514953866062
8938.8 18.480449757931922
8943.0 18.478375289901418
8947.2 18.476291483221036
8951.4 18.474198270898107
8955.6 18.47209558548257
8959.8 18.46998335904844
8964.0 18.467861523174857
8968.2 18.465730008926865
8972.4 18.463588746835836
8976.6 18.461437666879537
8980.8 18.45927669846187
8985.0 18.45710577039227
8989.2 18.454924810864764
8993.4 18.452733747436678
8997.6 18.450532507007026
9001.8 18.44832101579453
9006.0 18.446099199315324
9010.2 18.443866982360294
9014.4 18.4416242889721
9018.6 18.43937104242184
9022.8 18.437107165185374
9027.0 18.43483257891932
9031.2 18.43254720443671
9035.4 18.430250961682273
9039.6 18.42794376970744
9043.8 18.425625546644955
9048.0 18.42329620968317
9052.2 18.420955675040016
9056.4 18.418603857936617
9060.6 18.416240672570567
9064.8 18.413866032088897
9069.0 18.411479848560703
9073.2 18.409082032949406
9077.4 18.406672495084745
9081.6 18.404251143634358
9085.8 18.401817886075136
9090.0 18.39937262866416
9094.2 18.39691527640936
9098.4 18.39444573303985
9102.6 18.391963900975906
9106.8 18.3894696812987
9111.0 18.386962973719605
9115.2 18.3844436765493
9119.4 18.38191168666647
9123.6 18.379366899486257
9127.8 18.37680920892838
9132.0 18.374238507384906
9136.2 18.371654685687812
9140.4 18.369057633076164
9144.6 18.366447237163005
9148.8 18.363823383902
9153.0 18.36118595755374
9157.2 18.358534840651753
9161.4 18.355869913968277
9165.6 18.353191056479677
9169.8 18.350498145331667
9174.0 18.34779105580415
9178.2 18.345069661275915
9182.4 18.34233383318892
9186.6 18.339583441012422
9190.8 18.336818352206816
9195.0 18.334038432187157
9199.2 18.331243544286515
9203.4 18.32843354971902
9207.6 18.325608307542677
9211.8 18.32276767462196
9216.0 18.319911505590134
9220.2 18.317039652811378
9224.4 18.31415196634265
9228.6 18.311248293895357
9232.8 18.30832848079679
9237.0 18.305392369951356
9241.2 18.302439801801608
9245.4 18.299470614289046
9249.6 18.296484642814754
9253.8 18.293481720199843
9258.0 18.290461676645673
9262.2 18.28742433969397
9266.4 18.284369534186677
9270.6 18.28129708222572
9274.8 18.27820680313257
9279.0 18.275098513407663
9283.2 18.27197202668969
9287.4 18.268827153714696
9291.6 18.26566370227513
9295.8 18.262481477178675
9300.0 18.259280280207037
9304.2 18.256059910074566
9308.4 18.252820162386833
9312.6 18.249560829599037
9316.8 18.246281700974386
9321.0 18.242982562542377
9325.2 18.239663197056984
9329.4 18.236323383954826
9333.6 18.232962899313222
9337.8 18.22958151580826
9342.0 18.226179002672783
9346.2 18.222755125654366
9350.4 18.21930964697326
9354.6 18.215842325280352
9358.8 18.21235291561508
9363.0 18.208841169363414
9367.2 18.205306834215776
9371.4 18.201749654125088
9375.6 18.198169369264754
9379.8 18.194565715986776
9384.0 18.190938426779866
9388.2 18.18728723022767
9392.4 18.183611850967058
9396.6 18.179912009646472
9400.8 18.176187422884443
9405.0 18.172437803228163
9409.2 18.168662859112207
9413.4 18.164862294817386
9417.6 18.161035810429755
9421.8 18.157183101799767
9426.0 18.15330386050161
9430.2 18.149397773792735
9434.4 18.14546452457358
9438.6 18.141503791347468
9442.8 18.137515248180787
9447.0 18.133498564663384
9451.2 18.129453405869175
9455.4 18.125379432317064
9459.6 18.12127629993215
9463.8 18.117143660007137
9468.0 18.11298115916418
9472.2 18.108788439316932
9476.4 18.104565137633013
9480.6 18.100310886496764
9484.8 18.09602531347243
9489.0 18.091708041267644
9493.2 18.0873586876974
9497.4 18.08297686564834
9501.6 18.078562183043573
9505.8 18.07411424280782
9510.0 18.06963264283313
9514.2 18.065116975945
9518.4 18.060566829869014
9522.6 18.055981787197993
9526.8 18.051361425359683
9531.0 18.046705316584937
9535.2 18.042013027876543
9539.4 18.037284120978555
9543.6 18.032518152346285
9547.8 18.02771467311685
9552.0 18.022873229080425
9556.2 18.017993360652092
9560.4 18.013074602844405
9564.6 18.0081164852406
9568.8 18.0031185319686
9573.0 17.99808026167566
9577.2 17.993001187503836
9581.4 17.987880817066195
9585.6 17.982718652423817
9589.8 17.97751419006364
9594.0 17.972266920877125
9598.2 17.966976330139758
9602.4 17.96164189749149
9606.6 17.956263096918008
9610.8 17.95083939673299
9615.0 17.94537025956129
9619.2 17.939855142323065
9623.4 17.934293496218928
9627.6 17.92868476671611
9631.8 17.923028393535652
9636.0 17.91732381064068
9640.2 17.911570446225745
9644.4 17.9057677227073
9648.6 17.899915056715265
9652.8 17.894011859085857
9657.0 17.888057534855474
9661.2 17.8820514832559
9665.4 17.875993097710715
9669.6 17.869881765832925
9673.8 17.863716869423964
9678.0 17.85749778447397
9682.2 17.851223881163378
9686.4 17.844894523865985
9690.6 17.838509071153286
9694.8 17.832066875800347
9699.0 17.825567284793067
9703.2 17.81900963933699
9707.4 17.81239327486756
9711.6 17.805717521061965
9715.8 17.79898170185255
9720.0 17.792185135441834
9724.2 17.785327134319147
9728.4 17.77840700527894
9732.6 17.771424049440803
9736.8 17.764377562271182
9741.0 17.757266833606888
9745.2 17.75009114768036
9749.4 17.7428497831468
9753.6 17.735542013113076
9757.8 17.728167105168637
9762.0 17.72072432141822
9766.2 17.713212918516614
9770.4 17.705632147705344
9774.6 17.69798125485142
9778.8 17.69025948048812
9783.0 17.682466059857866
9787.2 17.674600222957242
9791.4 17.666661194584172
9795.6 17.658648194387272
9799.8 17.650560436917484
9804.0 17.642397131681925
9808.2 17.634157483200113
9812.4 17.625840691062457
9816.6 17.61744594999123
9820.8 17.608972449903863
9825.0 17.600419375978785
9829.2 17.59178590872372
9833.4 17.583071224046517
9837.6 17.5742744933286
9841.8 17.565394883500986
9846.0 17.556431557123013
9850.2 17.547383672463745
9854.4 17.538250383586103
9858.6 17.529030840433812
9862.8 17.51972418892115
9867.0 17.510329571025586
9871.2 17.500846124883324
9875.4 17.49127298488778
9879.6 17.481609281791076
9883.8 17.471854142808606
9888.0 17.462006691726604
9892.2 17.45206604901295
9896.4 17.44203133193108
9900.6 17.431901654657132
9904.8 17.421676128400396
9909.0 17.411353861527015
9913.2 17.40093395968713
9917.4 17.390415525945382
9921.6 17.379797660914857
9925.8 17.369079462894597
9930.0 17.358260028010623
9934.2 17.34733845036057
9938.4 17.336313822161994
9942.6 17.325185233904328
9946.8 17.3139517745047
9951.0 17.302612531467435
9955.2 17.2911665910475
9959.4 17.279613038417807
9963.6 17.26795095784052
9967.8 17.256179432842337
9972.0 17.244297546393877
9976.2 17.232304381093154
9980.4 17.22019901935324
9984.6 17.207980543594164
9988.8 17.195648036439113
9993.0 17.1832005809149
9997.2 17.170637260656935
10001.4 17.157957160118585
10005.6 17.145159364785023
10009.8 17.132242961391718
10014.0 17.11920703814748
10018.2 17.106050684962263
10022.4 17.092772993679628
10026.6 17.079373058314058
10030.8 17.065849975293165
10035.0 17.052202843704723
10039.2 17.038430765548828
10043.4 17.024532845994948
10047.6 17.010508193644206
10051.8 16.996355920796773
10056.0 16.9820751437245
10060.2 16.967664982948875
10064.4 16.953124563524323
10068.6 16.938453015326882
10072.8 16.92364947334851
10077.0 16.90871307799678
10081.2 16.89364297540032
10085.4 16.87843831771991
10089.6 16.8630982634653
10093.8 16.8476219778179
10098.0 16.83200863295935
10102.2 16.816257408406038
10106.4 16.800367491349697
10110.6 16.784338077004005
10114.8 16.76816836895751
10119.0 16.751857579532626
10123.2 16.735404930151102
10127.4 16.71880965170577
10131.6 16.702070984938814
10135.8 16.685188180826554
10140.0 16.668160500970814
10144.2 16.650987217997034
10148.4 16.63366761595909
10152.6 16.61620099075095
10156.8 16.5985866505253
10161.0 16.580823916119044
10165.2 16.562912121486008
10169.4 16.544850614136685
10173.6 16.526638755585214
10177.8 16.50827592180375
10182.0 16.489761503684058
10186.2 16.471094907506743
10190.4 16.452275555417888
10194.6 16.43330288591339
10198.8 16.414176354330966
10203.0 16.394895433349998
10207.2 16.375459613499192
